,square,rectangle,parallelogram,losange,isoTrapezoid,kite,rightKite,rustedHinge,hinge,trapezoid,random
square,1.1102230246251565e-16,0.0533106057408933,0.14471566248198564,0.19877166769137777,0.12425874208895038,0.11785646316976339,0.1026764438223906,0.16915026956939883,0.13970316656448156,0.12498938382886515,0.1958989485370678
rectangle,0.0533106057408933,0.0,0.09393585327200249,0.1587061638155336,0.16850298045473688,0.14625056768535283,0.13411115395104245,0.15488303509420398,0.11333013820318494,0.14237526554554802,0.2139791489477254
parallelogram,0.14471566248198564,0.09393585327200249,0.0,0.0388298077364877,0.15902824614989008,0.14929260389901622,0.13599823904031272,0.13826337244496423,0.10739065247058555,0.08641446685353238,0.13965030898610498
losange,0.19877166769137777,0.1587061638155336,0.0388298077364877,0.0,0.17592242416869208,0.1800109980068768,0.16709979772124084,0.15522720268396717,0.1373563264627452,0.09761738215882387,0.11756778238520016
isoTrapezoid,0.12425874208895038,0.16850298045473688,0.15902824614989008,0.17592242416869208,0.0,0.07697097572658507,0.054948358409616316,0.1492889947005691,0.14649177321004603,0.06447652066282406,0.09581013551856199
kite,0.11785646316976339,0.14625056768535283,0.14929260389901622,0.1800109980068768,0.07697097572658507,0.0,0.033854622803928036,0.1374436837475429,0.12795298666871469,0.1189293566409032,0.14292207202760787
rightKite,0.1026764438223906,0.13411115395104245,0.13599823904031272,0.16709979772124084,0.054948358409616316,0.033854622803928036,0.0,0.12280307854371686,0.11283945512082416,0.07835499731008533,0.12106233764081575
rustedHinge,0.16915026956939883,0.15488303509420398,0.13826337244496423,0.15522720268396717,0.1492889947005691,0.1374436837475429,0.12280307854371686,0.0,0.01635069602208694,0.13540026267177463,0.13031075562733796
hinge,0.13970316656448156,0.11333013820318494,0.10739065247058555,0.1373563264627452,0.14649177321004603,0.12795298666871469,0.11283945512082416,0.01635069602208694,0.0,0.12066591034522356,0.12815594270399533
trapezoid,0.12498938382886515,0.14237526554554802,0.08641446685353238,0.09761738215882387,0.06447652066282406,0.1189293566409032,0.07835499731008533,0.13540026267177463,0.12066591034522356,0.0,0.05254576336969452
random,0.1958989485370678,0.2139791489477254,0.13965030898610498,0.11756778238520016,0.09581013551856199,0.14292207202760787,0.12106233764081575,0.13031075562733796,0.12815594270399533,0.05254576336969452,0.0
