,square,rectangle,parallelogram,losange,isoTrapezoid,kite,rightKite,rustedHinge,hinge,trapezoid,random
square,0.0,0.013643344473456831,0.021555668214111146,0.03008640152724429,0.008224917097156004,0.005627031550068495,0.003927507655911655,0.014732987626574712,0.014084652766266359,0.00913220422029859,0.01807829554697038
rectangle,0.013643344473456831,0.0,0.007556337102686106,0.01646599580736352,0.023262449338424918,0.015485851909826653,0.014647509164405492,0.008507762188658563,0.005323964499897582,0.015439833123163882,0.024875956140527067
parallelogram,0.021555668214111146,0.007556337102686106,0.0,0.0075928371760357605,0.027430427282890357,0.02290743642868931,0.020071950943164052,0.012629639814501381,0.009159225039346186,0.015448788242258593,0.023447900683533973
losange,0.03008640152724429,0.01646599580736352,0.0075928371760357605,0.0,0.03012194250928235,0.0296865482955595,0.027460217848968904,0.016122279411054263,0.014484490627068358,0.01717239734493825,0.01775585706836269
isoTrapezoid,0.008224917097156004,0.023262449338424918,0.027430427282890357,0.03012194250928235,0.0,0.008238235163459118,0.007482520541883364,0.02237678760061146,0.02282191146218615,0.009927816487651953,0.0138184799048785
kite,0.005627031550068495,0.015485851909826653,0.02290743642868931,0.0296865482955595,0.008238235163459118,0.0,0.004181855065636286,0.01915197322284745,0.01879660839687125,0.014615889789569403,0.02163724341032114
rightKite,0.003927507655911655,0.014647509164405492,0.020071950943164052,0.027460217848968904,0.007482520541883364,0.004181855065636286,0.0,0.017430211197815293,0.01673600544103071,0.008677722614370165,0.018806480138611636
rustedHinge,0.014732987626574712,0.008507762188658563,0.012629639814501381,0.016122279411054263,0.02237678760061146,0.01915197322284745,0.017430211197815293,0.0,0.0015277106096618365,0.015414021827611868,0.01929275653498108
hinge,0.014084652766266359,0.005323964499897582,0.009159225039346186,0.014484490627068358,0.02282191146218615,0.01879660839687125,0.01673600544103071,0.0015277106096618365,0.0,0.014313041825406603,0.019784574981696945
trapezoid,0.00913220422029859,0.015439833123163882,0.015448788242258593,0.01717239734493825,0.009927816487651953,0.014615889789569403,0.008677722614370165,0.015414021827611868,0.014313041825406603,0.0,0.008109853536994338
random,0.01807829554697038,0.024875956140527067,0.023447900683533973,0.01775585706836269,0.0138184799048785,0.02163724341032114,0.018806480138611636,0.01929275653498108,0.019784574981696945,0.008109853536994338,1.1102230246251565e-16
