,square,rectangle,parallelogram,losange,isoTrapezoid,kite,rightKite,rustedHinge,hinge,trapezoid,random
square,0.0,0.006827869854844293,0.010276241259940644,0.014474794473512742,0.0038739211934031292,0.002729530772873634,0.0019727034567335044,0.007194517547612245,0.006971633146695466,0.004367374066458707,0.008931599899321352
rectangle,0.006827869854844293,0.0,0.0034042285049217247,0.00784976718921726,0.011390845685828044,0.007580967511444547,0.007354598443859217,0.004376478243397375,0.00279042338752844,0.007546488793121919,0.012272506784423709
parallelogram,0.010276241259940644,0.0034042285049217247,0.0,0.003750892750130186,0.01332471384979772,0.01106807461413506,0.009930631294973291,0.006154453600257459,0.004356639924139927,0.007575241455983317,0.011461549005328586
losange,0.014474794473512742,0.00784976718921726,0.003750892750130186,2.220446049250313e-16,0.014782129199931937,0.014578013808276835,0.01367544085499428,0.007737897914906422,0.006730874178296431,0.00853747612417144,0.008714838481480136
isoTrapezoid,0.0038739211934031292,0.011390845685828044,0.01332471384979772,0.014782129199931937,2.220446049250313e-16,0.004196265236134811,0.0035675694311460004,0.010723583163225192,0.011065787857127751,0.004759309828990199,0.006976067004691888
kite,0.002729530772873634,0.007580967511444547,0.01106807461413506,0.014578013808276835,0.004196265236134811,0.0,0.0020121552696568124,0.009620721005484723,0.009425279638265782,0.007068939492174575,0.010776443654687995
rightKite,0.0019727034567335044,0.007354598443859217,0.009930631294973291,0.01367544085499428,0.0035675694311460004,0.0020121552696568124,0.0,0.008674561496958666,0.008448014284651473,0.0043551565252512026,0.009516350322106848
rustedHinge,0.007194517547612245,0.004376478243397375,0.006154453600257459,0.007737897914906422,0.010723583163225192,0.009620721005484723,0.008674561496958666,0.0,0.0008500807569614688,0.007371442025410291,0.009326575457778263
hinge,0.006971633146695466,0.00279042338752844,0.004356639924139927,0.006730874178296431,0.011065787857127751,0.009425279638265782,0.008448014284651473,0.0008500807569614688,0.0,0.006848718428796419,0.009557002038402374
trapezoid,0.004367374066458707,0.007546488793121919,0.007575241455983317,0.00853747612417144,0.004759309828990199,0.007068939492174575,0.0043551565252512026,0.007371442025410291,0.006848718428796419,0.0,0.004159748167591126
random,0.008931599899321352,0.012272506784423709,0.011461549005328586,0.008714838481480136,0.006976067004691888,0.010776443654687995,0.009516350322106848,0.009326575457778263,0.009557002038402374,0.004159748167591126,2.220446049250313e-16
