,square,rectangle,parallelogram,losange,isoTrapezoid,kite,rightKite,rustedHinge,hinge,trapezoid,random
square,0.0,0.022684015932122104,0.06875231114039126,0.09160054500858883,0.020237154391541168,0.01722912292512324,0.0117592642333475,0.0434620630079795,0.026089066609826905,0.021838033683149738,0.024001228417169007
rectangle,0.022684015932122104,0.0,0.027581617160615246,0.045722188390661334,0.06471520047756074,0.036900873492983544,0.0377129366280643,0.06850509298313068,0.03407697817286759,0.02200537307045103,0.041475021797718226
parallelogram,0.06875231114039126,0.027581617160615246,0.0,0.0034674588708710763,0.13479694105223627,0.11239052401808636,0.09932539385997663,0.08004139877140481,0.038753779035800684,0.026198412978258312,0.048187582897183834
losange,0.09160054500858883,0.045722188390661334,0.0034674588708710763,0.0,0.16306829537322232,0.14246155721398002,0.12602513399426074,0.09292562743584287,0.0504815595957081,0.037576521793549866,0.05924449340305049
isoTrapezoid,0.020237154391541168,0.06471520047756074,0.13479694105223627,0.16306829537322232,1.1102230246251565e-16,0.014491678835247268,0.006515768912052189,0.055641892205508414,0.05870799195963072,0.06698560436194356,0.057372647109984576
kite,0.01722912292512324,0.036900873492983544,0.11239052401808636,0.14246155721398002,0.014491678835247268,0.0,0.006559120186366951,0.07813184897729164,0.06540591896177561,0.06193001680461485,0.06621936053128286
rightKite,0.0117592642333475,0.0377129366280643,0.09932539385997663,0.12602513399426074,0.006515768912052189,0.006559120186366951,0.0,0.04740813044250469,0.042878366749421026,0.04812390717279591,0.046555623136010915
rustedHinge,0.0434620630079795,0.06850509298313068,0.08004139877140481,0.09292562743584287,0.055641892205508414,0.07813184897729164,0.04740813044250469,0.0,0.011279800969786646,0.04138851970226343,0.02801299464200957
hinge,0.026089066609826905,0.03407697817286759,0.038753779035800684,0.0504815595957081,0.05870799195963072,0.06540591896177561,0.042878366749421026,0.011279800969786646,0.0,0.012582258298821647,0.009625614553137263
trapezoid,0.021838033683149738,0.02200537307045103,0.026198412978258312,0.037576521793549866,0.06698560436194356,0.06193001680461485,0.04812390717279591,0.04138851970226343,0.012582258298821647,1.1102230246251565e-16,0.006815008513050502
random,0.024001228417169007,0.041475021797718226,0.048187582897183834,0.05924449340305049,0.057372647109984576,0.06621936053128286,0.046555623136010915,0.02801299464200957,0.009625614553137263,0.006815008513050502,1.1102230246251565e-16
