,square,rectangle,parallelogram,losange,isoTrapezoid,kite,rightKite,rustedHinge,hinge,trapezoid,random
square,1.1102230246251565e-16,0.018741337157380467,0.031395820059173296,0.04488555503579805,0.01245011833216736,0.009449163150042406,0.0071210855510031035,0.022778771118288632,0.020836389387319243,0.014787611802519973,0.027697628108541927
rectangle,0.018741337157380467,1.1102230246251565e-16,0.012451796023026929,0.026625475932872678,0.03390845610571436,0.02296738102978302,0.02199988205003578,0.015128756281650335,0.009436005161416516,0.02319536421720303,0.03769168948900059
parallelogram,0.031395820059173296,0.012451796023026929,1.1102230246251565e-16,0.011582809860067989,0.0407242203894882,0.0356352805034611,0.03039021007608611,0.02271800998024709,0.016286186230807798,0.021416031816879788,0.03418458569171545
losange,0.04488555503579805,0.026625475932872678,0.011582809860067989,1.1102230246251565e-16,0.046186335549754265,0.04679848065246295,0.04253513239199558,0.02766119960197555,0.024236533116351544,0.024919090929868326,0.026890492641301167
isoTrapezoid,0.01245011833216736,0.03390845610571436,0.0407242203894882,0.046186335549754265,0.0,0.013491560681004544,0.011846615547490336,0.03475600514008481,0.034486598543153835,0.015509569157647118,0.021652384115571466
kite,0.009449163150042406,0.02296738102978302,0.0356352805034611,0.04679848065246295,0.013491560681004544,0.0,0.00681234729120439,0.031868464196261215,0.030723695235031268,0.02458595467029534,0.0352115002490383
rightKite,0.0071210855510031035,0.02199988205003578,0.03039021007608611,0.04253513239199558,0.011846615547490336,0.00681234729120439,1.1102230246251565e-16,0.030026249417731354,0.028243120059326943,0.014573316691837479,0.02984897777204709
rustedHinge,0.022778771118288632,0.015128756281650335,0.02271800998024709,0.02766119960197555,0.03475600514008481,0.031868464196261215,0.030026249417731354,0.0,0.002544733128287513,0.02534165489869955,0.02973820322669052
hinge,0.020836389387319243,0.009436005161416516,0.016286186230807798,0.024236533116351544,0.034486598543153835,0.030723695235031268,0.028243120059326943,0.002544733128287513,0.0,0.02250414617270713,0.029508057901743046
trapezoid,0.014787611802519973,0.02319536421720303,0.021416031816879788,0.024919090929868326,0.015509569157647118,0.02458595467029534,0.014573316691837479,0.02534165489869955,0.02250414617270713,0.0,0.01180927286186606
random,0.027697628108541927,0.03769168948900059,0.03418458569171545,0.026890492641301167,0.021652384115571466,0.0352115002490383,0.02984897777204709,0.02973820322669052,0.029508057901743046,0.01180927286186606,0.0
