,square,rectangle,parallelogram,losange,isoTrapezoid,kite,rightKite,rustedHinge,hinge,trapezoid,random
square,0.0,0.0687470258000975,0.13388821530961492,0.16743440681320043,0.11915223000258668,0.10853428906745455,0.0986240307422237,0.15702185488184817,0.136457401150062,0.11482132579804605,0.1651998975414266
rectangle,0.0687470258000975,0.0,0.08244748895849041,0.1340744558513789,0.15394275584576889,0.1330424775967396,0.1279071789154166,0.1383587854905718,0.10773011954526357,0.12889342956459993,0.17990517620890834
parallelogram,0.13388821530961492,0.08244748895849041,1.1102230246251565e-16,0.04012891723593004,0.1373095998543653,0.12965198240572418,0.11953452901076567,0.11555632339781374,0.09474644745044658,0.08588807933439413,0.12684378601342838
losange,0.16743440681320043,0.1340744558513789,0.04012891723593004,0.0,0.1485208373540443,0.14861693238210216,0.13975598376730347,0.12447347719865465,0.11552751916138237,0.09512221582352676,0.1089306296358995
isoTrapezoid,0.11915223000258668,0.15394275584576889,0.1373095998543653,0.1485208373540443,0.0,0.06565079238621585,0.05252059683864585,0.12078978138918406,0.1178326032105389,0.06300481950644943,0.08027014690430201
kite,0.10853428906745455,0.1330424775967396,0.12965198240572418,0.14861693238210216,0.06565079238621585,0.0,0.032971134801667024,0.11758829933984427,0.10962122664304397,0.10023951321987368,0.11657599509090277
rightKite,0.0986240307422237,0.1279071789154166,0.11953452901076567,0.13975598376730347,0.05252059683864585,0.032971134801667024,0.0,0.1110179941361128,0.10087078858001242,0.07131432570843521,0.10418893474875801
rustedHinge,0.15702185488184817,0.1383587854905718,0.11555632339781374,0.12447347719865465,0.12078978138918406,0.11758829933984427,0.1110179941361128,1.1102230246251565e-16,0.016230870382627383,0.10875197448397023,0.10198986695794177
hinge,0.136457401150062,0.10773011954526357,0.09474644745044658,0.11552751916138237,0.1178326032105389,0.10962122664304397,0.10087078858001242,0.016230870382627383,0.0,0.09848396049438823,0.10229445923885527
trapezoid,0.11482132579804605,0.12889342956459993,0.08588807933439413,0.09512221582352676,0.06300481950644943,0.10023951321987368,0.07131432570843521,0.10875197448397023,0.09848396049438823,0.0,0.05056975312972978
random,0.1651998975414266,0.17990517620890834,0.12684378601342838,0.1089306296358995,0.08027014690430201,0.11657599509090277,0.10418893474875801,0.10198986695794177,0.10229445923885527,0.05056975312972978,0.0
