,square,rectangle,parallelogram,losange,isoTrapezoid,kite,rightKite,rustedHinge,hinge,trapezoid,random
square,0.0,0.03638968214901428,0.06432626311998213,0.0785772011354372,0.03410370462733103,0.021407601269579524,0.018802583764323866,0.047384593583415624,0.03105930415084912,0.02713615899128874,0.03796740402505938
rectangle,0.03638968214901428,0.0,0.02125935851340388,0.03885157360132008,0.10645159869822651,0.048744183178683564,0.06607975463686078,0.09265438023027073,0.04666162764512938,0.04022473027689677,0.07224679506814569
parallelogram,0.06432626311998213,0.02125935851340388,0.0,0.009756157987504399,0.13474967369349222,0.07998843727589933,0.09094915596557174,0.09990316362150065,0.05200498621504479,0.03407132910690247,0.06432182989919721
losange,0.0785772011354372,0.03885157360132008,0.009756157987504399,0.0,0.14440869621918595,0.09309757116701145,0.10300092746744272,0.10488564948558121,0.060220759277033964,0.03732130409600376,0.059523233952724186
isoTrapezoid,0.03410370462733103,0.10645159869822651,0.13474967369349222,0.14440869621918595,0.0,0.0307255807743132,0.0166367675500938,0.05958088513405313,0.06898553553780329,0.060014488020590284,0.05280014194985261
kite,0.021407601269579524,0.048744183178683564,0.07998843727589933,0.09309757116701145,0.0307255807743132,0.0,0.012633929551291612,0.06973847105727926,0.055517595428264954,0.047805750370976674,0.056702884222482375
rightKite,0.018802583764323866,0.06607975463686078,0.09094915596557174,0.10300092746744272,0.0166367675500938,0.012633929551291612,0.0,0.049832918569912454,0.04639693129927991,0.038467754111002006,0.04320391127841505
rustedHinge,0.047384593583415624,0.09265438023027073,0.09990316362150065,0.10488564948558121,0.05958088513405313,0.06973847105727926,0.049832918569912454,0.0,0.012824821034371436,0.055604701707567816,0.04281879243484221
hinge,0.03105930415084912,0.04666162764512938,0.05200498621504479,0.060220759277033964,0.06898553553780329,0.055517595428264954,0.04639693129927991,0.012824821034371436,0.0,0.030603242888256887,0.03132797879406457
trapezoid,0.02713615899128874,0.04022473027689677,0.03407132910690247,0.03732130409600376,0.060014488020590284,0.047805750370976674,0.038467754111002006,0.055604701707567816,0.030603242888256887,0.0,0.013952751785087036
random,0.03796740402505938,0.07224679506814569,0.06432182989919721,0.059523233952724186,0.05280014194985261,0.056702884222482375,0.04320391127841505,0.04281879243484221,0.03132797879406457,0.013952751785087036,0.0
