,square,rectangle,parallelogram,losange,isoTrapezoid,kite,rightKite,rustedHinge,hinge,trapezoid,random
square,0.0,0.08018618215776041,0.15996251396406014,0.21241440648140397,0.15741148330237276,0.1367602751158542,0.12528715909776278,0.20874565551425472,0.17412451811495622,0.14519681570724874,0.21852405587431933
rectangle,0.08018618215776041,0.0,0.10832971468333952,0.18198261925959114,0.20685145628842783,0.17719113446274992,0.16848577428948974,0.19740318000808132,0.14719626531689567,0.17207607648434453,0.24447476019211223
parallelogram,0.15996251396406014,0.10832971468333952,0.0,0.05416917825440326,0.18111661773708543,0.16450276099581362,0.15183222190748435,0.15693066480516749,0.12250681851309908,0.10957001027138336,0.16695989335591865
losange,0.21241440648140397,0.18198261925959114,0.05416917825440326,2.220446049250313e-16,0.19386572581948347,0.19029276022799146,0.18068948656016148,0.1647436120369702,0.14962055825024123,0.12123871646260342,0.14140294403246634
isoTrapezoid,0.15741148330237276,0.20685145628842783,0.18111661773708543,0.19386572581948347,0.0,0.09210393659801808,0.07473078366368613,0.1625331824965638,0.15849308342113866,0.08286911634799421,0.10675561866217409
kite,0.1367602751158542,0.17719113446274992,0.16450276099581362,0.19029276022799146,0.09210393659801808,0.0,0.03985712250802176,0.14550274101245564,0.13295451389935353,0.12817287811339473,0.14831651181166716
rightKite,0.12528715909776278,0.16848577428948974,0.15183222190748435,0.18068948656016148,0.07473078366368613,0.03985712250802176,0.0,0.13979697986522355,0.12483608462438511,0.09174423282627875,0.13416887961009172
rustedHinge,0.20874565551425472,0.19740318000808132,0.15693066480516749,0.1647436120369702,0.1625331824965638,0.14550274101245564,0.13979697986522355,0.0,0.02359515891077535,0.15389697829506488,0.14017970506152433
hinge,0.17412451811495622,0.14719626531689567,0.12250681851309908,0.14962055825024123,0.15849308342113866,0.13295451389935353,0.12483608462438511,0.02359515891077535,0.0,0.13485993876751268,0.13924164769364333
trapezoid,0.14519681570724874,0.17207607648434453,0.10957001027138336,0.12123871646260342,0.08286911634799421,0.12817287811339473,0.09174423282627875,0.15389697829506488,0.13485993876751268,0.0,0.06841351365370507
random,0.21852405587431933,0.24447476019211223,0.16695989335591865,0.14140294403246634,0.10675561866217409,0.14831651181166716,0.13416887961009172,0.14017970506152433,0.13924164769364333,0.06841351365370507,0.0
