,square,rectangle,parallelogram,losange,isoTrapezoid,kite,rightKite,rustedHinge,hinge,trapezoid,random
square,0.0,0.012777482130868933,0.02127250703554895,0.02960355993520103,0.0075142422223573035,0.005455097949062515,0.003792672197588942,0.0141916913760336,0.013275570428323391,0.009001817854296879,0.01746065050549528
rectangle,0.012777482130868933,0.0,0.0075451590474777674,0.016602038710498923,0.022231858776713853,0.014638314646944539,0.014016880056684111,0.00918570579046063,0.005531789061683168,0.014832144873733077,0.024553665813637826
parallelogram,0.02127250703554895,0.0075451590474777674,0.0,0.007010786638049882,0.027203473882413398,0.023056266481989218,0.01991516892727263,0.01325042046406777,0.00929312401160487,0.01447011972703205,0.02260283274742747
losange,0.02960355993520103,0.016602038710498923,0.007010786638049882,0.0,0.030217938717686077,0.029742248978385177,0.027029593517291173,0.016625774732807352,0.01452652556831846,0.016237826270779077,0.01760497015128959
isoTrapezoid,0.0075142422223573035,0.022231858776713853,0.027203473882413398,0.030217938717686077,0.0,0.007932852893484443,0.00674333699337526,0.021047216718899753,0.021427268067144345,0.009538012660571416,0.013264114811645134
kite,0.005455097949062515,0.014638314646944539,0.023056266481989218,0.029742248978385177,0.007932852893484443,0.0,0.003881537736714069,0.018521906806801658,0.018058266777989607,0.014570088447813268,0.021391158175586455
rightKite,0.003792672197588942,0.014016880056684111,0.01991516892727263,0.027029593517291173,0.00674333699337526,0.003881537736714069,0.0,0.01676994143553656,0.016047139067104865,0.008522262025561389,0.01785291944408507
rustedHinge,0.0141916913760336,0.00918570579046063,0.01325042046406777,0.016625774732807352,0.021047216718899753,0.018521906806801658,0.01676994143553656,0.0,0.0015499651842207918,0.014675587998579376,0.018026479366581638
hinge,0.013275570428323391,0.005531789061683168,0.00929312401160487,0.01452652556831846,0.021427268067144345,0.018058266777989607,0.016047139067104865,0.0015499651842207918,2.220446049250313e-16,0.013326529211311056,0.018465405689197634
trapezoid,0.009001817854296879,0.014832144873733077,0.01447011972703205,0.016237826270779077,0.009538012660571416,0.014570088447813268,0.008522262025561389,0.014675587998579376,0.013326529211311056,0.0,0.007383495383133543
random,0.01746065050549528,0.024553665813637826,0.02260283274742747,0.01760497015128959,0.013264114811645134,0.021391158175586455,0.01785291944408507,0.018026479366581638,0.018465405689197634,0.007383495383133543,0.0
