,square,rectangle,parallelogram,losange,isoTrapezoid,kite,rightKite,rustedHinge,hinge,trapezoid,random
square,1.1102230246251565e-16,0.06624086525109363,0.14451978391134745,0.18881904487839207,0.1341926766339091,0.12190991322444511,0.107458724035851,0.175387847957307,0.1498077414472594,0.129707790366846,0.19157408370567153
rectangle,0.06624086525109363,1.1102230246251565e-16,0.0942776631063944,0.1581975956864199,0.17292986395389276,0.14675460113464345,0.137620822790415,0.16312942773703598,0.12385964685390238,0.14601768089056488,0.20775779768791347
parallelogram,0.14451978391134745,0.0942776631063944,1.1102230246251565e-16,0.04153236704472574,0.15900357997331405,0.1415620660188598,0.1335014458075554,0.13603890893811743,0.10868521016414334,0.0923979040833327,0.14052502940504374
losange,0.18881904487839207,0.1581975956864199,0.04153236704472574,0.0,0.17530826629833973,0.1684409674288403,0.16065049019187072,0.14840860171008619,0.13432700607673465,0.10520663657517271,0.12401193806186661
isoTrapezoid,0.1341926766339091,0.17292986395389276,0.15900357997331405,0.17530826629833973,0.0,0.08031930275962229,0.06259698266874314,0.14251627857014537,0.13898000910354213,0.07207090707529429,0.09574802205518296
kite,0.12190991322444511,0.14675460113464345,0.1415620660188598,0.1684409674288403,0.08031930275962229,0.0,0.034276949826875014,0.12336545094601437,0.11240253761532315,0.11387185982302162,0.12861443521165605
rightKite,0.107458724035851,0.137620822790415,0.1335014458075554,0.16065049019187072,0.06259698266874314,0.034276949826875014,0.0,0.11651785044136576,0.1051804693001861,0.08321258631092365,0.11695821509041204
rustedHinge,0.175387847957307,0.16312942773703598,0.13603890893811743,0.14840860171008619,0.14251627857014537,0.12336545094601437,0.11651785044136576,0.0,0.017879885216099733,0.12845109395226006,0.11653195784701631
hinge,0.1498077414472594,0.12385964685390238,0.10868521016414334,0.13432700607673465,0.13898000910354213,0.11240253761532315,0.1051804693001861,0.017879885216099733,0.0,0.11465851097983415,0.1154489640176598
trapezoid,0.129707790366846,0.14601768089056488,0.0923979040833327,0.10520663657517271,0.07207090707529429,0.11387185982302162,0.08321258631092365,0.12845109395226006,0.11465851097983415,0.0,0.055877434609953425
random,0.19157408370567153,0.20775779768791347,0.14052502940504374,0.12401193806186661,0.09574802205518296,0.12861443521165605,0.11695821509041204,0.11653195784701631,0.1154489640176598,0.055877434609953425,0.0
