,square,rectangle,parallelogram,losange,isoTrapezoid,kite,rightKite,rustedHinge,hinge,trapezoid,random
square,1.1102230246251565e-16,0.018567596358297522,0.0289982496891924,0.04172859456157685,0.01015238335484081,0.0073206319590106705,0.004980375093177725,0.0197028237480964,0.019035113312719676,0.012055319016475163,0.024225935321195102
rectangle,0.018567596358297522,0.0,0.008858863396676409,0.020670186514178623,0.02876292112982448,0.020487060730987716,0.01979452654166436,0.011808180700090043,0.007313717086721794,0.020444659921664554,0.03171143051580605
parallelogram,0.0289982496891924,0.008858863396676409,1.1102230246251565e-16,0.010069586671489827,0.03559539176741455,0.030751821374032318,0.027671519011908563,0.016623703808270607,0.011554327505463258,0.021379079095852904,0.031236272858104264
losange,0.04172859456157685,0.020670186514178623,0.010069586671489827,0.0,0.04105229889078821,0.04137307187029582,0.0390007258490177,0.020687953461190567,0.017902757503600375,0.025031826155493708,0.02456362398244516
isoTrapezoid,0.01015238335484081,0.02876292112982448,0.03559539176741455,0.04105229889078821,1.1102230246251565e-16,0.010734944826524595,0.009343602409213059,0.02792258877147613,0.028376754122502734,0.01262243418948339,0.018747710025604825
kite,0.0073206319590106705,0.020487060730987716,0.030751821374032318,0.04137307187029582,0.010734944826524595,1.1102230246251565e-16,0.0053403569333178025,0.02601686954168947,0.025320209848243458,0.019706956567544842,0.029238787844408254
rightKite,0.004980375093177725,0.01979452654166436,0.027671519011908563,0.0390007258490177,0.009343602409213059,0.0053403569333178025,1.1102230246251565e-16,0.02331783001000931,0.022551331007535702,0.012095362559849443,0.026158840199738354
rustedHinge,0.0197028237480964,0.011808180700090043,0.016623703808270607,0.020687953461190567,0.02792258877147613,0.02601686954168947,0.02331783001000931,0.0,0.0020334124044935065,0.01996935809815159,0.023538855810044224
hinge,0.019035113312719676,0.007313717086721794,0.011554327505463258,0.017902757503600375,0.028376754122502734,0.025320209848243458,0.022551331007535702,0.0020334124044935065,0.0,0.018457610176066952,0.02414387022589337
trapezoid,0.012055319016475163,0.020444659921664554,0.021379079095852904,0.025031826155493708,0.01262243418948339,0.019706956567544842,0.012095362559849443,0.01996935809815159,0.018457610176066952,0.0,0.011578532269352126
random,0.024225935321195102,0.03171143051580605,0.031236272858104264,0.02456362398244516,0.018747710025604825,0.029238787844408254,0.026158840199738354,0.023538855810044224,0.02414387022589337,0.011578532269352126,0.0
