,square,rectangle,parallelogram,losange,isoTrapezoid,kite,rightKite,rustedHinge,hinge,trapezoid,random
square,0.0,0.07107765138579414,0.10054468137283301,0.1396554763921486,0.043080107269378165,0.028642605706897695,0.02045641845611268,0.07244159726822241,0.07123027166198559,0.044081245543144965,0.0901571340201679
rectangle,0.07107765138579414,0.0,0.03599631941357895,0.08260759628791081,0.13241541839960813,0.08200990419730614,0.07689797034807055,0.04382227174316411,0.028270730215526396,0.07991453935719939,0.1349676675502468
parallelogram,0.10054468137283301,0.03599631941357895,0.0,0.03804568220112925,0.14107558778599283,0.10987582655249761,0.09625818360362726,0.06014497406475938,0.04425120818492323,0.07672357813242858,0.12052050872485776
losange,0.1396554763921486,0.08260759628791081,0.03804568220112925,0.0,0.15076087597327448,0.14130307239551365,0.1300939331574672,0.0757930130236465,0.06864450152753876,0.08308403355401883,0.08755100684487538
isoTrapezoid,0.043080107269378165,0.13241541839960813,0.14107558778599283,0.15076087597327448,1.1102230246251565e-16,0.04573113275140861,0.039859920710499375,0.11993328023849015,0.1254811624046237,0.05344359252075914,0.07517222167530346
kite,0.028642605706897695,0.08200990419730614,0.10987582655249761,0.14130307239551365,0.04573113275140861,1.1102230246251565e-16,0.020744748795832435,0.10061612408560772,0.09968136072290323,0.06914620666561255,0.10736697863146571
rightKite,0.02045641845611268,0.07689797034807055,0.09625818360362726,0.1300939331574672,0.039859920710499375,0.020744748795832435,0.0,0.08791817583436912,0.08633794600952971,0.04275213383581289,0.09577326131100761
rustedHinge,0.07244159726822241,0.04382227174316411,0.06014497406475938,0.0757930130236465,0.11993328023849015,0.10061612408560772,0.08791817583436912,0.0,0.008491533915570004,0.07514056921998169,0.10134847275862935
hinge,0.07123027166198559,0.028270730215526396,0.04425120818492323,0.06864450152753876,0.1254811624046237,0.09968136072290323,0.08633794600952971,0.008491533915570004,1.1102230246251565e-16,0.07134157713159073,0.10565390946270325
trapezoid,0.044081245543144965,0.07991453935719939,0.07672357813242858,0.08308403355401883,0.05344359252075914,0.06914620666561255,0.04275213383581289,0.07514056921998169,0.07134157713159073,1.1102230246251565e-16,0.04401484675537981
random,0.0901571340201679,0.1349676675502468,0.12052050872485776,0.08755100684487538,0.07517222167530346,0.10736697863146571,0.09577326131100761,0.10134847275862935,0.10565390946270325,0.04401484675537981,1.1102230246251565e-16
