,square,rectangle,parallelogram,losange,isoTrapezoid,kite,rightKite,rustedHinge,hinge,trapezoid,random
square,0.0,0.026033811965650577,0.03800750307379741,0.05513267457904347,0.01629427185038912,0.011871225355623127,0.007753226505769595,0.028353010638838105,0.027023407249485598,0.018249217991555766,0.037590949285048136
rectangle,0.026033811965650577,0.0,0.014647876343846455,0.03552829805957025,0.05453645761282655,0.03261154789288434,0.030289867949855886,0.018351344944529058,0.011316229584144244,0.032011638532147835,0.055803921303495096
parallelogram,0.03800750307379741,0.014647876343846455,2.220446049250313e-16,0.01536444970859363,0.055778732920847784,0.04433948114568065,0.037205294136546496,0.02522118470004442,0.01803356925697175,0.026752564794674027,0.046619099044693635
losange,0.05513267457904347,0.03552829805957025,0.01536444970859363,0.0,0.06040261329475338,0.05721590136381638,0.05179052153166075,0.032117997329197845,0.02916252954360843,0.030014771349386793,0.032924854023386185
isoTrapezoid,0.01629427185038912,0.05453645761282655,0.055778732920847784,0.06040261329475338,0.0,0.018338617325785678,0.015689039168936048,0.0498995643848843,0.05148684025733363,0.02151107818501219,0.032098115004036254
kite,0.011871225355623127,0.03261154789288434,0.04433948114568065,0.05721590136381638,0.018338617325785678,2.220446049250313e-16,0.008238396797299319,0.041163930598485665,0.040572762901566084,0.030060748892874134,0.04649654338559861
rightKite,0.007753226505769595,0.030289867949855886,0.037205294136546496,0.05179052153166075,0.015689039168936048,0.008238396797299319,0.0,0.036156963505664885,0.03486620219132042,0.01787649399837865,0.04112407777223859
rustedHinge,0.028353010638838105,0.018351344944529058,0.02522118470004442,0.032117997329197845,0.0498995643848843,0.041163930598485665,0.036156963505664885,0.0,0.002732401220681635,0.030953002955931508,0.0405442728558324
hinge,0.027023407249485598,0.011316229584144244,0.01803356925697175,0.02916252954360843,0.05148684025733363,0.040572762901566084,0.03486620219132042,0.002732401220681635,0.0,0.028590088163472083,0.04222699835785482
trapezoid,0.018249217991555766,0.032011638532147835,0.026752564794674027,0.030014771349386793,0.02151107818501219,0.030060748892874134,0.01787649399837865,0.030953002955931508,0.028590088163472083,0.0,0.016941382512517644
random,0.037590949285048136,0.055803921303495096,0.046619099044693635,0.032924854023386185,0.032098115004036254,0.04649654338559861,0.04112407777223859,0.0405442728558324,0.04222699835785482,0.016941382512517644,0.0
