,square,rectangle,parallelogram,losange,isoTrapezoid,kite,rightKite,rustedHinge,hinge,trapezoid,random
square,0.0,0.0031313474959628884,0.007845086414172475,0.01187657490619709,0.00481656980056866,0.004877652130283572,0.004640392683216699,0.0077399663639383665,0.006511083764809467,0.005534496056605831,0.009824931599708653
rectangle,0.0031313474959628884,1.1102230246251565e-16,0.004341910236806412,0.009269906128620886,0.009213352188765067,0.007179043281289044,0.007223179276352298,0.0068676729289679495,0.004956493707277798,0.007167736646342071,0.01227343715652407
parallelogram,0.007845086414172475,0.004341910236806412,1.1102230246251565e-16,0.002806368445049001,0.01054019162331632,0.010010052342630416,0.008868979349872297,0.00802185428037372,0.006291452282371601,0.005303078500958791,0.009479154775978382
losange,0.01187657490619709,0.009269906128620886,0.002806368445049001,0.0,0.012088404798539787,0.012748446038728711,0.011338260700527902,0.010085963307649104,0.009074065274085608,0.005789973083747735,0.007712062865052105
isoTrapezoid,0.00481656980056866,0.009213352188765067,0.01054019162331632,0.012088404798539787,0.0,0.003908875713868221,0.003287310875519589,0.00971423756600942,0.009435262130719657,0.0039037703767929033,0.006011158105879266
kite,0.004877652130283572,0.007179043281289044,0.010010052342630416,0.012748446038728711,0.003908875713868221,0.0,0.001914619159708253,0.008797178289130292,0.008268656182188638,0.00745413258451233,0.010001911984832357
rightKite,0.004640392683216699,0.007223179276352298,0.008868979349872297,0.011338260700527902,0.003287310875519589,0.001914619159708253,0.0,0.00800594676761901,0.007505160382357157,0.004663828887592647,0.007911541689706536
rustedHinge,0.0077399663639383665,0.0068676729289679495,0.00802185428037372,0.010085963307649104,0.00971423756600942,0.008797178289130292,0.00800594676761901,0.0,0.0007781890109590517,0.008292840059090811,0.008803311662958335
hinge,0.006511083764809467,0.004956493707277798,0.006291452282371601,0.009074065274085608,0.009435262130719657,0.008268656182188638,0.007505160382357157,0.0007781890109590517,1.1102230246251565e-16,0.007422394667612742,0.008530602195592762
trapezoid,0.005534496056605831,0.007167736646342071,0.005303078500958791,0.005789973083747735,0.0039037703767929033,0.00745413258451233,0.004663828887592647,0.008292840059090811,0.007422394667612742,0.0,0.003031303712679123
random,0.009824931599708653,0.01227343715652407,0.009479154775978382,0.007712062865052105,0.006011158105879266,0.010001911984832357,0.007911541689706536,0.008803311662958335,0.008530602195592762,0.003031303712679123,1.1102230246251565e-16
