,square,rectangle,parallelogram,losange,isoTrapezoid,kite,rightKite,rustedHinge,hinge,trapezoid,random
square,0.0,0.005325303755647659,0.008028078473667377,0.011815414147000158,0.003376051855810691,0.0025343351412158155,0.0016220917945428681,0.005951991200939921,0.005550271319374356,0.003945458061553997,0.008053409223130359
rectangle,0.005325303755647659,0.0,0.003134403959531906,0.007744678248534087,0.011440792341627759,0.00676919015238775,0.006216345869480611,0.004044977021873231,0.002450156677980986,0.00671263449081394,0.011929913070982345
parallelogram,0.008028078473667377,0.003134403959531906,0.0,0.003255305295603139,0.011838847104718608,0.009423631649455588,0.007820131375498418,0.005474954559961165,0.00390017995969405,0.0054428866687999955,0.00978375853901503
losange,0.011815414147000158,0.007744678248534087,0.003255305295603139,0.0,0.013060877638241819,0.012298095026072264,0.011012075994052517,0.007048053790608577,0.006427772866900772,0.006207129860701266,0.006891456756488612
isoTrapezoid,0.003376051855810691,0.011440792341627759,0.011838847104718608,0.013060877638241819,0.0,0.003843487450883587,0.0032406494286746357,0.010518985778392498,0.01078416227149237,0.0046232041263329915,0.00692821108888253
kite,0.0025343351412158155,0.00676919015238775,0.009423631649455588,0.012298095026072264,0.003843487450883587,0.0,0.001730845492441957,0.008649212338869061,0.008455161917457543,0.006569400673090531,0.010041008351731273
rightKite,0.0016220917945428681,0.006216345869480611,0.007820131375498418,0.011012075994052517,0.0032406494286746357,0.001730845492441957,0.0,0.007579906440361772,0.007217449432710743,0.003856028195857175,0.008767714033276142
rustedHinge,0.005951991200939921,0.004044977021873231,0.005474954559961165,0.007048053790608577,0.010518985778392498,0.008649212338869061,0.007579906440361772,0.0,0.0005858329112400362,0.006542614886445919,0.008465025932655634
hinge,0.005550271319374356,0.002450156677980986,0.00390017995969405,0.006427772866900772,0.01078416227149237,0.008455161917457543,0.007217449432710743,0.0005858329112400362,2.220446049250313e-16,0.005991494444806955,0.008878851242111518
trapezoid,0.003945458061553997,0.00671263449081394,0.0054428866687999955,0.006207129860701266,0.0046232041263329915,0.006569400673090531,0.003856028195857175,0.006542614886445919,0.005991494444806955,0.0,0.0035108706391269173
random,0.008053409223130359,0.011929913070982345,0.00978375853901503,0.006891456756488612,0.00692821108888253,0.010041008351731273,0.008767714033276142,0.008465025932655634,0.008878851242111518,0.0035108706391269173,0.0
