,square,rectangle,parallelogram,losange,isoTrapezoid,kite,rightKite,rustedHinge,hinge,trapezoid,random
square,0.0,0.017983992290828144,0.026652588668234167,0.03688356107779367,0.01068470084446449,0.00766886068225392,0.00527308834037743,0.01872470314411223,0.018179841116454543,0.01168032102563843,0.024709470326084837
rectangle,0.017983992290828144,0.0,0.009155882354289102,0.022207512829793274,0.03498172451110548,0.021206297570475652,0.01988225759565221,0.012050770535950384,0.007599240935979967,0.020680438934681078,0.03680969800602518
parallelogram,0.026652588668234167,0.009155882354289102,0.0,0.009151011665721631,0.03775201827859842,0.0295863959660968,0.02575910928555103,0.016016812291220095,0.011455228574861476,0.018978253138844603,0.031381519904713384
losange,0.03688356107779367,0.022207512829793274,0.009151011665721631,0.0,0.040515662962327004,0.03787803650482868,0.03447299848114127,0.020500217144018285,0.018322660279365244,0.020366377821173787,0.02204261379837713
isoTrapezoid,0.01068470084446449,0.03498172451110548,0.03775201827859842,0.040515662962327004,0.0,0.011627752767390587,0.009821884837008188,0.0313338670558263,0.032830082263138216,0.013887319620161764,0.02029146133134274
kite,0.00766886068225392,0.021206297570475652,0.0295863959660968,0.03787803650482868,0.011627752767390587,0.0,0.005276222005701325,0.02677905008139947,0.02641757737471173,0.019096000154497306,0.030198343599263877
rightKite,0.00527308834037743,0.01988225759565221,0.02575910928555103,0.03447299848114127,0.009821884837008188,0.005276222005701325,0.0,0.023377711864510098,0.022783821612885058,0.011520179853823476,0.02634119747813779
rustedHinge,0.01872470314411223,0.012050770535950384,0.016016812291220095,0.020500217144018285,0.0313338670558263,0.02677905008139947,0.023377711864510098,0.0,0.0020773548997283786,0.0191774862361066,0.026338783408446975
hinge,0.018179841116454543,0.007599240935979967,0.011455228574861476,0.018322660279365244,0.032830082263138216,0.02641757737471173,0.022783821612885058,0.0020773548997283786,0.0,0.017955286167168127,0.02759595426793926
trapezoid,0.01168032102563843,0.020680438934681078,0.018978253138844603,0.020366377821173787,0.013887319620161764,0.019096000154497306,0.011520179853823476,0.0191774862361066,0.017955286167168127,0.0,0.011060422788220392
random,0.024709470326084837,0.03680969800602518,0.031381519904713384,0.02204261379837713,0.02029146133134274,0.030198343599263877,0.02634119747813779,0.026338783408446975,0.02759595426793926,0.011060422788220392,0.0
