,square,rectangle,parallelogram,losange,isoTrapezoid,kite,rightKite,rustedHinge,hinge,trapezoid,random
square,0.0,0.0019054433073950605,0.004562896554265672,0.006864162590064282,0.0026289905073877406,0.002669585189768786,0.0025143042439745855,0.004353243374918825,0.003714807655038732,0.0029074085750127043,0.005396322116911323
rectangle,0.0019054433073950605,0.0,0.002333067779091702,0.005123334949845959,0.005338446581536371,0.00402346848392332,0.004022659288248187,0.0037258086378814115,0.0026657650486857642,0.0038076408146754392,0.006856868460950238
parallelogram,0.004562896554265672,0.002333067779091702,0.0,0.001560411880681234,0.006112021626604736,0.005688135079500056,0.004911992159577716,0.004139440412142648,0.0031468946132453546,0.0028541315724905925,0.005085706420925984
losange,0.006864162590064282,0.005123334949845959,0.001560411880681234,0.0,0.007031763583748352,0.007314300817173769,0.006384476883435686,0.005271929065580827,0.004665841533113446,0.003234965200337614,0.004102336524424044
isoTrapezoid,0.0026289905073877406,0.005338446581536371,0.006112021626604736,0.007031763583748352,0.0,0.0021228135831357076,0.0018171138904671258,0.005457434433452257,0.005370444088876991,0.002249056528069282,0.003366532809517375
kite,0.002669585189768786,0.00402346848392332,0.005688135079500056,0.007314300817173769,0.0021228135831357076,0.0,0.001005047586757235,0.004941995967500001,0.0047110780936833185,0.004083383559094211,0.005603277169309195
rightKite,0.0025143042439745855,0.004022659288248187,0.004911992159577716,0.006384476883435686,0.0018171138904671258,0.001005047586757235,0.0,0.004482374613862805,0.004250723967528014,0.0024519562971707654,0.004349079169577497
rustedHinge,0.004353243374918825,0.0037258086378814115,0.004139440412142648,0.005271929065580827,0.005457434433452257,0.004941995967500001,0.004482374613862805,0.0,0.0004171808367011698,0.004278906087346823,0.00468062663788138
hinge,0.003714807655038732,0.0026657650486857642,0.0031468946132453546,0.004665841533113446,0.005370444088876991,0.0047110780936833185,0.004250723967528014,0.0004171808367011698,1.1102230246251565e-16,0.0038016902018338516,0.004539748987855807
trapezoid,0.0029074085750127043,0.0038076408146754392,0.0028541315724905925,0.003234965200337614,0.002249056528069282,0.004083383559094211,0.0024519562971707654,0.004278906087346823,0.0038016902018338516,0.0,0.001598101758256365
random,0.005396322116911323,0.006856868460950238,0.005085706420925984,0.004102336524424044,0.003366532809517375,0.005603277169309195,0.004349079169577497,0.00468062663788138,0.004539748987855807,0.001598101758256365,0.0
