,square,rectangle,parallelogram,losange,isoTrapezoid,kite,rightKite,rustedHinge,hinge,trapezoid,random
square,0.0,16.061844312480613,22.327992289672185,26.375436901203347,14.598355959236164,13.172183414563678,11.68455916575046,18.613026628112863,17.544490092567287,16.32168665144087,21.858682308319807
rectangle,16.061844312480613,0.0,16.11435445582349,22.270810022159132,22.658599166648084,19.11348752121299,18.45272151810679,15.928604439506321,12.709850700341876,19.993092934593342,25.281475048143935
parallelogram,22.327992289672185,16.11435445582349,0.0,13.891797331267059,24.859034836623827,24.66401540795788,21.832502678026316,20.092692803001142,17.384641114582582,17.904823180577857,22.922897921369188
losange,26.375436901203347,22.270810022159132,13.891797331267059,0.0,26.136793264226093,27.620038996831695,25.45393384048978,22.135339817391216,20.968645204969867,18.88529621041285,20.019164603549658
isoTrapezoid,14.598355959236164,22.658599166648084,24.859034836623827,26.136793264226093,0.0,14.621506666677874,13.834236637126992,23.29376548189979,23.042507662274378,15.982185966442385,18.976443520229687
kite,13.172183414563678,19.11348752121299,24.66401540795788,27.620038996831695,14.621506666677874,0.0,11.445944060078636,22.13042807013016,21.85532035156334,21.149113840795884,24.846158078220533
rightKite,11.68455916575046,18.45272151810679,21.832502678026316,25.45393384048978,13.834236637126992,11.445944060078636,0.0,21.735444987684307,21.0201119601039,15.611038611282611,22.092303498803613
rustedHinge,18.613026628112863,15.928604439506321,20.092692803001142,22.135339817391216,23.29376548189979,22.13042807013016,21.735444987684307,0.0,6.578244418806188,20.94753354787988,22.639844814977543
hinge,17.544490092567287,12.709850700341876,17.384641114582582,20.968645204969867,23.042507662274378,21.85532035156334,21.0201119601039,6.578244418806188,0.0,19.75199919864957,22.44373364507408
trapezoid,16.32168665144087,19.993092934593342,17.904823180577857,18.88529621041285,15.982185966442385,21.149113840795884,15.611038611282611,20.94753354787988,19.75199919864957,0.0,13.1951606180682
random,21.858682308319807,25.281475048143935,22.922897921369188,20.019164603549658,18.976443520229687,24.846158078220533,22.092303498803613,22.639844814977543,22.44373364507408,13.1951606180682,0.0
