,square,rectangle,parallelogram,losange,isoTrapezoid,kite,rightKite,rustedHinge,hinge,trapezoid,random
square,0.0,14.014476475538439,17.324270302929094,20.78037991573392,10.797243792852731,9.011531083023492,8.355949084851042,14.810519237479788,14.172403407625621,11.388642800979097,15.520004710533623
rectangle,14.014476475538439,0.0,10.661961622210272,15.103659586297162,16.643345020597387,14.380701485933223,14.480930340463157,11.217731176571094,8.97832668340194,14.868967404238639,17.35020927522975
parallelogram,17.324270302929094,10.661961622210272,0.0,11.779446574037975,18.447629924615068,17.533785384513305,16.65542584348683,13.763723795114826,11.96678420750916,15.422923897777702,17.818136233542234
losange,20.78037991573392,15.103659586297162,11.779446574037975,0.0,19.893814981865148,20.282601149179225,19.98692335670053,14.698150802815416,14.275228823390428,16.539132726845814,15.890499229867196
isoTrapezoid,10.797243792852731,16.643345020597387,18.447629924615068,19.893814981865148,0.0,10.769391292059545,10.522022172691775,16.9064989395275,16.632844163303417,11.636666403982483,14.068416008162913
kite,9.011531083023492,14.380701485933223,17.533785384513305,20.282601149179225,10.769391292059545,0.0,8.300404239787948,16.044652423888994,15.592239200856715,14.195129805971568,16.739804953178794
rightKite,8.355949084851042,14.480930340463157,16.65542584348683,19.98692335670053,10.522022172691775,8.300404239787948,0.0,15.70043667806334,15.17441575679208,11.49453021158132,16.203954386686675
rustedHinge,14.810519237479788,11.217731176571094,13.763723795114826,14.698150802815416,16.9064989395275,16.044652423888994,15.70043667806334,0.0,5.334698131169469,15.188789622089795,15.455205569472101
hinge,14.172403407625621,8.97832668340194,11.96678420750916,14.275228823390428,16.632844163303417,15.592239200856715,15.17441575679208,5.334698131169469,0.0,14.561940346723292,15.634198188423667
trapezoid,11.388642800979097,14.868967404238639,15.422923897777702,16.539132726845814,11.636666403982483,14.195129805971568,11.49453021158132,15.188789622089795,14.561940346723292,0.0,11.531865717270614
random,15.520004710533623,17.35020927522975,17.818136233542234,15.890499229867196,14.068416008162913,16.739804953178794,16.203954386686675,15.455205569472101,15.634198188423667,11.531865717270614,0.0
