,square,rectangle,parallelogram,losange,isoTrapezoid,kite,rightKite,rustedHinge,hinge,trapezoid,random
square,0.0,21.84242620560224,27.692034806636208,31.253107781236995,26.94577277784351,25.994323915975542,24.708326949731113,28.92691736535646,26.6090409348689,26.290410200272056,30.959486551913752
rectangle,21.84242620560224,0.0,26.766986017830284,32.36577543100094,30.863977340863926,29.77122301925913,29.185537644105985,29.770744459168814,25.143045424139263,29.014609584795267,33.2425884064398
parallelogram,27.692034806636208,26.766986017830284,0.0,16.369285459321446,28.56299585453562,26.610791038696668,27.02152849312455,27.679951878525983,24.784354817097643,23.29740470329328,27.180196949218942
losange,31.253107781236995,32.36577543100094,16.369285459321446,0.0,30.46017442721522,29.305675644788632,29.70428953258243,29.999070241181933,28.56420584655324,25.042576564620454,26.725302813558724
isoTrapezoid,26.94577277784351,30.863977340863926,28.56299585453562,30.46017442721522,0.0,18.729263447174155,17.235164773625186,26.824392793201664,25.622299765885266,17.74085291004886,22.61334353489281
kite,25.994323915975542,29.77122301925913,26.610791038696668,29.305675644788632,18.729263447174155,0.0,13.459892593084128,25.65049070166473,24.18713680341208,22.18475795106521,24.995919847894278
rightKite,24.708326949731113,29.185537644105985,27.02152849312455,29.70428953258243,17.235164773625186,13.459892593084128,0.0,24.292636391867862,22.852137672017093,19.480490548541855,24.643634326103946
rustedHinge,28.92691736535646,29.770744459168814,27.679951878525983,29.999070241181933,26.824392793201664,25.65049070166473,24.292636391867862,0.0,12.090034324563392,25.841800791963237,26.141419889641597
hinge,26.6090409348689,25.143045424139263,24.784354817097643,28.56420584655324,25.622299765885266,24.18713680341208,22.852137672017093,12.090034324563392,0.0,23.82874327418736,25.697244035652734
trapezoid,26.290410200272056,29.014609584795267,23.29740470329328,25.042576564620454,17.74085291004886,22.18475795106521,19.480490548541855,25.841800791963237,23.82874327418736,0.0,17.46003758818589
random,30.959486551913752,33.2425884064398,27.180196949218942,26.725302813558724,22.61334353489281,24.995919847894278,24.643634326103946,26.141419889641597,25.697244035652734,17.46003758818589,0.0
