,square,rectangle,parallelogram,losange,isoTrapezoid,kite,rightKite,rustedHinge,hinge,trapezoid,random
square,0.0,10.80277843153962,13.896034420893841,16.375823026778797,8.743611585918242,7.37824085105426,6.309815552203119,11.502113350547539,11.033959540414534,9.293982337699976,12.872858690385737
rectangle,10.80277843153962,0.0,8.616311257935944,12.45557345615917,14.424236884553157,11.896870365508718,11.6421779097549,9.12861251840728,7.181214058670829,11.915730143635749,15.10096330269554
parallelogram,13.896034420893841,8.616311257935944,0.0,8.275016421432754,15.62997272167308,14.666141580710478,13.52646900989409,11.261935410687904,9.607996725320442,11.567134706386486,14.460322812345867
losange,16.375823026778797,12.45557345615917,8.275016421432754,0.0,16.37394087783822,16.63234408306835,15.815257684094375,12.501120705916389,11.852447089457382,12.152997777725085,12.553422513711656
isoTrapezoid,8.743611585918242,14.424236884553157,15.62997272167308,16.37394087783822,0.0,8.74361088689144,8.311386484479142,14.32422193308608,14.325665720831749,9.530431756131465,11.280312960849294
kite,7.37824085105426,11.896870365508718,14.666141580710478,16.63234408306835,8.74361088689144,0.0,6.477745423740634,13.221043318407693,13.074506835309004,11.945105423831064,14.28918990841333
rightKite,6.309815552203119,11.6421779097549,13.52646900989409,15.815257684094375,8.311386484479142,6.477745423740634,0.0,12.784954124581523,12.45948647791473,9.013947796436613,13.0609655300051
rustedHinge,11.502113350547539,9.12861251840728,11.261935410687904,12.501120705916389,14.32422193308608,13.221043318407693,12.784954124581523,0.0,3.8537739933950754,12.10111344433237,13.335751157245731
hinge,11.033959540414534,7.181214058670829,9.607996725320442,11.852447089457382,14.325665720831749,13.074506835309004,12.45948647791473,3.8537739933950754,0.0,11.514162225434767,13.427269609902709
trapezoid,9.293982337699976,11.915730143635749,11.567134706386486,12.152997777725085,9.530431756131465,11.945105423831064,9.013947796436613,12.10111344433237,11.514162225434767,0.0,8.431452596290246
random,12.872858690385737,15.10096330269554,14.460322812345867,12.553422513711656,11.280312960849294,14.28918990841333,13.0609655300051,13.335751157245731,13.427269609902709,8.431452596290246,0.0
