,square,rectangle,parallelogram,losange,isoTrapezoid,kite,rightKite,rustedHinge,hinge,trapezoid,random
square,0.0,17.05114120942579,27.706184933618356,31.961912749968384,28.214851567538307,25.20121480946459,26.56434314672113,31.427654796982495,28.082660648973704,25.717901883026443,31.627897078510866
rectangle,17.05114120942579,0.0,21.848937348660254,27.99596329797245,32.12144938203278,27.513180812939808,29.023833352825367,29.76564702868659,24.86609661895633,26.99198744977781,33.072069525172175
parallelogram,27.706184933618356,21.848937348660254,0.0,14.51454108750537,33.68767042472555,29.359726531388628,30.996653701785682,30.087478438957064,25.848391372596918,24.29607413277933,29.47427333001914
losange,31.961912749968384,27.99596329797245,14.51454108750537,0.0,34.8971139462221,31.78927748170367,33.341881541328085,31.962761862461573,28.953699460293343,25.216304192640298,27.52362173670694
isoTrapezoid,28.214851567538307,32.12144938203278,33.68767042472555,34.8971139462221,0.0,20.372915093650803,18.985514383338526,31.292351361360154,30.35581903233482,20.18859277951717,24.599539329610867
kite,25.20121480946459,27.513180812939808,29.359726531388628,31.78927748170367,20.372915093650803,0.0,13.679622167993204,28.185422673924013,26.38388168368502,23.970504694679594,27.170008786360476
rightKite,26.56434314672113,29.023833352825367,30.996653701785682,33.341881541328085,18.985514383338526,13.679622167993204,0.0,27.430908514163942,26.1770835841505,21.467807391198747,26.68382576620804
rustedHinge,31.427654796982495,29.76564702868659,30.087478438957064,31.962761862461573,31.292351361360154,28.185422673924013,27.430908514163942,0.0,9.966462999179656,28.394082487535357,27.852491212135067
hinge,28.082660648973704,24.86609661895633,25.848391372596918,28.953699460293343,30.35581903233482,26.38388168368502,26.1770835841505,9.966462999179656,0.0,26.275570047765687,27.32795250429209
trapezoid,25.717901883026443,26.99198744977781,24.29607413277933,25.216304192640298,20.18859277951717,23.970504694679594,21.467807391198747,28.394082487535357,26.275570047765687,0.0,17.200397841738464
random,31.627897078510866,33.072069525172175,29.47427333001914,27.52362173670694,24.599539329610867,27.170008786360476,26.68382576620804,27.852491212135067,27.32795250429209,17.200397841738464,0.0
