,square,rectangle,parallelogram,losange,isoTrapezoid,kite,rightKite,rustedHinge,hinge,trapezoid,random
square,0.0,19.497056538964088,30.124750173608525,34.63819780003547,27.733913234008185,26.788619302794267,24.951585591749488,31.235419066931748,28.361845161027347,27.242318302895796,33.94444024193267
rectangle,19.497056538964088,0.0,26.605162460528014,32.992562391267704,32.4413087293849,30.01567786133495,28.96105537719888,29.663309437868556,24.843518341291595,29.57987703733981,35.46523361010177
parallelogram,30.124750173608525,26.605162460528014,0.0,15.368693463020964,31.475395895587596,28.166302213619108,28.559248346940354,28.27227160876905,25.137610433067376,24.33034740123357,28.75501442585776
losange,34.63819780003547,32.992562391267704,15.368693463020964,0.0,33.009483298904094,30.715480675887164,31.46582872822673,30.64830892437992,28.987426399306393,25.590526593882544,26.993442445679566
isoTrapezoid,27.733913234008185,32.4413087293849,31.475395895587596,33.009483298904094,0.0,20.032936816110748,18.232517983730645,28.901011064902875,28.39070936879058,18.703430520417207,24.664188557520003
kite,26.788619302794267,30.01567786133495,28.166302213619108,30.715480675887164,20.032936816110748,0.0,14.10331763199775,26.14567195846405,25.34243162958523,23.6626743478057,26.32749089002062
rightKite,24.951585591749488,28.96105537719888,28.559248346940354,31.46582872822673,18.232517983730645,14.10331763199775,0.0,25.154307392589722,24.23083690868237,20.52286584348867,26.698968879807406
rustedHinge,31.235419066931748,29.663309437868556,28.27227160876905,30.64830892437992,28.901011064902875,26.14567195846405,25.154307392589722,0.0,10.15277246916095,27.069415181935003,26.529307722889186
hinge,28.361845161027347,24.843518341291595,25.137610433067376,28.987426399306393,28.39070936879058,25.34243162958523,24.23083690868237,10.15277246916095,0.0,25.575302846664886,26.94127914092812
trapezoid,27.242318302895796,29.57987703733981,24.33034740123357,25.590526593882544,18.703430520417207,23.6626743478057,20.52286584348867,27.069415181935003,25.575302846664886,0.0,18.605954009172724
random,33.94444024193267,35.46523361010177,28.75501442585776,26.993442445679566,24.664188557520003,26.32749089002062,26.698968879807406,26.529307722889186,26.94127914092812,18.605954009172724,0.0
