,square,rectangle,parallelogram,losange,isoTrapezoid,kite,rightKite,rustedHinge,hinge,trapezoid,random
square,0.0,21.427057207275347,28.385401056734693,30.375574657202623,30.15734754617912,29.280748622296883,29.2169324445672,32.423828918755916,29.905989927045066,28.30978414167354,31.29289278815537
rectangle,21.427057207275347,0.0,26.91206928534613,30.027508890046672,33.51623902284155,32.7357978076692,32.76443760294095,33.01330895269537,28.935572073086696,29.65494912131453,33.46163874282197
parallelogram,28.385401056734693,26.91206928534613,0.0,14.543870034937301,30.96510110012853,29.648090889594595,30.402011014776438,29.884823672209063,26.86345698115195,23.905137053130506,28.009421910235464
losange,30.375574657202623,30.027508890046672,14.543870034937301,0.0,31.647968529777767,30.936748202305697,31.58676575266066,30.339976765172487,28.45405060457455,24.812628771134968,26.559999870223265
isoTrapezoid,30.15734754617912,33.51623902284155,30.96510110012853,31.647968529777767,0.0,21.84947636151688,21.940505482186023,30.278871815620388,28.6084304642839,19.922520614416253,23.85478117364971
kite,29.280748622296883,32.7357978076692,29.648090889594595,30.936748202305697,21.84947636151688,0.0,14.56624101079089,25.25730411455161,23.215354174314413,23.28317007476245,24.150737439419515
rightKite,29.2169324445672,32.76443760294095,30.402011014776438,31.58676575266066,21.940505482186023,14.56624101079089,0.0,24.700137440201924,22.315527831387826,21.836639553290386,25.13890666388391
rustedHinge,32.423828918755916,33.01330895269537,29.884823672209063,30.339976765172487,30.278871815620388,25.25730411455161,24.700137440201924,0.0,13.529405215469849,27.190968872720255,25.819620904185907
hinge,29.905989927045066,28.935572073086696,26.86345698115195,28.45405060457455,28.6084304642839,23.215354174314413,22.315527831387826,13.529405215469849,0.0,24.448237790091714,25.27053677384599
trapezoid,28.30978414167354,29.65494912131453,23.905137053130506,24.812628771134968,19.922520614416253,23.28317007476245,21.836639553290386,27.190968872720255,24.448237790091714,0.0,18.99603859678144
random,31.29289278815537,33.46163874282197,28.009421910235464,26.559999870223265,23.85478117364971,24.150737439419515,25.13890666388391,25.819620904185907,25.27053677384599,18.99603859678144,0.0
