,square,rectangle,parallelogram,losange,isoTrapezoid,kite,rightKite,rustedHinge,hinge,trapezoid,random
square,0.0,16.748341416697887,24.109421355168532,28.47984787602121,15.881648356627792,15.217056643470265,14.269135893498659,20.931880884789177,19.423777636872536,17.558879754547682,23.422341889529164
rectangle,16.748341416697887,0.0,16.464093770940764,23.39598216145865,24.56124946411481,20.805013920064475,20.640071374728358,18.747482616596862,14.918527304712528,20.797280929820868,26.75527613547923
parallelogram,24.109421355168532,16.464093770940764,0.0,13.899946253096688,27.366408732621785,25.731294811555703,24.384333118045827,21.67059001775595,18.47057183282457,19.847800537266373,25.093375388320915
losange,28.47984787602121,23.39598216145865,13.899946253096688,0.0,29.064949741024606,28.914713700117648,27.82673134531,24.515727889747986,22.7940874601414,21.182819644273476,23.162721363687087
isoTrapezoid,15.881648356627792,24.56124946411481,27.366408732621785,29.064949741024606,0.0,15.68912153832014,14.962413744143639,24.989694499105084,24.735515730915928,16.837492878193647,19.938332568411557
kite,15.217056643470265,20.805013920064475,25.731294811555703,28.914713700117648,15.68912153832014,0.0,11.177624401403376,23.25705594727487,22.6279836781675,21.473905217630875,24.795790226809515
rightKite,14.269135893498659,20.640071374728358,24.384333118045827,27.82673134531,14.962413744143639,11.177624401403376,0.0,22.611121071473566,21.806744710084573,16.95965749488944,22.54754161950129
rustedHinge,20.931880884789177,18.747482616596862,21.67059001775595,24.515727889747986,24.989694499105084,23.25705594727487,22.611121071473566,0.0,7.340008042490003,22.105786360031956,23.275978258016952
hinge,19.423777636872536,14.918527304712528,18.47057183282457,22.7940874601414,24.735515730915928,22.6279836781675,21.806744710084573,7.340008042490003,0.0,20.717096548306717,22.989388472999398
trapezoid,17.558879754547682,20.797280929820868,19.847800537266373,21.182819644273476,16.837492878193647,21.473905217630875,16.95965749488944,22.105786360031956,20.717096548306717,0.0,13.981305280051014
random,23.422341889529164,26.75527613547923,25.093375388320915,23.162721363687087,19.938332568411557,24.795790226809515,22.54754161950129,23.275978258016952,22.989388472999398,13.981305280051014,0.0
