,square,rectangle,parallelogram,losange,isoTrapezoid,kite,rightKite,rustedHinge,hinge,trapezoid,random
square,0.0,5.985222278205833,7.793994234568372,8.88417371298796,4.517119127365008,3.735683549620952,3.3257228308508453,6.255610407934946,6.0978250921850075,4.94512434821699,6.903160497645611
rectangle,5.985222278205833,0.0,4.725963531395018,6.3631646740660965,7.552692031425549,6.210173516743091,6.200250633415976,4.821729364206045,3.8158052029158456,6.343051261148575,7.913911525636952
parallelogram,7.793994234568372,4.725963531395018,0.0,4.563195622002566,8.485384832771182,7.94427135583069,7.35989943895082,5.761026778803247,4.959524217742217,6.517749655112421,7.729788295852917
losange,8.88417371298796,6.3631646740660965,4.563195622002566,0.0,8.792341513626647,8.795877984406436,8.488700732766398,6.218400595452673,5.9038269488726245,6.792154903786119,6.8127974164583645
isoTrapezoid,4.517119127365008,7.552692031425549,8.485384832771182,8.792341513626647,0.0,4.651295561413543,4.376506072822246,7.356703159991889,7.421858886414776,4.999633838784737,6.063827461412666
kite,3.735683549620952,6.210173516743091,7.94427135583069,8.795877984406436,4.651295561413543,0.0,3.433589422572139,6.9861858431581405,6.867213754648083,6.188651322653887,7.527174328001413
rightKite,3.3257228308508453,6.200250633415976,7.35989943895082,8.488700732766398,4.376506072822246,3.433589422572139,0.0,6.634269166180069,6.501429978011497,4.780921641540101,6.948530758992392
rustedHinge,6.255610407934946,4.821729364206045,5.761026778803247,6.218400595452673,7.356703159991889,6.9861858431581405,6.634269166180069,0.0,2.0931996101738104,6.176702926099797,6.729233773599633
hinge,6.0978250921850075,3.8158052029158456,4.959524217742217,5.9038269488726245,7.421858886414776,6.867213754648083,6.501429978011497,2.0931996101738104,0.0,5.976844453500425,6.865020104763929
trapezoid,4.94512434821699,6.343051261148575,6.517749655112421,6.792154903786119,4.999633838784737,6.188651322653887,4.780921641540101,6.176702926099797,5.976844453500425,0.0,4.670276090885429
random,6.903160497645611,7.913911525636952,7.729788295852917,6.8127974164583645,6.063827461412666,7.527174328001413,6.948530758992392,6.729233773599633,6.865020104763929,4.670276090885429,0.0
