,square,rectangle,parallelogram,losange,isoTrapezoid,kite,rightKite,rustedHinge,hinge,trapezoid,random
square,0.0,17.18293467762022,28.75338673878281,32.86820916917852,26.827923720800726,25.405401318041935,24.93747300494209,29.322318274567614,26.77349169309023,26.615570135001132,31.509215385697267
rectangle,17.18293467762022,0.0,25.60587564642158,31.299996575418284,30.83027743912536,28.756234008047198,28.477651874827053,28.625631467763625,24.76711440787465,28.639565420079037,33.37455870592262
parallelogram,28.75338673878281,25.60587564642158,0.0,14.774330103318837,30.53482748934877,27.43985069375171,28.39573333657318,27.53005754269622,24.443347082992517,24.069601697093265,27.592529526145373
losange,32.86820916917852,31.299996575418284,14.774330103318837,0.0,31.87319843508256,29.79020883750957,30.726609877570393,29.255529346241865,27.461458198367875,25.041866408818304,25.957094126459264
isoTrapezoid,26.827923720800726,30.83027743912536,30.53482748934877,31.87319843508256,0.0,18.971309732114182,17.33839770294475,27.29687943026226,26.556028735528482,17.335537257576462,22.128324701961382
kite,25.405401318041935,28.756234008047198,27.43985069375171,29.79020883750957,18.971309732114182,0.0,13.40041265837963,24.655168878591034,23.445254186977415,22.197741696202456,24.619084621757125
rightKite,24.93747300494209,28.477651874827053,28.39573333657318,30.726609877570393,17.33839770294475,13.40041265837963,0.0,23.722543081367895,22.489785842068095,19.546123858885064,24.6687151250126
rustedHinge,29.322318274567614,28.625631467763625,27.53005754269622,29.255529346241865,27.29687943026226,24.655168878591034,23.722543081367895,0.0,9.292408879201043,25.22692973559368,24.94894824791877
hinge,26.77349169309023,24.76711440787465,24.443347082992517,27.461458198367875,26.556028735528482,23.445254186977415,22.489785842068095,9.292408879201043,0.0,23.60315761174748,24.774266121969124
trapezoid,26.615570135001132,28.639565420079037,24.069601697093265,25.041866408818304,17.335537257576462,22.197741696202456,19.546123858885064,25.22692973559368,23.60315761174748,0.0,16.237021329583694
random,31.509215385697267,33.37455870592262,27.592529526145373,25.957094126459264,22.128324701961382,24.619084621757125,24.6687151250126,24.94894824791877,24.774266121969124,16.237021329583694,0.0
