,square,rectangle,parallelogram,losange,isoTrapezoid,kite,rightKite,rustedHinge,hinge,trapezoid,random
square,0.0,19.042162359306896,22.97323698000643,25.349627549307606,24.06621153031003,22.295131560510512,21.85579902973037,24.637969856445952,22.705960417234955,23.138019638994912,26.166074038419826
rectangle,19.042162359306896,0.0,22.52337463762206,25.76362336957385,27.138465853022286,25.33552157402142,25.620551341715434,25.172599021475104,21.741444054358897,25.281420085618773,27.85124083101528
parallelogram,22.97323698000643,22.52337463762206,0.0,12.146975727839594,23.499420713512592,21.115892693919957,22.023801829357815,22.01380730921082,19.95557643211443,19.36762737441931,21.969421729834963
losange,25.349627549307606,25.76362336957385,12.146975727839594,0.0,24.14836915454418,22.627055858999576,23.420141425118654,22.96029777933303,21.927009867148165,19.821296273760844,21.066779726429427
isoTrapezoid,24.06621153031003,27.138465853022286,23.499420713512592,24.14836915454418,0.0,15.461241758359554,14.971123303118201,22.182676852318178,21.41466260813639,14.489004260736829,18.425364325987342
kite,22.295131560510512,25.33552157402142,21.115892693919957,22.627055858999576,15.461241758359554,0.0,11.375607862915322,19.632826558742273,18.5020117357187,17.52991480891648,19.3534907357724
rightKite,21.85579902973037,25.620551341715434,22.023801829357815,23.420141425118654,14.971123303118201,11.375607862915322,0.0,19.784321491498684,18.402139896874928,15.95026293579882,20.06436738076327
rustedHinge,24.637969856445952,25.172599021475104,22.01380730921082,22.96029777933303,22.182676852318178,19.632826558742273,19.784321491498684,0.0,10.67959072322382,21.191398682705945,20.28892955100035
hinge,22.705960417234955,21.741444054358897,19.95557643211443,21.927009867148165,21.41466260813639,18.5020117357187,18.402139896874928,10.67959072322382,0.0,19.694942807382105,20.365216473409692
trapezoid,23.138019638994912,25.281420085618773,19.36762737441931,19.821296273760844,14.489004260736829,17.52991480891648,15.95026293579882,21.191398682705945,19.694942807382105,0.0,14.828780341917266
random,26.166074038419826,27.85124083101528,21.969421729834963,21.066779726429427,18.425364325987342,19.3534907357724,20.06436738076327,20.28892955100035,20.365216473409692,14.828780341917266,0.0
