,square,rectangle,parallelogram,losange,isoTrapezoid,kite,rightKite,rustedHinge,hinge,trapezoid,random
square,0.0,18.590670961814272,24.715154022375895,27.11847445498649,24.843519727663434,23.101349453499225,22.32152569955388,25.901646388288906,23.523732816865188,23.640733770620134,27.350695288708575
rectangle,18.590670961814272,0.0,22.760062793580577,26.661109646289443,26.568521958398115,24.73262732557396,24.33436956657646,25.037842444253947,21.289833594568034,24.412293167004485,27.90288187373479
parallelogram,24.715154022375895,22.760062793580577,0.0,13.446377233153017,25.270556906740396,22.776021138561397,23.276634342676044,23.594818815896307,21.13482208688436,20.628290852119758,23.70162109899382
losange,27.11847445498649,26.661109646289443,13.446377233153017,0.0,26.280019416841075,24.60967564490216,25.04048292704875,25.06444046772672,23.642393967696062,21.55769104097099,23.153327800317467
isoTrapezoid,24.843519727663434,26.568521958398115,25.270556906740396,26.280019416841075,0.0,16.63045396918591,15.396408986000703,23.369320071862056,22.2158465446792,15.330991722547111,19.655776601852658
kite,23.101349453499225,24.73262732557396,22.776021138561397,24.60967564490216,16.63045396918591,0.0,11.661456069948393,21.139701520816935,19.66511890172627,18.505363898455975,20.650275632057756
rightKite,22.32152569955388,24.33436956657646,23.276634342676044,25.04048292704875,15.396408986000703,11.661456069948393,0.0,20.4373410361846,18.828163177843347,16.26652331391881,20.71172951081179
rustedHinge,25.901646388288906,25.037842444253947,23.594818815896307,25.06444046772672,23.369320071862056,21.139701520816935,20.4373410361846,0.0,10.504004786842607,22.06644922946144,21.55742014812268
hinge,23.523732816865188,21.289833594568034,21.13482208688436,23.642393967696062,22.2158465446792,19.66511890172627,18.828163177843347,10.504004786842607,0.0,20.24389534932143,21.326993953503546
trapezoid,23.640733770620134,24.412293167004485,20.628290852119758,21.55769104097099,15.330991722547111,18.505363898455975,16.26652331391881,22.06644922946144,20.24389534932143,0.0,15.361230928582867
random,27.350695288708575,27.90288187373479,23.70162109899382,23.153327800317467,19.655776601852658,20.650275632057756,20.71172951081179,21.55742014812268,21.326993953503546,15.361230928582867,0.0
