,square,rectangle,parallelogram,losange,isoTrapezoid,kite,rightKite,rustedHinge,hinge,trapezoid,random
square,2.220446049250313e-16,0.004034685835897167,0.00676157072478889,0.00945726899039312,0.002310056279391959,0.0017076934038117164,0.0010672787241658988,0.004493112598786486,0.004340175521565404,0.002783883411564436,0.006157615128033034
rectangle,0.004034685835897167,0.0,0.0020375414467901365,0.005374348857930422,0.007785776621658913,0.004876772264754248,0.004584083321339194,0.0030401211488590985,0.0019011944132274472,0.004779330767043177,0.008983088145657514
parallelogram,0.00676157072478889,0.0020375414467901365,0.0,0.002060120477545002,0.009446215992925389,0.007681775204714358,0.00668543378179387,0.00396851879997373,0.0026831108957016125,0.004723562825085126,0.007866495817138053
losange,0.00945726899039312,0.005374348857930422,0.002060120477545002,1.1102230246251565e-16,0.010371313286258177,0.010155870577829962,0.00900736602522767,0.005150862285388524,0.004377727001446785,0.005109541956898056,0.0055404940498680055
isoTrapezoid,0.002310056279391959,0.007785776621658913,0.009446215992925389,0.010371313286258177,0.0,0.002632420576751282,0.002077022800061723,0.007276621326776422,0.007573657820895807,0.0030992995407156387,0.0047839842188420745
kite,0.0017076934038117164,0.004876772264754248,0.007681775204714358,0.010155870577829962,0.002632420576751282,0.0,0.0011177277381898554,0.006800093933939655,0.00665190351356848,0.004853662552012694,0.007986870860429485
rightKite,0.0010672787241658988,0.004584083321339194,0.00668543378179387,0.00900736602522767,0.002077022800061723,0.0011177277381898554,2.220446049250313e-16,0.005919564664581323,0.005715755765552943,0.0027937922843853658,0.0065433005305327585
rustedHinge,0.004493112598786486,0.0030401211488590985,0.00396851879997373,0.005150862285388524,0.007276621326776422,0.006800093933939655,0.005919564664581323,1.1102230246251565e-16,0.00041657737606026757,0.004596576967994426,0.006398203335092778
hinge,0.004340175521565404,0.0019011944132274472,0.0026831108957016125,0.004377727001446785,0.007573657820895807,0.00665190351356848,0.005715755765552943,0.00041657737606026757,0.0,0.004165676028048071,0.006571835831222117
trapezoid,0.002783883411564436,0.004779330767043177,0.004723562825085126,0.005109541956898056,0.0030992995407156387,0.004853662552012694,0.0027937922843853658,0.004596576967994426,0.004165676028048071,0.0,0.0024338725541138695
random,0.006157615128033034,0.008983088145657514,0.007866495817138053,0.0055404940498680055,0.0047839842188420745,0.007986870860429485,0.0065433005305327585,0.006398203335092778,0.006571835831222117,0.0024338725541138695,0.0
