,square,rectangle,parallelogram,losange,isoTrapezoid,kite,rightKite,rustedHinge,hinge,trapezoid,random
square,0.0,0.06842898111064932,0.14164938844433983,0.19446963362183056,0.20502394121146983,0.15890225055073015,0.15617528940060954,0.24352385082650663,0.19185983548543295,0.17015319372599935,0.26885468761676645
rectangle,0.06842898111064932,0.0,0.12654419598260958,0.1941507343804314,0.22074649361667864,0.1682474126020972,0.174476714789355,0.241257219264576,0.1733258624703835,0.1682012746484043,0.27169389398518906
parallelogram,0.14164938844433983,0.12654419598260958,0.0,0.05425025851828469,0.15169345565289039,0.12280767516669244,0.11967141712021512,0.17706481451881662,0.1282120141140266,0.07382343230365307,0.17482919960787746
losange,0.19446963362183056,0.1941507343804314,0.05425025851828469,0.0,0.15507881017362313,0.14194152463719245,0.1393848478815055,0.16621087342897356,0.14851692195521393,0.07691300106422982,0.12574361465928752
isoTrapezoid,0.20502394121146983,0.22074649361667864,0.15169345565289039,0.15507881017362313,2.220446049250313e-16,0.11175194065433958,0.08707265257319441,0.16039358628921574,0.1438999907306484,0.08590671008252915,0.132256979301541
kite,0.15890225055073015,0.1682474126020972,0.12280767516669244,0.14194152463719245,0.11175194065433958,0.0,0.04217594840943628,0.15565343588391878,0.11417944861566875,0.09655712022548246,0.14859624058597032
rightKite,0.15617528940060954,0.174476714789355,0.11967141712021512,0.1393848478815055,0.08707265257319441,0.04217594840943628,0.0,0.13892381428172296,0.10680279289932437,0.07468563653408555,0.1451392965967474
rustedHinge,0.24352385082650663,0.241257219264576,0.17706481451881662,0.16621087342897356,0.16039358628921574,0.15565343588391878,0.13892381428172296,0.0,0.035611744508380117,0.15207361859796986,0.1480928946982999
hinge,0.19185983548543295,0.1733258624703835,0.1282120141140266,0.14851692195521393,0.1438999907306484,0.11417944861566875,0.10680279289932437,0.035611744508380117,2.220446049250313e-16,0.11998008331383814,0.14529359403298858
trapezoid,0.17015319372599935,0.1682012746484043,0.07382343230365307,0.07691300106422982,0.08590671008252915,0.09655712022548246,0.07468563653408555,0.15207361859796986,0.11998008331383814,0.0,0.07528690837439234
random,0.26885468761676645,0.27169389398518906,0.17482919960787746,0.12574361465928752,0.132256979301541,0.14859624058597032,0.1451392965967474,0.1480928946982999,0.14529359403298858,0.07528690837439234,0.0
