,square,rectangle,parallelogram,losange,isoTrapezoid,kite,rightKite,rustedHinge,hinge,trapezoid,random
square,0.0,0.011832077505492977,0.10030019810569568,0.1718501312449704,0.1533926481828426,0.10549348736694497,0.1238440118705264,0.1738563320833505,0.14801056039821092,0.13744949713768106,0.19840547085772564
rectangle,0.011832077505492977,0.0,0.0969855444370944,0.1740858752607899,0.17273355449786443,0.120160377527321,0.13949388938029927,0.1795231882487609,0.15127644818535835,0.15096711935477514,0.2114385740514133
parallelogram,0.10030019810569568,0.0969855444370944,0.0,0.04236000692916042,0.12714710319909728,0.1009865951243697,0.1170956746250903,0.1486150866730035,0.13017290849480856,0.0739248929125238,0.1308170201216029
losange,0.1718501312449704,0.1740858752607899,0.04236000692916042,0.0,0.13610377519146,0.1304177857621882,0.12777670427484422,0.1338116875598433,0.12839473772236,0.07679313585705616,0.10096798133812435
isoTrapezoid,0.1533926481828426,0.17273355449786443,0.12714710319909728,0.13610377519146,2.220446049250313e-16,0.06372239148319148,0.051361197150448734,0.12946686736860658,0.12087980895194894,0.06943174067663138,0.07665304898538783
kite,0.10549348736694497,0.120160377527321,0.1009865951243697,0.1304177857621882,0.06372239148319148,0.0,0.025562978101739686,0.1206073589983242,0.10250964878874813,0.0807575180899438,0.11050052914495301
rightKite,0.1238440118705264,0.13949388938029927,0.1170956746250903,0.12777670427484422,0.051361197150448734,0.025562978101739686,0.0,0.08838318198037098,0.07638666150495776,0.07935054078900561,0.08481243276879569
rustedHinge,0.1738563320833505,0.1795231882487609,0.1486150866730035,0.1338116875598433,0.12946686736860658,0.1206073589983242,0.08838318198037098,0.0,0.01277270087406035,0.13664511628899045,0.10537660363481471
hinge,0.14801056039821092,0.15127644818535835,0.13017290849480856,0.12839473772236,0.12087980895194894,0.10250964878874813,0.07638666150495776,0.01277270087406035,0.0,0.12345063187494842,0.10066550714875211
trapezoid,0.13744949713768106,0.15096711935477514,0.0739248929125238,0.07679313585705616,0.06943174067663138,0.0807575180899438,0.07935054078900561,0.13664511628899045,0.12345063187494842,0.0,0.053449758522436164
random,0.19840547085772564,0.2114385740514133,0.1308170201216029,0.10096798133812435,0.07665304898538783,0.11050052914495301,0.08481243276879569,0.10537660363481471,0.10066550714875211,0.053449758522436164,2.220446049250313e-16
