,square,rectangle,parallelogram,losange,isoTrapezoid,kite,rightKite,rustedHinge,hinge,trapezoid,random
square,0.0,0.0073019721226840195,0.01467573518076859,0.021425013703277096,0.004696589969860332,0.004136886293196973,0.002563913123540651,0.00940396877814731,0.008689487785127126,0.006407561757017843,0.013427302736699898
rectangle,0.0073019721226840195,0.0,0.004875961313823063,0.012456693394392593,0.014677078265901033,0.009509800062506901,0.008857324821805679,0.006920636628905741,0.0044693627701020144,0.009493855740503432,0.018028461243366323
parallelogram,0.01467573518076859,0.004875961313823063,0.0,0.004051765021402809,0.019601528662964385,0.017173433068496058,0.01470866864680076,0.009216668279142803,0.006213871462754317,0.008905936008171023,0.014768830281251755
losange,0.021425013703277096,0.012456693394392593,0.004051765021402809,2.220446049250313e-16,0.023032295878851028,0.022932466294105724,0.02040699663024781,0.012331711236678311,0.010344165917251957,0.010684641044506948,0.011200210796772025
isoTrapezoid,0.004696589969860332,0.014677078265901033,0.019601528662964385,0.023032295878851028,0.0,0.005545416686345117,0.004176218237277207,0.014602319228031346,0.01470450996131445,0.006928467980180764,0.01057791137519637
kite,0.004136886293196973,0.009509800062506901,0.017173433068496058,0.022932466294105724,0.005545416686345117,0.0,0.0026304344070099406,0.014209521911481282,0.013736700546431613,0.011842287157770803,0.017945214806241228
rightKite,0.002563913123540651,0.008857324821805679,0.01470866864680076,0.02040699663024781,0.004176218237277207,0.0026304344070099406,0.0,0.01279432355954735,0.012029148911290588,0.006675497050320889,0.014457355710381092
rustedHinge,0.00940396877814731,0.006920636628905741,0.009216668279142803,0.012331711236678311,0.014602319228031346,0.014209521911481282,0.01279432355954735,0.0,0.0008674930574243955,0.009788644213217457,0.012646495425231441
hinge,0.008689487785127126,0.0044693627701020144,0.006213871462754317,0.010344165917251957,0.01470450996131445,0.013736700546431613,0.012029148911290588,0.0008674930574243955,2.220446049250313e-16,0.008469182045290902,0.012609564886785996
trapezoid,0.006407561757017843,0.009493855740503432,0.008905936008171023,0.010684641044506948,0.006928467980180764,0.011842287157770803,0.006675497050320889,0.009788644213217457,0.008469182045290902,0.0,0.004518271836161936
random,0.013427302736699898,0.018028461243366323,0.014768830281251755,0.011200210796772025,0.01057791137519637,0.017945214806241228,0.014457355710381092,0.012646495425231441,0.012609564886785996,0.004518271836161936,0.0
