,square,rectangle,parallelogram,losange,isoTrapezoid,kite,rightKite,rustedHinge,hinge,trapezoid,random
square,0.0,0.026147902512296706,0.04473262488365737,0.06381340963564441,0.01819571005427656,0.014040884733600212,0.010623393366443246,0.0324255294536121,0.02876195772473311,0.02179399676811089,0.041984124947684553
rectangle,0.026147902512296706,0.0,0.019419770846942797,0.04180247622821254,0.05293585899957998,0.0337852728911725,0.03243585469875532,0.023749764206669743,0.014496948784841424,0.03427699026672815,0.059497330150539485
parallelogram,0.04473262488365737,0.019419770846942797,2.220446049250313e-16,0.01713201417045418,0.06025819995317405,0.05167720144288612,0.04375885832251902,0.034341350378772284,0.024678046681218535,0.030187229403834004,0.051789361472154405
losange,0.06381340963564441,0.04180247622821254,0.01713201417045418,0.0,0.06735893985497077,0.0673063171494096,0.06062332166584783,0.04338065240409461,0.03851259672448981,0.03452432341014289,0.040980423811126876
isoTrapezoid,0.01819571005427656,0.05293585899957998,0.06025819995317405,0.06735893985497077,0.0,0.01967854024360316,0.01705327037920723,0.050524998088759765,0.05027032081868699,0.023465171130504725,0.03373263281390371
kite,0.014040884733600212,0.0337852728911725,0.05167720144288612,0.0673063171494096,0.01967854024360316,0.0,0.009978563444197897,0.04348825262726386,0.041824673335056683,0.03507972853142172,0.051428818664706055
rightKite,0.010623393366443246,0.03243585469875532,0.04375885832251902,0.06062332166584783,0.01705327037920723,0.009978563444197897,2.220446049250313e-16,0.039623664874447684,0.0373997555318083,0.02077192859549637,0.04290219048538724
rustedHinge,0.0324255294536121,0.023749764206669743,0.034341350378772284,0.04338065240409461,0.050524998088759765,0.04348825262726386,0.039623664874447684,2.220446049250313e-16,0.0042451260111757705,0.03552506861109517,0.04419649977933382
hinge,0.02876195772473311,0.014496948784841424,0.024678046681218535,0.03851259672448981,0.05027032081868699,0.041824673335056683,0.0373997555318083,0.0042451260111757705,0.0,0.03179477092754246,0.045140684946245124
trapezoid,0.02179399676811089,0.03427699026672815,0.030187229403834004,0.03452432341014289,0.023465171130504725,0.03507972853142172,0.02077192859549637,0.03552506861109517,0.03179477092754246,2.220446049250313e-16,0.018494276858370795
random,0.041984124947684553,0.059497330150539485,0.051789361472154405,0.040980423811126876,0.03373263281390371,0.051428818664706055,0.04290219048538724,0.04419649977933382,0.045140684946245124,0.018494276858370795,0.0
