,square,rectangle,parallelogram,losange,isoTrapezoid,kite,rightKite,rustedHinge,hinge,trapezoid,random
square,0.0,0.08834657550069869,0.12268011046096317,0.14091392191053442,0.12106604372993612,0.10282260580401592,0.10001979872207689,0.13660713831847326,0.12241761681816543,0.11630678185974397,0.14606147212983467
rectangle,0.08834657550069869,0.0,0.09870477311624837,0.13602023489191628,0.140092950192356,0.10959351890633029,0.11918924230624406,0.13321643069071398,0.10210685421763255,0.11410092240818415,0.15025364921534945
parallelogram,0.12268011046096317,0.09870477311624837,0.0,0.043922890314015084,0.13179338548502417,0.11204103572449098,0.11633608943880802,0.120720218436558,0.09886087432007717,0.08047025356707094,0.11340516216408691
losange,0.14091392191053442,0.13602023489191628,0.043922890314015084,0.0,0.13200304377891614,0.12535489997496285,0.12212321762800771,0.11838540653950835,0.10585919036860703,0.08084066311920346,0.09374468687051096
isoTrapezoid,0.12106604372993612,0.140092950192356,0.13179338548502417,0.13200304377891614,0.0,0.06502290761918372,0.0502308719047746,0.09997441509651461,0.09867005549248786,0.06813992614777364,0.08239235930745192
kite,0.10282260580401592,0.10959351890633029,0.11204103572449098,0.12535489997496285,0.06502290761918372,0.0,0.03479828035421917,0.10398609027124961,0.09143080359835276,0.08007455928573237,0.09936274055820404
rightKite,0.10001979872207689,0.11918924230624406,0.11633608943880802,0.12212321762800771,0.0502308719047746,0.03479828035421917,1.1102230246251565e-16,0.08856457654166616,0.08140772565215015,0.06715953595763391,0.09011179557601368
rustedHinge,0.13660713831847326,0.13321643069071398,0.120720218436558,0.11838540653950835,0.09997441509651461,0.10398609027124961,0.08856457654166616,0.0,0.024037405964224212,0.10062089571602684,0.08755556548759247
hinge,0.12241761681816543,0.10210685421763255,0.09886087432007717,0.10585919036860703,0.09867005549248786,0.09143080359835276,0.08140772565215015,0.024037405964224212,0.0,0.08942829014303566,0.08679769722033803
trapezoid,0.11630678185974397,0.11410092240818415,0.08047025356707094,0.08084066311920346,0.06813992614777364,0.08007455928573237,0.06715953595763391,0.10062089571602684,0.08942829014303566,0.0,0.05069419741377301
random,0.14606147212983467,0.15025364921534945,0.11340516216408691,0.09374468687051096,0.08239235930745192,0.09936274055820404,0.09011179557601368,0.08755556548759247,0.08679769722033803,0.05069419741377301,0.0
