,square,rectangle,parallelogram,losange,isoTrapezoid,kite,rightKite,rustedHinge,hinge,trapezoid,random
square,0.0,0.025594669577849172,0.049566899548471266,0.0703581009622376,0.02207187126327026,0.019070520047637984,0.013868192578261218,0.03598685039896243,0.031099633673091986,0.027145081549135308,0.05176100691255925
rectangle,0.025594669577849172,0.0,0.024458723646094582,0.05050288817840065,0.056894318788706544,0.037991347060762126,0.035033381770565475,0.02869604001153514,0.018234214872758225,0.04030274662033828,0.07102286509644828
parallelogram,0.049566899548471266,0.024458723646094582,0.0,0.01835459133488948,0.06710400857025556,0.06220898955505105,0.04922812007888999,0.04375034850053827,0.031709144805111666,0.03274570074634919,0.058775315689260865
losange,0.0703581009622376,0.05050288817840065,0.01835459133488948,0.0,0.07518844893862697,0.07980767131269717,0.06674013598863071,0.05577458942358782,0.0484250924833064,0.036117142882498676,0.0459854841204308
isoTrapezoid,0.02207187126327026,0.056894318788706544,0.06710400857025556,0.07518844893862697,0.0,0.024728286065548888,0.019959483745214057,0.060022957652542286,0.05785105348912145,0.027384665682220644,0.04053109742124805
kite,0.019070520047637984,0.037991347060762126,0.06220898955505105,0.07980767131269717,0.024728286065548888,1.1102230246251565e-16,0.013183744028236077,0.05619427727127624,0.05351680128958625,0.04694434192715491,0.06880764833481723
rightKite,0.013868192578261218,0.035033381770565475,0.04922812007888999,0.06674013598863071,0.019959483745214057,0.013183744028236077,0.0,0.049921715373562714,0.04613479290327782,0.025014456158328646,0.05253982986303507
rustedHinge,0.03598685039896243,0.02869604001153514,0.04375034850053827,0.05577458942358782,0.060022957652542286,0.05619427727127624,0.049921715373562714,0.0,0.0046438642773039,0.04493791114247614,0.05615305390994896
hinge,0.031099633673091986,0.018234214872758225,0.031709144805111666,0.0484250924833064,0.05785105348912145,0.05351680128958625,0.04613479290327782,0.0046438642773039,0.0,0.03891275975396524,0.05459208431726448
trapezoid,0.027145081549135308,0.04030274662033828,0.03274570074634919,0.036117142882498676,0.027384665682220644,0.04694434192715491,0.025014456158328646,0.04493791114247614,0.03891275975396524,0.0,0.019249562614967464
random,0.05176100691255925,0.07102286509644828,0.058775315689260865,0.0459854841204308,0.04053109742124805,0.06880764833481723,0.05253982986303507,0.05615305390994896,0.05459208431726448,0.019249562614967464,0.0
