,square,rectangle,parallelogram,losange,isoTrapezoid,kite,rightKite,rustedHinge,hinge,trapezoid,random
square,0.0,0.007350069842078644,0.010650048763587772,0.015524207167285864,0.0052225102741024765,0.003753476724657423,0.0030904850591710886,0.008351344054955745,0.007643726778021387,0.005668291053101515,0.010814877973682524
rectangle,0.007350069842078644,0.0,0.004849092716510794,0.010418295154935087,0.014776390576916265,0.008946352359341492,0.008650730739518053,0.0056509295335614995,0.0037195637806960447,0.009210484966816201,0.015430820528938405
parallelogram,0.010650048763587772,0.004849092716510794,0.0,0.005417781966247093,0.015146910241870537,0.012213052129017354,0.010331385221104772,0.007968221062131131,0.006058272524367858,0.007878386041696994,0.01335711575834031
losange,0.015524207167285864,0.010418295154935087,0.005417781966247093,0.0,0.016641192289746587,0.015877299994929706,0.014680952851350959,0.00968321045811893,0.009066120226815633,0.00860523496004395,0.009734025615950603
isoTrapezoid,0.0052225102741024765,0.014776390576916265,0.015146910241870537,0.016641192289746587,0.0,0.005527289568221683,0.005091043255128214,0.01399220879958929,0.014052160955881132,0.006546521472932332,0.00943963198752562
kite,0.003753476724657423,0.008946352359341492,0.012213052129017354,0.015877299994929706,0.005527289568221683,0.0,0.0030254160612646075,0.011272109921975693,0.010838248291473174,0.00885123520297515,0.01302175129713512
rightKite,0.0030904850591710886,0.008650730739518053,0.010331385221104772,0.014680952851350959,0.005091043255128214,0.0030254160612646075,0.0,0.010432790311501905,0.009877476552815012,0.0055906532428181555,0.011763419014983012
rustedHinge,0.008351344054955745,0.0056509295335614995,0.007968221062131131,0.00968321045811893,0.01399220879958929,0.011272109921975693,0.010432790311501905,0.0,0.001145045280660617,0.009459763066755444,0.011836164286129103
hinge,0.007643726778021387,0.0037195637806960447,0.006058272524367858,0.009066120226815633,0.014052160955881132,0.010838248291473174,0.009877476552815012,0.001145045280660617,0.0,0.008735496001882503,0.012216964728427926
trapezoid,0.005668291053101515,0.009210484966816201,0.007878386041696994,0.00860523496004395,0.006546521472932332,0.00885123520297515,0.0055906532428181555,0.009459763066755444,0.008735496001882503,1.1102230246251565e-16,0.00556300260340159
random,0.010814877973682524,0.015430820528938405,0.01335711575834031,0.009734025615950603,0.00943963198752562,0.01302175129713512,0.011763419014983012,0.011836164286129103,0.012216964728427926,0.00556300260340159,0.0
