,square,rectangle,parallelogram,losange,isoTrapezoid,kite,rightKite,rustedHinge,hinge,trapezoid,random
square,0.0,0.030249221852383767,0.09259370931084543,0.1356988851980182,0.09973970742540017,0.070964565468282,0.07587200930773474,0.12620253426134387,0.09742654779243431,0.08797020525208121,0.14396193363567233
rectangle,0.030249221852383767,0.0,0.06695896238818222,0.1188602146936889,0.13027810766353298,0.0883397371953456,0.09428260915302356,0.11778547148834739,0.08132650308762912,0.10108820942777119,0.15731615491467987
parallelogram,0.09259370931084543,0.06695896238818222,2.220446049250313e-16,0.03253578145966629,0.1358108582020099,0.10599902108408676,0.11232225121187123,0.12261139842225666,0.09280124012420476,0.06963848486189184,0.11660895694137274
losange,0.1356988851980182,0.1188602146936889,0.03253578145966629,0.0,0.14789727385063745,0.12986608761944984,0.13453184140994445,0.13718681118517784,0.11921039541224399,0.07435833981980844,0.09565038329300068
isoTrapezoid,0.09973970742540017,0.13027810766353298,0.1358108582020099,0.14789727385063745,0.0,0.05373747341600288,0.04302053028035624,0.12095213677279182,0.11641611676720465,0.052036527105025376,0.08537377853098871
kite,0.070964565468282,0.0883397371953456,0.10599902108408676,0.12986608761944984,0.05373747341600288,0.0,0.025234724992388102,0.11007159393807542,0.09594864852412333,0.07742106358749756,0.1083011753147638
rightKite,0.07587200930773474,0.09428260915302356,0.11232225121187123,0.13453184140994445,0.04302053028035624,0.025234724992388102,0.0,0.09434461216833212,0.08496477902739175,0.059063156131289984,0.09940065719817448
rustedHinge,0.12620253426134387,0.11778547148834739,0.12261139842225666,0.13718681118517784,0.12095213677279182,0.11007159393807542,0.09434461216833212,0.0,0.013440412204676844,0.11331273481806936,0.10741389183303507
hinge,0.09742654779243431,0.08132650308762912,0.09280124012420476,0.11921039541224399,0.11641611676720465,0.09594864852412333,0.08496477902739175,0.013440412204676844,0.0,0.09877162681459106,0.10486338390270922
trapezoid,0.08797020525208121,0.10108820942777119,0.06963848486189184,0.07435833981980844,0.052036527105025376,0.07742106358749756,0.059063156131289984,0.11331273481806936,0.09877162681459106,0.0,0.045313695826012634
random,0.14396193363567233,0.15731615491467987,0.11660895694137274,0.09565038329300068,0.08537377853098871,0.1083011753147638,0.09940065719817448,0.10741389183303507,0.10486338390270922,0.045313695826012634,0.0
