,square,rectangle,parallelogram,losange,isoTrapezoid,kite,rightKite,rustedHinge,hinge,trapezoid,random
square,0.0,0.01413140744082464,0.022095946878872397,0.03232053789051981,0.009594916038707546,0.007359149426454437,0.005497145330676134,0.016971772075479286,0.015297404476838472,0.011079350710497704,0.021397037170664768
rectangle,0.01413140744082464,1.1102230246251565e-16,0.010133606151707553,0.02152249517656557,0.027810672949237225,0.018120588306833163,0.016971762716878724,0.01177889993470349,0.007562185301560054,0.01806019826027838,0.030622934866328277
parallelogram,0.022095946878872397,0.010133606151707553,1.1102230246251565e-16,0.009939869730847928,0.030006838994894758,0.025966156661411666,0.021788286212621077,0.01624741508601868,0.01203422354791539,0.015821144084930294,0.026146842850816587
losange,0.03232053789051981,0.02152249517656557,0.009939869730847928,0.0,0.033811431778854595,0.033862437539521895,0.03063891165040511,0.020046391366783434,0.018410936333172367,0.018129903142641624,0.02029500287121211
isoTrapezoid,0.009594916038707546,0.027810672949237225,0.030006838994894758,0.033811431778854595,1.1102230246251565e-16,0.01062294042866807,0.009518548763832957,0.02703204436434392,0.026809982161591583,0.012356492578169953,0.018218174890748395
kite,0.007359149426454437,0.018120588306833163,0.025966156661411666,0.033862437539521895,0.01062294042866807,0.0,0.005457999792209733,0.023193992216905657,0.022333100272485695,0.01795014460634281,0.02646971621660199
rightKite,0.005497145330676134,0.016971762716878724,0.021788286212621077,0.03063891165040511,0.009518548763832957,0.005457999792209733,1.1102230246251565e-16,0.020896186484379742,0.019683447443163193,0.011092608822115158,0.02314218143331548
rustedHinge,0.016971772075479286,0.01177889993470349,0.01624741508601868,0.020046391366783434,0.02703204436434392,0.023193992216905657,0.020896186484379742,0.0,0.0021430725120420435,0.018793195780672622,0.023054939989671674
hinge,0.015297404476838472,0.007562185301560054,0.01203422354791539,0.018410936333172367,0.026809982161591583,0.022333100272485695,0.019683447443163193,0.0021430725120420435,1.1102230246251565e-16,0.016938799164168183,0.023580819639947292
trapezoid,0.011079350710497704,0.01806019826027838,0.015821144084930294,0.018129903142641624,0.012356492578169953,0.01795014460634281,0.011092608822115158,0.018793195780672622,0.016938799164168183,1.1102230246251565e-16,0.010472830107358666
random,0.021397037170664768,0.030622934866328277,0.026146842850816587,0.02029500287121211,0.018218174890748395,0.02646971621660199,0.02314218143331548,0.023054939989671674,0.023580819639947292,0.010472830107358666,0.0
