,square,rectangle,parallelogram,losange,isoTrapezoid,kite,rightKite,rustedHinge,hinge,trapezoid,random
square,0.0,0.023154079445365183,0.051173954042464276,0.07203145143007572,0.024447328206391283,0.02743120946685762,0.021117494713628226,0.043289005400446334,0.0361981309689513,0.030659894198934334,0.057556345616533444
rectangle,0.023154079445365183,0.0,0.02822342391181687,0.0551233658862893,0.0554769914321559,0.04142361227093394,0.03885527404340894,0.040724825714446355,0.027953010971645265,0.04280150338406108,0.07554037462467833
parallelogram,0.051173954042464276,0.02822342391181687,0.0,0.017692115065355174,0.06635071929852498,0.06698207304856052,0.05287499870736001,0.05158721953919021,0.03823041949649786,0.03145549781865642,0.05813269880961436
losange,0.07203145143007572,0.0551233658862893,0.017692115065355174,0.0,0.0752472740716511,0.08422389156433896,0.06926038424770598,0.06057271024276778,0.051999518711476234,0.034700431733674764,0.04563981528290828
isoTrapezoid,0.024447328206391283,0.0554769914321559,0.06635071929852498,0.0752472740716511,0.0,0.029151279520539974,0.023323991350551854,0.06152981070383712,0.058544122385952635,0.028684263466460247,0.04485711199716347
kite,0.02743120946685762,0.04142361227093394,0.06698207304856052,0.08422389156433896,0.029151279520539974,0.0,0.015490534534598699,0.06258842455313651,0.05907628356389172,0.05464061315046875,0.0764981491026715
rightKite,0.021117494713628226,0.03885527404340894,0.05287499870736001,0.06926038424770598,0.023323991350551854,0.015490534534598699,0.0,0.05480786961397255,0.05041661008148712,0.03008503023737752,0.05799746939647554
rustedHinge,0.043289005400446334,0.040724825714446355,0.05158721953919021,0.06057271024276778,0.06152981070383712,0.06258842455313651,0.05480786961397255,2.220446049250313e-16,0.005150851913334309,0.049669596227237434,0.05615191370867578
hinge,0.0361981309689513,0.027953010971645265,0.03823041949649786,0.051999518711476234,0.058544122385952635,0.05907628356389172,0.05041661008148712,0.005150851913334309,0.0,0.04210563566653214,0.05278657731655889
trapezoid,0.030659894198934334,0.04280150338406108,0.03145549781865642,0.034700431733674764,0.028684263466460247,0.05464061315046875,0.03008503023737752,0.049669596227237434,0.04210563566653214,0.0,0.020317910475136203
random,0.057556345616533444,0.07554037462467833,0.05813269880961436,0.04563981528290828,0.04485711199716347,0.0764981491026715,0.05799746939647554,0.05615191370867578,0.05278657731655889,0.020317910475136203,0.0
