,square,rectangle,parallelogram,losange,isoTrapezoid,kite,rightKite,rustedHinge,hinge,trapezoid,random
square,0.0,0.015256483846392443,0.025300174736872072,0.0348477604947065,0.008638457053646742,0.0061433989420282,0.003876302613839089,0.016567508194770597,0.016104982335320428,0.010111715288918188,0.022684006140512913
rectangle,0.015256483846392443,0.0,0.007216441869288381,0.019551557674309605,0.029551401227028262,0.01819083065232796,0.017125621776514555,0.01110915039204674,0.006910119243465296,0.01773036003527273,0.03377610302137035
parallelogram,0.025300174736872072,0.007216441869288381,2.220446049250313e-16,0.007383256268136185,0.035506045750414605,0.02816225259715699,0.024845697819148915,0.01441481707259451,0.009727009500153039,0.017605530197533747,0.029521792396636548
losange,0.0348477604947065,0.019551557674309605,0.007383256268136185,0.0,0.038271649760759585,0.03692950178259502,0.03297793020287132,0.018730382574320026,0.015930941160086087,0.018516094507735614,0.020116035845361924
isoTrapezoid,0.008638457053646742,0.029551401227028262,0.035506045750414605,0.038271649760759585,0.0,0.009521454563604426,0.007652581867613861,0.027016063491870246,0.028353912305386975,0.011392981649921197,0.017173579812696516
kite,0.0061433989420282,0.01819083065232796,0.02816225259715699,0.03692950178259502,0.009521454563604426,0.0,0.004075469652238484,0.024824696580770578,0.0243429528007596,0.01736424234481715,0.028873649706950943
rightKite,0.003876302613839089,0.017125621776514555,0.024845697819148915,0.03297793020287132,0.007652581867613861,0.004075469652238484,0.0,0.021664177248776784,0.021031064124068743,0.009953817828568079,0.023809936458155656
rustedHinge,0.016567508194770597,0.01110915039204674,0.01441481707259451,0.018730382574320026,0.027016063491870246,0.024824696580770578,0.021664177248776784,0.0,0.0015157309623530235,0.016672007461984606,0.02384832338844267
hinge,0.016104982335320428,0.006910119243465296,0.009727009500153039,0.015930941160086087,0.028353912305386975,0.0243429528007596,0.021031064124068743,0.0015157309623530235,2.220446049250313e-16,0.015284450156735074,0.02469667226536021
trapezoid,0.010111715288918188,0.01773036003527273,0.017605530197533747,0.018516094507735614,0.011392981649921197,0.01736424234481715,0.009953817828568079,0.016672007461984606,0.015284450156735074,0.0,0.008793275862689631
random,0.022684006140512913,0.03377610302137035,0.029521792396636548,0.020116035845361924,0.017173579812696516,0.028873649706950943,0.023809936458155656,0.02384832338844267,0.02469667226536021,0.008793275862689631,2.220446049250313e-16
