,square,rectangle,parallelogram,losange,isoTrapezoid,kite,rightKite,rustedHinge,hinge,trapezoid,random
square,0.0,0.02581132865392166,0.04948093537596232,0.07044874460311812,0.01794377546466097,0.014868901745380914,0.010918841231925103,0.03447013379603048,0.03073006004444756,0.023116988307488096,0.044817097256585225
rectangle,0.02581132865392166,0.0,0.020334026869827104,0.04606979544752132,0.05343008372061009,0.03480935969006527,0.032548161810601606,0.025388228694064652,0.015777939187381795,0.03660158684564763,0.06422439412367231
parallelogram,0.04948093537596232,0.020334026869827104,0.0,0.017412358870597,0.0670124298838568,0.059570560866778255,0.04890188829891595,0.03741011764689106,0.026197459689599856,0.033157219301513496,0.05506308306817487
losange,0.07044874460311812,0.04606979544752132,0.017412358870597,2.220446049250313e-16,0.07592224832940975,0.07756100187828485,0.06613461920435348,0.04768063055461469,0.041274998066816115,0.03654091025595285,0.041691792121312576
isoTrapezoid,0.01794377546466097,0.05343008372061009,0.0670124298838568,0.07592224832940975,0.0,0.02005126448599781,0.01754628340334352,0.056967383262925164,0.05561331324056762,0.02498074485032642,0.035580037189461344
kite,0.014868901745380914,0.03480935969006527,0.059570560866778255,0.07756100187828485,0.02005126448599781,0.0,0.010375613230507952,0.05151853017532804,0.049107858024943996,0.04037396303884644,0.060134471956980406
rightKite,0.010918841231925103,0.032548161810601606,0.04890188829891595,0.06613461920435348,0.01754628340334352,0.010375613230507952,2.220446049250313e-16,0.047405392776758926,0.043984958647091066,0.022220652420878007,0.04784923874521785
rustedHinge,0.03447013379603048,0.025388228694064652,0.03741011764689106,0.04768063055461469,0.056967383262925164,0.05151853017532804,0.047405392776758926,0.0,0.003868054182466718,0.04192380593753864,0.05138948669408805
hinge,0.03073006004444756,0.015777939187381795,0.026197459689599856,0.041274998066816115,0.05561331324056762,0.049107858024943996,0.043984958647091066,0.003868054182466718,0.0,0.03640625871088843,0.050174213947990376
trapezoid,0.023116988307488096,0.03660158684564763,0.033157219301513496,0.03654091025595285,0.02498074485032642,0.04037396303884644,0.022220652420878007,0.04192380593753864,0.03640625871088843,0.0,0.01639646827930097
random,0.044817097256585225,0.06422439412367231,0.05506308306817487,0.041691792121312576,0.035580037189461344,0.060134471956980406,0.04784923874521785,0.05138948669408805,0.050174213947990376,0.01639646827930097,0.0
