,square,rectangle,parallelogram,losange,isoTrapezoid,kite,rightKite,rustedHinge,hinge,trapezoid,random
square,0.0,0.022795597564959413,0.05018880664603842,0.07587222462229926,0.022470683060046404,0.01968324521896203,0.017261148989235142,0.03931559913327931,0.03406405632338172,0.029052966120049373,0.05353714641092722
rectangle,0.022795597564959413,0.0,0.024439073034704828,0.05669859259615306,0.055215333356749885,0.03748833988228095,0.036594313387576016,0.031936062281505806,0.021096442521580272,0.04196791089479324,0.07327279486427962
parallelogram,0.05018880664603842,0.024439073034704828,0.0,0.019936684826350692,0.0689168490592682,0.06503173606496948,0.052794802005348584,0.04732895032961426,0.03450706141332571,0.0339643250908811,0.05996974160591606
losange,0.07587222462229926,0.05669859259615306,0.019936684826350692,0.0,0.07953685579303571,0.08660342745641181,0.07208768266976384,0.06165655136037029,0.05388381884103366,0.036950203455707875,0.04600965953956604
isoTrapezoid,0.022470683060046404,0.055215333356749885,0.0689168490592682,0.07953685579303571,0.0,0.022945745692269925,0.02009387628865844,0.0622262263433323,0.060028035696449655,0.025922076093218616,0.03767611774531032
kite,0.01968324521896203,0.03748833988228095,0.06503173606496948,0.08660342745641181,0.022945745692269925,2.220446049250313e-16,0.011693709687946141,0.057079639258228676,0.05370750477471897,0.04688905700703505,0.06827720817319594
rightKite,0.017261148989235142,0.036594313387576016,0.052794802005348584,0.07208768266976384,0.02009387628865844,0.011693709687946141,0.0,0.05382829891604424,0.0493343916165736,0.02612479399937806,0.05273679056640879
rustedHinge,0.03931559913327931,0.031936062281505806,0.04732895032961426,0.06165655136037029,0.0622262263433323,0.057079639258228676,0.05382829891604424,0.0,0.0045255295957722375,0.05102391299882736,0.060020458383632236
hinge,0.03406405632338172,0.021096442521580272,0.03450706141332571,0.05388381884103366,0.060028035696449655,0.05370750477471897,0.0493343916165736,0.0045255295957722375,0.0,0.04447677840662423,0.057648360208639726
trapezoid,0.029052966120049373,0.04196791089479324,0.0339643250908811,0.036950203455707875,0.025922076093218616,0.04688905700703505,0.02612479399937806,0.05102391299882736,0.04447677840662423,2.220446049250313e-16,0.017396659926940283
random,0.05353714641092722,0.07327279486427962,0.05996974160591606,0.04600965953956604,0.03767611774531032,0.06827720817319594,0.05273679056640879,0.060020458383632236,0.057648360208639726,0.017396659926940283,0.0
