,square,rectangle,parallelogram,losange,isoTrapezoid,kite,rightKite,rustedHinge,hinge,trapezoid,random
square,0.0,0.02771003426337637,0.03574843511518744,0.04825548486609621,0.018822252645230186,0.011976349710815404,0.011181871508152308,0.027241960387030306,0.026893237793054636,0.01725070380547633,0.03182273530140034
rectangle,0.02771003426337637,0.0,0.016200935282002837,0.030108814847750742,0.044573390153936354,0.030199286039980455,0.028018150414436893,0.016895458621113635,0.012340456534616129,0.029601064055267412,0.0446147924771253
parallelogram,0.03574843511518744,0.016200935282002837,0.0,0.015722439249510112,0.04610140644115912,0.03811544224590191,0.03378847866161383,0.02315825372769431,0.018387375463127964,0.02982071644173212,0.04166828969114289
losange,0.04825548486609621,0.030108814847750742,0.015722439249510112,0.0,0.04936782717096966,0.04775726386186341,0.04492912023701301,0.027049271956675947,0.025242200558155514,0.03174574623098925,0.031931597882116414
isoTrapezoid,0.018822252645230186,0.044573390153936354,0.04610140644115912,0.04936782717096966,0.0,0.018091809907552547,0.016507150219052025,0.04066749990307439,0.04237546774270162,0.021278532991920063,0.028308385699875593
kite,0.011976349710815404,0.030199286039980455,0.03811544224590191,0.04775726386186341,0.018091809907552547,0.0,0.009266594352895785,0.034602737180184584,0.03434031938543869,0.02447079439585642,0.03608760067220729
rightKite,0.011181871508152308,0.028018150414436893,0.03378847866161383,0.04492912023701301,0.016507150219052025,0.009266594352895785,0.0,0.03093793551912627,0.03046560248915242,0.017170089606328265,0.033664027977381994
rustedHinge,0.027241960387030306,0.016895458621113635,0.02315825372769431,0.027049271956675947,0.04066749990307439,0.034602737180184584,0.03093793551912627,2.220446049250313e-16,0.0053832090053490544,0.027743703901333405,0.03475049359290627
hinge,0.026893237793054636,0.012340456534616129,0.018387375463127964,0.025242200558155514,0.04237546774270162,0.03434031938543869,0.03046560248915242,0.0053832090053490544,0.0,0.02715382707114644,0.0364509556067365
trapezoid,0.01725070380547633,0.029601064055267412,0.02982071644173212,0.03174574623098925,0.021278532991920063,0.02447079439585642,0.017170089606328265,0.027743703901333405,0.02715382707114644,0.0,0.01836056384470386
random,0.03182273530140034,0.0446147924771253,0.04166828969114289,0.031931597882116414,0.028308385699875593,0.03608760067220729,0.033664027977381994,0.03475049359290627,0.0364509556067365,0.01836056384470386,2.220446049250313e-16
