,square,rectangle,parallelogram,losange,isoTrapezoid,kite,rightKite,rustedHinge,hinge,trapezoid,random
square,0.0,0.010595547188494314,0.021537614828053497,0.033087326578877696,0.007529957011042643,0.006492573358870102,0.0037482387293885644,0.013994979913500072,0.01264783124273372,0.010192376983655937,0.02142411335552874
rectangle,0.010595547188494314,0.0,0.00742238486779212,0.019216021938326056,0.021894388546795263,0.01434662271917575,0.012915089901576304,0.01068999129916337,0.0067412514082274555,0.014411857864758848,0.02791713136799001
parallelogram,0.021537614828053497,0.00742238486779212,0.0,0.006151969058869833,0.028610413988250705,0.025643835997682718,0.021326679543696936,0.013651848136418843,0.009145584231744941,0.012589605644778734,0.021891417309191197
losange,0.033087326578877696,0.019216021938326056,0.006151969058869833,0.0,0.03513393058384118,0.03565847188651683,0.031249007810587592,0.018926929380389756,0.016061924957791573,0.016245609395404537,0.016739892739120688
isoTrapezoid,0.007529957011042643,0.021894388546795263,0.028610413988250705,0.03513393058384118,0.0,0.008485940431819716,0.006326953768047261,0.022163327001140543,0.022174999464934397,0.010655725874389677,0.016667269708205534
kite,0.006492573358870102,0.01434662271917575,0.025643835997682718,0.03565847188651683,0.008485940431819716,0.0,0.004117648981665001,0.021939968500489515,0.021210033383444737,0.018655034513709756,0.028443060051754565
rightKite,0.0037482387293885644,0.012915089901576304,0.021326679543696936,0.031249007810587592,0.006326953768047261,0.004117648981665001,0.0,0.01904014328971615,0.017738603125348695,0.010120938653892741,0.022382298155368407
rustedHinge,0.013994979913500072,0.01068999129916337,0.013651848136418843,0.018926929380389756,0.022163327001140543,0.021939968500489515,0.01904014328971615,0.0,0.0012835707881747593,0.014554988064093277,0.019173572535321592
hinge,0.01264783124273372,0.0067412514082274555,0.009145584231744941,0.016061924957791573,0.022174999464934397,0.021210033383444737,0.017738603125348695,0.0012835707881747593,1.1102230246251565e-16,0.012420282846428266,0.019218037526386067
trapezoid,0.010192376983655937,0.014411857864758848,0.012589605644778734,0.016245609395404537,0.010655725874389677,0.018655034513709756,0.010120938653892741,0.014554988064093277,0.012420282846428266,1.1102230246251565e-16,0.006931366166601949
random,0.02142411335552874,0.02791713136799001,0.021891417309191197,0.016739892739120688,0.016667269708205534,0.028443060051754565,0.022382298155368407,0.019173572535321592,0.019218037526386067,0.006931366166601949,0.0
