,square,rectangle,parallelogram,losange,isoTrapezoid,kite,rightKite,rustedHinge,hinge,trapezoid,random
square,0.0,0.03673882646800075,0.11425163128321614,0.2055820684198848,0.10768147936087957,0.07819525217864831,0.07078302482777254,0.14407027999265298,0.10420167857647367,0.09711497517642331,0.1793587133716642
rectangle,0.03673882646800075,0.0,0.09509357545705799,0.20819018205210993,0.15333002520875672,0.10604727818214221,0.1028681043983104,0.13180016921371362,0.08791435020445904,0.13252026463430122,0.2108404159081383
parallelogram,0.11425163128321614,0.09509357545705799,0.0,0.06762241369951438,0.13449605513111895,0.10981079918011705,0.1047828746177144,0.11102035688761325,0.08391724888807328,0.07631802970207957,0.13796627472793543
losange,0.2055820684198848,0.20819018205210993,0.06762241369951438,1.1102230246251565e-16,0.1661687871096691,0.16170939645114613,0.16037670829812212,0.1502958599415043,0.14841073758525136,0.09651159920463803,0.10973295636523728
isoTrapezoid,0.10768147936087957,0.15333002520875672,0.13449605513111895,0.1661687871096691,2.220446049250313e-16,0.06157928717230887,0.04168575976598354,0.1357252048592249,0.12023323108005557,0.05157444261296307,0.08293317156972269
kite,0.07819525217864831,0.10604727818214221,0.10981079918011705,0.16170939645114613,0.06157928717230887,0.0,0.02382326662809886,0.13074117397313878,0.10870907514044204,0.08874703753691826,0.1389026112628413
rightKite,0.07078302482777254,0.1028681043983104,0.1047828746177144,0.16037670829812212,0.04168575976598354,0.02382326662809886,0.0,0.12580562996719336,0.10191902129553931,0.06011545331917956,0.12562032892300223
rustedHinge,0.14407027999265298,0.13180016921371362,0.11102035688761325,0.1502958599415043,0.1357252048592249,0.13074117397313878,0.12580562996719336,0.0,0.016483945261223765,0.12327891423734105,0.12310796696156312
hinge,0.10420167857647367,0.08791435020445904,0.08391724888807328,0.14841073758525136,0.12023323108005557,0.10870907514044204,0.10191902129553931,0.016483945261223765,0.0,0.10158275338784395,0.1243683919344244
trapezoid,0.09711497517642331,0.13252026463430122,0.07631802970207957,0.09651159920463803,0.05157444261296307,0.08874703753691826,0.06011545331917956,0.12327891423734105,0.10158275338784395,0.0,0.05609618635615077
random,0.1793587133716642,0.2108404159081383,0.13796627472793543,0.10973295636523728,0.08293317156972269,0.1389026112628413,0.12562032892300223,0.12310796696156312,0.1243683919344244,0.05609618635615077,0.0
