,square,rectangle,parallelogram,losange,isoTrapezoid,kite,rightKite,rustedHinge,hinge,trapezoid,random
square,2.220446049250313e-16,0.00973524163136208,0.01842712498013721,0.019725046362984444,0.0053234149650913665,0.005370784204638879,0.00366643674966316,0.010783777822031326,0.010549660083592816,0.008045356817798277,0.014250136722256057
rectangle,0.00973524163136208,2.220446049250313e-16,0.005781012207817571,0.01210043868284072,0.019375847706596283,0.012847155341627281,0.01160638129218794,0.00919769362176559,0.005563357925100654,0.013004206776672134,0.025720622886643563
parallelogram,0.01842712498013721,0.005781012207817571,1.1102230246251565e-16,0.004543475508312134,0.025690854994338874,0.022359746131128233,0.018566580197723614,0.013460866400831994,0.008547781160525458,0.01133099197839682,0.023026236975688286
losange,0.019725046362984444,0.01210043868284072,0.004543475508312134,1.1102230246251565e-16,0.02269732947976466,0.02302706484613759,0.018792773362019233,0.01515933960426108,0.01169514028341545,0.007839442569409494,0.014359998602675894
isoTrapezoid,0.0053234149650913665,0.019375847706596283,0.025690854994338874,0.02269732947976466,0.0,0.006279154091522021,0.0050691152442720044,0.018849385099965366,0.018926403182528362,0.0070926481071389436,0.009654109396782129
kite,0.005370784204638879,0.012847155341627281,0.022359746131128233,0.02302706484613759,0.006279154091522021,2.220446049250313e-16,0.0024915511574683524,0.019870723893536724,0.01872396978180879,0.012767869932465037,0.02019614757745891
rightKite,0.00366643674966316,0.01160638129218794,0.018566580197723614,0.018792773362019233,0.0050691152442720044,0.0024915511574683524,0.0,0.01722646767657987,0.01631154888216224,0.007849637318916303,0.016066759530691033
rustedHinge,0.010783777822031326,0.00919769362176559,0.013460866400831994,0.01515933960426108,0.018849385099965366,0.019870723893536724,0.01722646767657987,0.0,0.00114977533821925,0.012874228814423683,0.01833764570453189
hinge,0.010549660083592816,0.005563357925100654,0.008547781160525458,0.01169514028341545,0.018926403182528362,0.01872396978180879,0.01631154888216224,0.00114977533821925,0.0,0.011148573846147314,0.01817905571833145
trapezoid,0.008045356817798277,0.013004206776672134,0.01133099197839682,0.007839442569409494,0.0070926481071389436,0.012767869932465037,0.007849637318916303,0.012874228814423683,0.011148573846147314,1.1102230246251565e-16,0.004285592667271465
random,0.014250136722256057,0.025720622886643563,0.023026236975688286,0.014359998602675894,0.009654109396782129,0.02019614757745891,0.016066759530691033,0.01833764570453189,0.01817905571833145,0.004285592667271465,0.0
