,square,rectangle,parallelogram,losange,isoTrapezoid,kite,rightKite,rustedHinge,hinge,trapezoid,random
square,0.0,8.338359956136204,12.708315908446764,15.597850720077062,9.38095598493182,9.217552454090916,8.873200780137282,12.047377321576267,11.347551695849921,10.376193019720054,14.06233090993588
rectangle,8.338359956136204,0.0,9.216419827242625,13.71178981343339,13.591836274326893,11.617252477170489,11.615751478118435,11.09307227924165,9.478697033005504,12.111482810279083,15.94032591011571
parallelogram,12.708315908446764,9.216419827242625,0.0,7.712255232243206,14.729346371495959,14.573354283989932,13.28998857929667,12.793267081231374,11.190180364297067,10.391980221246163,13.83380030031064
losange,15.597850720077062,13.71178981343339,7.712255232243206,0.0,15.733272845526615,16.55987446733521,15.159993433203953,14.311673463975815,13.440438332999541,10.6879758661872,12.01003584577984
isoTrapezoid,9.38095598493182,13.591836274326893,14.729346371495959,15.733272845526615,0.0,9.135303191089493,8.222593919684497,14.199241854666992,14.033641954848273,9.012971857418904,11.223343268571108
kite,9.217552454090916,11.617252477170489,14.573354283989932,16.55987446733521,9.135303191089493,0.0,6.262852645251108,13.65727031095369,13.33240079415139,12.688277764513225,15.024379509535265
rightKite,8.873200780137282,11.615751478118435,13.28998857929667,15.159993433203953,8.222593919684497,6.262852645251108,0.0,13.271460031044898,12.828506136622352,9.576394990148907,13.187807341897992
rustedHinge,12.047377321576267,11.09307227924165,12.793267081231374,14.311673463975815,14.199241854666992,13.65727031095369,13.271460031044898,0.0,3.84130995700103,13.192832037401754,13.883851786136873
hinge,11.347551695849921,9.478697033005504,11.190180364297067,13.440438332999541,14.033641954848273,13.33240079415139,12.828506136622352,3.84130995700103,0.0,12.450966182141775,13.58086131148393
trapezoid,10.376193019720054,12.111482810279083,10.391980221246163,10.6879758661872,9.012971857418904,12.688277764513225,9.576394990148907,13.192832037401754,12.450966182141775,0.0,7.791139715971136
random,14.06233090993588,15.94032591011571,13.83380030031064,12.01003584577984,11.223343268571108,15.024379509535265,13.187807341897992,13.883851786136873,13.58086131148393,7.791139715971136,0.0
