,square,rectangle,parallelogram,losange,isoTrapezoid,kite,rightKite,rustedHinge,hinge,trapezoid,random
square,0.0,2.0301259535539438,2.5768355947665995,3.0918603373370197,1.6428647655910331,1.3873991653992161,1.1424349060598082,2.170142827065308,2.091939754374088,1.7826369451310842,2.5307529680423912
rectangle,2.0301259535539438,0.0,1.6418244396821335,2.458729464672958,2.8300821275723047,2.3097999729534218,2.2046219425483344,1.7590833923876559,1.3872236311765795,2.3045913086145764,2.9948070575790653
parallelogram,2.5768355947665995,1.6418244396821335,0.0,1.641951886200158,2.9860657652125733,2.803428119860916,2.553929877107732,2.140410272797341,1.8135696281328142,2.2368530540975278,2.8248155347033688
losange,3.0918603373370197,2.458729464672958,1.641951886200158,0.0,3.1368957169235907,3.185807151090418,3.015639304481518,2.3787487185392377,2.2630189372091163,2.3439470926732313,2.386807482110101
isoTrapezoid,1.6428647655910331,2.8300821275723047,2.9860657652125733,3.1368957169235907,0.0,1.6817674594110719,1.5959382763030374,2.7914914308737395,2.8001369897709516,1.8713888139184875,2.2672905697882246
kite,1.3873991653992161,2.3097999729534218,2.803428119860916,3.185807151090418,1.6817674594110719,0.0,1.194800734969995,2.617179224888202,2.5854511837704064,2.2799852710855624,2.8146961908948605
rightKite,1.1424349060598082,2.2046219425483344,2.553929877107732,3.015639304481518,1.5959382763030374,1.194800734969995,0.0,2.465659408948946,2.4001077221765876,1.7455184511293804,2.6183794962064195
rustedHinge,2.170142827065308,1.7590833923876559,2.140410272797341,2.3787487185392377,2.7914914308737395,2.617179224888202,2.465659408948946,0.0,0.7036410944266318,2.327197737874697,2.6071852927861854
hinge,2.091939754374088,1.3872236311765795,1.8135696281328142,2.2630189372091163,2.8001369897709516,2.5854511837704064,2.4001077221765876,0.7036410944266318,0.0,2.2262058407249543,2.648987574837824
trapezoid,1.7826369451310842,2.3045913086145764,2.2368530540975278,2.3439470926732313,1.8713888139184875,2.2799852710855624,1.7455184511293804,2.327197737874697,2.2262058407249543,0.0,1.6893467227024
random,2.5307529680423912,2.9948070575790653,2.8248155347033688,2.386807482110101,2.2672905697882246,2.8146961908948605,2.6183794962064195,2.6071852927861854,2.648987574837824,1.6893467227024,0.0
