,square,rectangle,parallelogram,losange,isoTrapezoid,kite,rightKite,rustedHinge,hinge,trapezoid,random
square,0.0,5.401719514115123,7.991724311429219,9.841179732710627,5.357015848687839,5.0083914140534604,4.695126253071861,7.074230243948441,6.589421174298603,6.087136418424489,8.24975777097015
rectangle,5.401719514115123,0.0,5.571797225372604,8.498349552657338,8.387909268046082,6.900707503953402,6.827560014688784,6.369016128107726,5.180346640616388,7.307251084212436,9.640076570498126
parallelogram,7.991724311429219,5.571797225372604,0.0,5.022334053888554,9.340430373570877,9.056123208981301,8.173778143441378,7.7256021385465505,6.602239063382531,6.551724360581601,8.690764231035745
losange,9.841179732710627,8.498349552657338,5.022334053888554,0.0,10.052412113631807,10.470209985240533,9.568190998284988,8.83454658702662,8.265340297406404,6.846500691985158,7.6279699751275984
isoTrapezoid,5.357015848687839,8.387909268046082,9.340430373570877,10.052412113631807,0.0,5.3916415880394455,5.052726847467092,8.876968467358969,8.725357974143584,5.735329441454919,6.903735284358434
kite,5.0083914140534604,6.900707503953402,9.056123208981301,10.470209985240533,5.3916415880394455,0.0,3.8485657436589142,8.486428181305037,8.238508183281535,7.699781511451308,9.27582931063059
rightKite,4.695126253071861,6.827560014688784,8.173778143441378,9.568190998284988,5.052726847467092,3.8485657436589142,0.0,8.254807744118988,7.908680290303746,5.756579401313903,8.1659464561273
rustedHinge,7.074230243948441,6.369016128107726,7.7256021385465505,8.83454658702662,8.876968467358969,8.486428181305037,8.254807744118988,0.0,2.3915629355413226,8.03140407486887,8.696040382115738
hinge,6.589421174298603,5.180346640616388,6.602239063382531,8.265340297406404,8.725357974143584,8.238508183281535,7.908680290303746,2.3915629355413226,0.0,7.504224298588098,8.529460765690084
trapezoid,6.087136418424489,7.307251084212436,6.551724360581601,6.846500691985158,5.735329441454919,7.699781511451308,5.756579401313903,8.03140407486887,7.504224298588098,0.0,4.687368885370207
random,8.24975777097015,9.640076570498126,8.690764231035745,7.6279699751275984,6.903735284358434,9.27582931063059,8.1659464561273,8.696040382115738,8.529460765690084,4.687368885370207,0.0
