,square,rectangle,parallelogram,losange,isoTrapezoid,kite,rightKite,rustedHinge,hinge,trapezoid,random
square,0.0,159.8304856076512,299.78989665828277,374.7242422206906,298.40012051934286,307.2186110277103,318.16470645140953,348.5883863767326,332.82807390783233,293.75607016297135,407.10978181862663
rectangle,159.8304856076512,0.0,246.2875355932764,346.3760332795635,347.1811784631919,335.16600089193594,347.17743203396543,339.4353267062086,315.19246234419506,316.3968464903888,431.0429141608472
parallelogram,299.78989665828277,246.2875355932764,0.0,170.1070512074798,333.6857886260298,339.2374607210987,341.02273111164016,325.8114090562218,309.78919679442504,235.52137286892074,353.32134818349505
losange,374.7242422206906,346.3760332795635,170.1070512074798,0.0,352.45460481151787,366.3740848050444,357.39838469673856,332.02676993885797,326.8831765914637,241.08471018274707,299.61373816396156
isoTrapezoid,298.40012051934286,347.1811784631919,333.6857886260298,352.45460481151787,0.0,203.82093523191702,192.37819280696434,286.75911802257605,286.2575161664291,206.37699607485328,247.5292762667396
kite,307.2186110277103,335.16600089193594,339.2374607210987,366.3740848050444,203.82093523191702,0.0,121.10411527790613,282.07606178551293,273.6880097987565,268.70620292710754,303.2665451586459
rightKite,318.16470645140953,347.17743203396543,341.02273111164016,357.39838469673856,192.37819280696434,121.10411527790613,0.0,268.897344725591,261.8067260341103,234.1292103291214,270.46137572206425
rustedHinge,348.5883863767326,339.4353267062086,325.8114090562218,332.02676993885797,286.75911802257605,282.07606178551293,268.897344725591,0.0,80.11827483973784,298.2349931706932,275.2894199698548
hinge,332.82807390783233,315.19246234419506,309.78919679442504,326.8831765914637,286.2575161664291,273.6880097987565,261.8067260341103,80.11827483973784,0.0,289.888212589432,276.11963515117066
trapezoid,293.75607016297135,316.3968464903888,235.52137286892074,241.08471018274707,206.37699607485328,268.70620292710754,234.1292103291214,298.2349931706932,289.888212589432,0.0,220.56086890077094
random,407.10978181862663,431.0429141608472,353.32134818349505,299.61373816396156,247.5292762667396,303.2665451586459,270.46137572206425,275.2894199698548,276.11963515117066,220.56086890077094,0.0
