,square,rectangle,parallelogram,losange,isoTrapezoid,kite,rightKite,rustedHinge,hinge,trapezoid,random
square,1.1102230246251565e-16,0.005736401527456136,0.03043093470289293,0.03386795495425721,0.04607340810491822,0.030292187615723276,0.020703176346887897,0.018970911283260672,0.017790809632900584,0.01277404501577617,0.06227116337386984
rectangle,0.005736401527456136,0.0,0.01926854903818831,0.025016968735690592,0.056253373180116806,0.030345732698910832,0.024588679140997938,0.021731010711455112,0.020265810198645484,0.019076562824385968,0.07099209334008905
parallelogram,0.03043093470289293,0.01926854903818831,0.0,0.0042306068059818625,0.05615843764272066,0.053145462896075024,0.05153208383258889,0.042975169703836746,0.033751530512760586,0.02800295222068061,0.06817315887696707
losange,0.03386795495425721,0.025016968735690592,0.0042306068059818625,0.0,0.05919795448575327,0.05242360005895075,0.05394838042905059,0.048400834066416265,0.04035491576868944,0.030253649742987943,0.0677669124548208
isoTrapezoid,0.04607340810491822,0.056253373180116806,0.05615843764272066,0.05919795448575327,0.0,0.07732296845678266,0.05377595849487904,0.05358765561394241,0.04454047352498791,0.022676891408749178,0.00994959780865523
kite,0.030292187615723276,0.030345732698910832,0.053145462896075024,0.05242360005895075,0.07732296845678266,1.1102230246251565e-16,0.010303927214933672,0.06830343111869375,0.07022794865994653,0.051015213005713766,0.10324250457949968
rightKite,0.020703176346887897,0.024588679140997938,0.05153208383258889,0.05394838042905059,0.05377595849487904,0.010303927214933672,1.1102230246251565e-16,0.04042647235465335,0.044516399919271255,0.030093257836525833,0.07466035767184287
rustedHinge,0.018970911283260672,0.021731010711455112,0.042975169703836746,0.048400834066416265,0.05358765561394241,0.06830343111869375,0.04042647235465335,1.1102230246251565e-16,0.0027763885775459185,0.01752512821117691,0.06254024494562671
hinge,0.017790809632900584,0.020265810198645484,0.033751530512760586,0.04035491576868944,0.04454047352498791,0.07022794865994653,0.044516399919271255,0.0027763885775459185,1.1102230246251565e-16,0.013255126400174566,0.05318860216101384
trapezoid,0.01277404501577617,0.019076562824385968,0.02800295222068061,0.030253649742987943,0.022676891408749178,0.051015213005713766,0.030093257836525833,0.01752512821117691,0.013255126400174566,0.0,0.03161744482676454
random,0.06227116337386984,0.07099209334008905,0.06817315887696707,0.0677669124548208,0.00994959780865523,0.10324250457949968,0.07466035767184287,0.06254024494562671,0.05318860216101384,0.03161744482676454,0.0
