,square,rectangle,parallelogram,losange,isoTrapezoid,kite,rightKite,rustedHinge,hinge,trapezoid,random
square,1.1102230246251565e-16,0.005591656393334032,0.030373012361421536,0.03421028612004051,0.0459528803711875,0.029873930834879325,0.020462274652273238,0.01845763788270638,0.017388667391104007,0.012987974133037095,0.06251540819182544
rectangle,0.005591656393334032,1.1102230246251565e-16,0.019408079414160118,0.025807290829706342,0.05698162445720656,0.030427727471272537,0.024865667592327334,0.02157948677141608,0.020099576965606825,0.019742215599613866,0.07224978425730799
parallelogram,0.030373012361421536,0.019408079414160118,0.0,0.0042992212899989335,0.05697425013444801,0.05327043813107468,0.051911768704686945,0.042818352714725894,0.033598953122666475,0.028407893883288016,0.06914662049001319
losange,0.03421028612004051,0.025807290829706342,0.0042992212899989335,1.1102230246251565e-16,0.05978672279169395,0.052968725111402826,0.05453398064374215,0.0485344961492129,0.04056658501905963,0.0304238406283327,0.06822772385572073
isoTrapezoid,0.0459528803711875,0.05698162445720656,0.05697425013444801,0.05978672279169395,0.0,0.07684376355952449,0.05365076350595355,0.054337666720702726,0.04545879451586843,0.022598603465233014,0.010119948208331841
kite,0.029873930834879325,0.030427727471272537,0.05327043813107468,0.052968725111402826,0.07684376355952449,0.0,0.010122049857614668,0.06777935704463012,0.06964335934707255,0.050859672277398515,0.10319122726336116
rightKite,0.020462274652273238,0.024865667592327334,0.051911768704686945,0.05453398064374215,0.05365076350595355,0.010122049857614668,0.0,0.04040220155119023,0.04449897279498016,0.030118463808369134,0.07480650311293291
rustedHinge,0.01845763788270638,0.02157948677141608,0.042818352714725894,0.0485344961492129,0.054337666720702726,0.06777935704463012,0.04040220155119023,1.1102230246251565e-16,0.002763649267774504,0.01780880258697559,0.063405080425872
hinge,0.017388667391104007,0.020099576965606825,0.033598953122666475,0.04056658501905963,0.04545879451586843,0.06964335934707255,0.04449897279498016,0.002763649267774504,0.0,0.013666436590243025,0.0541230623864859
trapezoid,0.012987974133037095,0.019742215599613866,0.028407893883288016,0.0304238406283327,0.022598603465233014,0.050859672277398515,0.030118463808369134,0.01780880258697559,0.013666436590243025,0.0,0.03158896786933352
random,0.06251540819182544,0.07224978425730799,0.06914662049001319,0.06822772385572073,0.010119948208331841,0.10319122726336116,0.07480650311293291,0.063405080425872,0.0541230623864859,0.03158896786933352,0.0
