,square,rectangle,parallelogram,losange,isoTrapezoid,kite,rightKite,rustedHinge,hinge,trapezoid,random
square,1.1102230246251565e-16,0.06777556330057932,0.10149420594150294,0.14592217198444146,0.04327780268665349,0.030784979531737644,0.02198035879877369,0.07693331331179698,0.07216564951430338,0.04936003766502517,0.09601862382861237
rectangle,0.06777556330057932,0.0,0.04251367869785616,0.09383709463376233,0.13473778173224626,0.08366782696703767,0.0788848907724411,0.04803809356461053,0.030059511663299232,0.08480981719588276,0.1391078114243708
parallelogram,0.10149420594150294,0.04251367869785616,0.0,0.04627387442523012,0.14257905341433164,0.11806931188946423,0.09829731588601676,0.07060233237009306,0.05143186749691908,0.07653071781510168,0.12424742004362144
losange,0.14592217198444146,0.09383709463376233,0.04627387442523012,0.0,0.15566073353813636,0.1519527672375265,0.13776143264194352,0.08502465557803829,0.07775322929039175,0.08495994175630595,0.09050975349961565
isoTrapezoid,0.04327780268665349,0.13473778173224626,0.14257905341433164,0.15566073353813636,0.0,0.048213562035207214,0.04310075860243867,0.12991123263831472,0.1313126141810983,0.05733355537464102,0.08410968071218372
kite,0.030784979531737644,0.08366782696703767,0.11806931188946423,0.1519527672375265,0.048213562035207214,1.1102230246251565e-16,0.023274330114931296,0.10778699009874415,0.10515426365761249,0.07968482650629405,0.11880764331403892
rightKite,0.02198035879877369,0.0788848907724411,0.09829731588601676,0.13776143264194352,0.04310075860243867,0.023274330114931296,0.0,0.09666078712615034,0.09228063632878447,0.04842541287193025,0.10608923680488969
rustedHinge,0.07693331331179698,0.04803809356461053,0.07060233237009306,0.08502465557803829,0.12991123263831472,0.10778699009874415,0.09666078712615034,0.0,0.00789967460276464,0.0870286412139758,0.10772004832656712
hinge,0.07216564951430338,0.030059511663299232,0.05143186749691908,0.07775322929039175,0.1313126141810983,0.10515426365761249,0.09228063632878447,0.00789967460276464,0.0,0.07965087730809906,0.11025224538773581
trapezoid,0.04936003766502517,0.08480981719588276,0.07653071781510168,0.08495994175630595,0.05733355537464102,0.07968482650629405,0.04842541287193025,0.0870286412139758,0.07965087730809906,0.0,0.047479349169092355
random,0.09601862382861237,0.1391078114243708,0.12424742004362144,0.09050975349961565,0.08410968071218372,0.11880764331403892,0.10608923680488969,0.10772004832656712,0.11025224538773581,0.047479349169092355,0.0
