,square,rectangle,parallelogram,losange,isoTrapezoid,kite,rightKite,rustedHinge,hinge,trapezoid,random
square,0.0,0.005143750685353887,0.028992066980883746,0.03188585061955873,0.04320005910540381,0.028322713737328753,0.018664351779494548,0.015794645311247302,0.015410090166342427,0.011352626129034316,0.05882896909690516
rectangle,0.005143750685353887,0.0,0.018289787130885804,0.023424322271999864,0.05375049226089723,0.028674891649997813,0.022862157350504564,0.018990094727102225,0.01837530078907612,0.017847552208547612,0.06837218398235312
parallelogram,0.028992066980883746,0.018289787130885804,0.0,0.003546609437529047,0.05405873602542188,0.051242647268149644,0.04966931478264425,0.040060880692254774,0.03174463665849059,0.026828429730964,0.06582202039560492
losange,0.03188585061955873,0.023424322271999864,0.003546609437529047,0.0,0.05681446842659055,0.0504436744199932,0.051877563700205465,0.04551142524873908,0.038199765424558496,0.02883055862025896,0.06544797662860513
isoTrapezoid,0.04320005910540381,0.05375049226089723,0.05405873602542188,0.05681446842659055,0.0,0.07564770231310258,0.0527433792818377,0.051704048936909386,0.04290099692927951,0.021740841982610504,0.008604965151511212
kite,0.028322713737328753,0.028674891649997813,0.051242647268149644,0.0504436744199932,0.07564770231310258,1.1102230246251565e-16,0.009903123567322814,0.0665558755783322,0.06889000716447924,0.05005136183488712,0.10114572972951341
rightKite,0.018664351779494548,0.022862157350504564,0.04966931478264425,0.051877563700205465,0.0527433792818377,0.009903123567322814,0.0,0.03911734810640355,0.04348892528718551,0.029416556076510947,0.07295220533042757
rustedHinge,0.015794645311247302,0.018990094727102225,0.040060880692254774,0.04551142524873908,0.051704048936909386,0.0665558755783322,0.03911734810640355,0.0,0.002509210417007468,0.015994671564950824,0.060782336796929126
hinge,0.015410090166342427,0.01837530078907612,0.03174463665849059,0.038199765424558496,0.04290099692927951,0.06889000716447924,0.04348892528718551,0.002509210417007468,1.1102230246251565e-16,0.0121267877114839,0.051615738942618616
trapezoid,0.011352626129034316,0.017847552208547612,0.026828429730964,0.02883055862025896,0.021740841982610504,0.05005136183488712,0.029416556076510947,0.015994671564950824,0.0121267877114839,1.1102230246251565e-16,0.030185280432834416
random,0.05882896909690516,0.06837218398235312,0.06582202039560492,0.06544797662860513,0.008604965151511212,0.10114572972951341,0.07295220533042757,0.060782336796929126,0.051615738942618616,0.030185280432834416,1.1102230246251565e-16
