,square,rectangle,parallelogram,losange,isoTrapezoid,kite,rightKite,rustedHinge,hinge,trapezoid,random
square,0.0,0.005329859674348292,0.02947209047283561,0.032645820517889,0.04393271748415484,0.028874372786609648,0.01923439581455788,0.016554364965099988,0.016058452910547416,0.01192149189652092,0.059771362932983685
rectangle,0.005329859674348292,0.0,0.01859067334564346,0.024084852836109172,0.054609663000758424,0.029259515122148083,0.02347967878861834,0.019628134514510398,0.018882481098476678,0.018454267863017293,0.06932173831895405
parallelogram,0.02947209047283561,0.01859067334564346,0.0,0.003721796277817102,0.054814517912293415,0.05179784272579291,0.050261576182683676,0.04064341297315299,0.03221942208519091,0.027290259019081442,0.06652725480707189
losange,0.032645820517889,0.024084852836109172,0.003721796277817102,0.0,0.05761158291039603,0.051079036645815146,0.05255161987415591,0.046207734398029277,0.03883703723816556,0.029302243940261596,0.06605278687112337
isoTrapezoid,0.04393271748415484,0.054609663000758424,0.054814517912293415,0.05761158291039603,0.0,0.07599367844462457,0.05298324149711697,0.05232112894301233,0.0435070882809786,0.021924088598493263,0.008939733660966231
kite,0.028874372786609648,0.029259515122148083,0.05179784272579291,0.051079036645815146,0.07599367844462457,0.0,0.009993206040288194,0.06705191459991566,0.06934776811587229,0.050355880867867464,0.10162184342113512
rightKite,0.01923439581455788,0.02347967878861834,0.050261576182683676,0.05255161987415591,0.05298324149711697,0.009993206040288194,0.0,0.03954537097882549,0.04390631890209906,0.029617897723278608,0.07336979650480535
rustedHinge,0.016554364965099988,0.019628134514510398,0.04064341297315299,0.046207734398029277,0.05232112894301233,0.06705191459991566,0.03954537097882549,0.0,0.002562035218771186,0.016456625939481495,0.06128576838332278
hinge,0.016058452910547416,0.018882481098476678,0.03221942208519091,0.03883703723816556,0.0435070882809786,0.06934776811587229,0.04390631890209906,0.002562035218771186,0.0,0.012560416119223317,0.0520901171381033
trapezoid,0.01192149189652092,0.018454267863017293,0.027290259019081442,0.029302243940261596,0.021924088598493263,0.050355880867867464,0.029617897723278608,0.016456625939481495,0.012560416119223317,0.0,0.03042994627125295
random,0.059771362932983685,0.06932173831895405,0.06652725480707189,0.06605278687112337,0.008939733660966231,0.10162184342113512,0.07336979650480535,0.06128576838332278,0.0520901171381033,0.03042994627125295,0.0
