,square,rectangle,parallelogram,losange,isoTrapezoid,kite,rightKite,rustedHinge,hinge,trapezoid,random
square,0.0,0.005460459968528397,0.029924653179372318,0.03343085076352148,0.044814758978339864,0.029291712506378076,0.019729928755790715,0.017291617555934224,0.016537170428136516,0.012370782577327821,0.061126786820980494
rectangle,0.005460459968528397,0.0,0.019036494614030897,0.025003315536250792,0.055751532000902326,0.02982114181391149,0.02410222364421022,0.02047885361063162,0.019376180178110047,0.019090987702520046,0.07086092816986422
parallelogram,0.029924653179372318,0.019036494614030897,1.1102230246251565e-16,0.004033053155895416,0.05585171888024354,0.052539424818117575,0.05106012105264768,0.041652436665943426,0.032819616618891434,0.02783628749800926,0.06790265965322961
losange,0.03343085076352148,0.025003315536250792,0.004033053155895416,0.0,0.05865158386605751,0.05203720733377326,0.05351763297633738,0.047253152734255344,0.039581056818544846,0.029841391606828305,0.06715670982443678
isoTrapezoid,0.044814758978339864,0.055751532000902326,0.05585171888024354,0.05865158386605751,0.0,0.07641813162056965,0.053334270515882576,0.05336626506461317,0.044518993742659885,0.02227728264790574,0.009567685426379646
kite,0.029291712506378076,0.02982114181391149,0.052539424818117575,0.05203720733377326,0.07641813162056965,0.0,0.010059910924344995,0.06731961816280152,0.06937563680837999,0.05061950457738695,0.10244902618005147
rightKite,0.019729928755790715,0.02410222364421022,0.05106012105264768,0.05351763297633738,0.053334270515882576,0.010059910924344995,1.1102230246251565e-16,0.0399174479338702,0.044126807712406846,0.029865559623846405,0.07410638520241497
rustedHinge,0.017291617555934224,0.02047885361063162,0.041652436665943426,0.047253152734255344,0.05336626506461317,0.06731961816280152,0.0399174479338702,1.1102230246251565e-16,0.0026699332496865624,0.017101300500827477,0.06245949093934189
hinge,0.016537170428136516,0.019376180178110047,0.032819616618891434,0.039581056818544846,0.044518993742659885,0.06937563680837999,0.044126807712406846,0.0026699332496865624,0.0,0.013090008686187371,0.05321811968273504
trapezoid,0.012370782577327821,0.019090987702520046,0.02783628749800926,0.029841391606828305,0.02227728264790574,0.05061950457738695,0.029865559623846405,0.017101300500827477,0.013090008686187371,0.0,0.031078553410465837
random,0.061126786820980494,0.07086092816986422,0.06790265965322961,0.06715670982443678,0.009567685426379646,0.10244902618005147,0.07410638520241497,0.06245949093934189,0.05321811968273504,0.031078553410465837,1.1102230246251565e-16
