,square,rectangle,parallelogram,losange,isoTrapezoid,kite,rightKite,rustedHinge,hinge,trapezoid,random
square,1.1102230246251565e-16,0.005369436685624063,0.029649348104923257,0.032942711751937526,0.04437037739711769,0.029001310667784885,0.019440625955937874,0.01683587056630731,0.01619258724180983,0.012094066170812656,0.06039960398172006
rectangle,0.005369436685624063,0.0,0.018795400869007994,0.02448289586161234,0.055196088081874484,0.029473442323989074,0.02375658227982247,0.020006194499341157,0.019058093427485878,0.018740148363849518,0.07007962043205784
parallelogram,0.029649348104923257,0.018795400869007994,0.0,0.003857961088593709,0.05533366186292832,0.05216097238761819,0.0506843227013809,0.04114955723995162,0.03247285811680012,0.02753360882953315,0.06721369368945018
losange,0.032942711751937526,0.02448289586161234,0.003857961088593709,0.0,0.058082394481734134,0.051534320219705054,0.05303671531354903,0.046693320907508995,0.039123151016555835,0.029513532117218078,0.06658610851077551
isoTrapezoid,0.04437037739711769,0.055196088081874484,0.05533366186292832,0.058082394481734134,0.0,0.07623139059865913,0.053194894973212836,0.05291879556452228,0.044078359813334966,0.022128421673332288,0.009264635281044153
kite,0.029001310667784885,0.029473442323989074,0.05216097238761819,0.051534320219705054,0.07623139059865913,0.0,0.010024798747739094,0.06711173710757945,0.06925496784672569,0.05046128885609236,0.10206967111512533
rightKite,0.019440625955937874,0.02375658227982247,0.0506843227013809,0.05303671531354903,0.053194894973212836,0.010024798747739094,0.0,0.039694376809327636,0.043963414065181894,0.02974238275964769,0.07376461127443246
rustedHinge,0.01683587056630731,0.020006194499341157,0.04114955723995162,0.046693320907508995,0.05291879556452228,0.06711173710757945,0.039694376809327636,0.0,0.0026130358409273136,0.01676440532647494,0.06194995714457674
hinge,0.01619258724180983,0.019058093427485878,0.03247285811680012,0.039123151016555835,0.044078359813334966,0.06925496784672569,0.043963414065181894,0.0026130358409273136,0.0,0.012800271234838845,0.05271950274598858
trapezoid,0.012094066170812656,0.018740148363849518,0.02753360882953315,0.029513532117218078,0.022128421673332288,0.05046128885609236,0.02974238275964769,0.01676440532647494,0.012800271234838845,0.0,0.03079353736379098
random,0.06039960398172006,0.07007962043205784,0.06721369368945018,0.06658610851077551,0.009264635281044153,0.10206967111512533,0.07376461127443246,0.06194995714457674,0.05271950274598858,0.03079353736379098,0.0
