,square,rectangle,parallelogram,losange,isoTrapezoid,kite,rightKite,rustedHinge,hinge,trapezoid,random
square,1.1102230246251565e-16,0.005833117432384904,0.030774552747228734,0.03476329425138436,0.04668447016592581,0.030439381077409178,0.021013815076232567,0.019123394897567203,0.018026054960494364,0.013457912516122272,0.06339363168057088
rectangle,0.005833117432384904,0.0,0.019660605716061874,0.026279085219657605,0.05745996733736547,0.030800646346522242,0.025210317236519564,0.021962059911792897,0.02047647319369683,0.020084352972012276,0.07277521499635287
parallelogram,0.030774552747228734,0.019660605716061874,0.0,0.0045124238558788,0.05733133722304995,0.05362410362821701,0.05225169831027732,0.043245070009020004,0.03401666012510296,0.02871071204670328,0.06963553998009442
losange,0.03476329425138436,0.026279085219657605,0.0045124238558788,0.0,0.060210146797295416,0.053306675461174846,0.05488295681919808,0.049009546990223085,0.041070171859572735,0.030796493530403146,0.06877447213444698
isoTrapezoid,0.04668447016592581,0.05745996733736547,0.05733133722304995,0.060210146797295416,0.0,0.07728388800302999,0.053915444823549596,0.0544604133836567,0.04557722311771972,0.02276212027686786,0.010245749407002624
kite,0.030439381077409178,0.030800646346522242,0.05362410362821701,0.053306675461174846,0.07728388800302999,0.0,0.010188158272790848,0.06813148305276773,0.07004907001596095,0.05111469395970769,0.10363663713901916
rightKite,0.021013815076232567,0.025210317236519564,0.05225169831027732,0.05488295681919808,0.053915444823549596,0.010188158272790848,1.1102230246251565e-16,0.04052871745538211,0.04468374744625636,0.0302730881940374,0.07512368123590285
rustedHinge,0.019123394897567203,0.021962059911792897,0.043245070009020004,0.049009546990223085,0.0544604133836567,0.06813148305276773,0.04052871745538211,1.1102230246251565e-16,0.002793074988526767,0.017943183395841666,0.06356337433937931
hinge,0.018026054960494364,0.02047647319369683,0.03401666012510296,0.041070171859572735,0.04557722311771972,0.07004907001596095,0.04468374744625636,0.002793074988526767,0.0,0.013825890544317931,0.05433309241905737
trapezoid,0.013457912516122272,0.020084352972012276,0.02871071204670328,0.030796493530403146,0.02276212027686786,0.05111469395970769,0.0302730881940374,0.017943183395841666,0.013825890544317931,1.1102230246251565e-16,0.031851272479966664
random,0.06339363168057088,0.07277521499635287,0.06963553998009442,0.06877447213444698,0.010245749407002624,0.10363663713901916,0.07512368123590285,0.06356337433937931,0.05433309241905737,0.031851272479966664,1.1102230246251565e-16
