,square,rectangle,parallelogram,losange,isoTrapezoid,kite,rightKite,rustedHinge,hinge,trapezoid,random
square,0.0,0.005768748108497035,0.030623401812963746,0.034162104678697736,0.04607542198481196,0.030309581835216814,0.02069154121159178,0.018756970230771386,0.01774295427470629,0.012913602562343418,0.06251566202291126
rectangle,0.005768748108497035,0.0,0.019429455100874016,0.02534979060633158,0.05635661328592745,0.03035736132247624,0.024585894084573234,0.021490136718998465,0.02018605962461484,0.019266934104417488,0.0713366263816213
parallelogram,0.030623401812963746,0.019429455100874016,0.0,0.004333302262452321,0.056416126307968106,0.0532783147879482,0.05171636861064566,0.04292496379061017,0.03381307081004037,0.028242623153934443,0.06855322347749349
losange,0.034162104678697736,0.02534979060633158,0.004333302262452321,0.0,0.05947799600686743,0.05266831124351745,0.054218512039532984,0.04850152083754833,0.040574658625205595,0.030498229434910096,0.06812518092354936
isoTrapezoid,0.04607542198481196,0.05635661328592745,0.056416126307968106,0.05947799600686743,0.0,0.07738204775017643,0.05389460580114258,0.05381710087356195,0.04476735941643406,0.02274581509158069,0.01002288406088292
kite,0.030309581835216814,0.03035736132247624,0.0532783147879482,0.05266831124351745,0.07738204775017643,1.1102230246251565e-16,0.010296698447262775,0.06822424479395062,0.07018465150630904,0.05114251846890683,0.10340047924820239
rightKite,0.02069154121159178,0.024585894084573234,0.05171636861064566,0.054218512039532984,0.05389460580114258,0.010296698447262775,0.0,0.0404340296269875,0.044552563660399724,0.03021117714581767,0.07482977227133114
rustedHinge,0.018756970230771386,0.021490136718998465,0.04292496379061017,0.04850152083754833,0.05381710087356195,0.06822424479395062,0.0404340296269875,0.0,0.0027588314306632444,0.017572150605437598,0.0628361979223454
hinge,0.01774295427470629,0.02018605962461484,0.03381307081004037,0.040574658625205595,0.04476735941643406,0.07018465150630904,0.044552563660399724,0.0027588314306632444,0.0,0.013388314106604349,0.053517486080029375
trapezoid,0.012913602562343418,0.019266934104417488,0.028242623153934443,0.030498229434910096,0.02274581509158069,0.05114251846890683,0.03021117714581767,0.017572150605437598,0.013388314106604349,0.0,0.03170344113260504
random,0.06251566202291126,0.0713366263816213,0.06855322347749349,0.06812518092354936,0.01002288406088292,0.10340047924820239,0.07482977227133114,0.0628361979223454,0.053517486080029375,0.03170344113260504,0.0
