,square,rectangle,parallelogram,losange,isoTrapezoid,kite,rightKite,rustedHinge,hinge,trapezoid,random
square,0.0,0.024216981369382662,0.042378863262227395,0.061476694454353775,0.017110424621619047,0.012730059500937863,0.009346865036568563,0.030028422770707386,0.026956631864924918,0.020328157092297183,0.03957234821160449
rectangle,0.024216981369382662,2.220446049250313e-16,0.01771004650747332,0.04164496136777818,0.05212736144301866,0.032399680622361426,0.03027545494960804,0.021188870435747353,0.012953033898819188,0.03354069004220517,0.05902719641061516
parallelogram,0.042378863262227395,0.01771004650747332,2.220446049250313e-16,0.016059702157183553,0.05909008668777349,0.050339660496444893,0.041814017274397375,0.031187257837499316,0.02203244564400919,0.029016542988217542,0.050334667606666494
losange,0.061476694454353775,0.04164496136777818,0.016059702157183553,0.0,0.06590402427330644,0.06592281205462325,0.05762143577740797,0.040977246899526976,0.03620375677223053,0.032355354600419606,0.03808243315181992
isoTrapezoid,0.017110424621619047,0.05212736144301866,0.05909008668777349,0.06590402427330644,0.0,0.018197133539310517,0.015621421385052736,0.051310211666953265,0.050983210946301316,0.02185172180407602,0.031467420063254536
kite,0.012730059500937863,0.032399680622361426,0.050339660496444893,0.06592281205462325,0.018197133539310517,2.220446049250313e-16,0.009084758174196628,0.04344892992616556,0.041707625217772715,0.03385473791368021,0.05017480241425887
rightKite,0.009346865036568563,0.03027545494960804,0.041814017274397375,0.05762143577740797,0.015621421385052736,0.009084758174196628,0.0,0.03907909808674381,0.03664263708423465,0.01921305253389527,0.04145648706900129
rustedHinge,0.030028422770707386,0.021188870435747353,0.031187257837499316,0.040977246899526976,0.051310211666953265,0.04344892992616556,0.03907909808674381,2.220446049250313e-16,0.003315141326220461,0.03532144084643052,0.04496334242896649
hinge,0.026956631864924918,0.012953033898819188,0.02203244564400919,0.03620375677223053,0.050983210946301316,0.041707625217772715,0.03664263708423465,0.003315141326220461,0.0,0.031363628488918494,0.04525731212100825
trapezoid,0.020328157092297183,0.03354069004220517,0.029016542988217542,0.032355354600419606,0.02185172180407602,0.03385473791368021,0.01921305253389527,0.03532144084643052,0.031363628488918494,0.0,0.01573914098551865
random,0.03957234821160449,0.05902719641061516,0.050334667606666494,0.03808243315181992,0.031467420063254536,0.05017480241425887,0.04145648706900129,0.04496334242896649,0.04525731212100825,0.01573914098551865,0.0
