,square,rectangle,parallelogram,losange,isoTrapezoid,kite,rightKite,rustedHinge,hinge,trapezoid,random
square,2.220446049250313e-16,0.03226901491270251,0.05215266142689223,0.07447580595946113,0.021726663616987274,0.015567840250908405,0.011191873747455339,0.03799095099973959,0.03477242633262889,0.024935855122729778,0.04910557908718993
rectangle,0.03226901491270251,2.220446049250313e-16,0.02167570705828159,0.049866592986151925,0.06781613562075217,0.04130952621242845,0.0387830959304587,0.025600835238384412,0.015552128662493447,0.04266331425792225,0.07295389040347766
parallelogram,0.05215266142689223,0.02167570705828159,0.0,0.02167902274462541,0.07323256523548982,0.060467060264115524,0.05058384032652552,0.03744894884401806,0.026755869015422706,0.037165261359321744,0.06281509470795765
losange,0.07447580595946113,0.049866592986151925,0.02167902274462541,2.220446049250313e-16,0.07932808723269769,0.07761218356338917,0.06935696799201752,0.047164455139786066,0.04259920843825782,0.0403118783316303,0.0452417702817941
isoTrapezoid,0.021726663616987274,0.06781613562075217,0.07323256523548982,0.07932808723269769,0.0,0.023265263558773452,0.020469171965423638,0.0653554171741656,0.06570166903377139,0.027861807735980793,0.04065427423980583
kite,0.015567840250908405,0.04130952621242845,0.060467060264115524,0.07761218356338917,0.023265263558773452,0.0,0.01151864357384258,0.05378482106408433,0.05187562228225473,0.040778112052802795,0.0609276154106978
rightKite,0.011191873747455339,0.0387830959304587,0.05058384032652552,0.06935696799201752,0.020469171965423638,0.01151864357384258,0.0,0.048439502607035556,0.045706916528515995,0.02376066978894731,0.052621461279498516
rustedHinge,0.03799095099973959,0.025600835238384412,0.03744894884401806,0.047164455139786066,0.0653554171741656,0.05378482106408433,0.048439502607035556,0.0,0.004074225420946598,0.043983609802827006,0.05561820238813564
hinge,0.03477242633262889,0.015552128662493447,0.026755869015422706,0.04259920843825782,0.06570166903377139,0.05187562228225473,0.045706916528515995,0.004074225420946598,0.0,0.03993435006487622,0.056913746210826455
trapezoid,0.024935855122729778,0.04266331425792225,0.037165261359321744,0.0403118783316303,0.027861807735980793,0.040778112052802795,0.02376066978894731,0.043983609802827006,0.03993435006487622,2.220446049250313e-16,0.02137593402001392
random,0.04910557908718993,0.07295389040347766,0.06281509470795765,0.0452417702817941,0.04065427423980583,0.0609276154106978,0.052621461279498516,0.05561820238813564,0.056913746210826455,0.02137593402001392,0.0
