,square,rectangle,parallelogram,losange,isoTrapezoid,kite,rightKite,rustedHinge,hinge,trapezoid,random
square,0.0,44.134363376309736,54.07007055969006,65.34921345825246,35.97892006430043,30.35482334894875,25.55673093685551,47.60888294318458,45.622127367632764,38.37923616468165,53.8631675325226
rectangle,44.134363376309736,0.0,35.428580845948225,53.466945733842216,63.540739691113316,49.71322864300758,48.08815470936824,38.724006868886725,30.358445522495778,50.232163656673634,65.22344601616133
parallelogram,54.07007055969006,35.428580845948225,0.0,36.609421695444695,64.85686616910749,58.82573794861961,53.43310214070563,46.26061335209994,39.17416432947747,46.40380620264844,60.41398220194229
losange,65.34921345825246,53.466945733842216,36.609421695444695,0.0,67.77674382649242,66.97341460674755,63.39077259519533,51.197289042072875,48.79644120929108,49.00488822179613,51.198648804487554
isoTrapezoid,35.97892006430043,63.540739691113316,64.85686616910749,67.77674382649242,0.0,37.78187948636833,35.577136466789995,62.55453388624616,62.57392219760833,41.15546983188345,50.00991636435503
kite,30.35482334894875,49.71322864300758,58.82573794861961,66.97341460674755,37.78187948636833,0.0,26.39740710093699,56.697335976766546,55.69412531238242,49.097704501690956,60.02488441430457
rightKite,25.55673093685551,48.08815470936824,53.43310214070563,63.39077259519533,35.577136466789995,26.39740710093699,0.0,53.54869794065269,51.97790132160879,37.83296344165044,56.37535010385445
rustedHinge,47.60888294318458,38.724006868886725,46.26061335209994,51.197289042072875,62.55453388624616,56.697335976766546,53.54869794065269,0.0,15.483499260005976,51.081836565463185,57.16809876800135
hinge,45.622127367632764,30.358445522495778,39.17416432947747,48.79644120929108,62.57392219760833,55.69412531238242,51.97790132160879,15.483499260005976,0.0,48.586237991329185,57.75618643673949
trapezoid,38.37923616468165,50.232163656673634,46.40380620264844,49.00488822179613,41.15546983188345,49.097704501690956,37.83296344165044,51.081836565463185,48.586237991329185,0.0,36.97480181283394
random,53.8631675325226,65.22344601616133,60.41398220194229,51.198648804487554,50.00991636435503,60.02488441430457,56.37535010385445,57.16809876800135,57.75618643673949,36.97480181283394,0.0
