,square,rectangle,parallelogram,losange,isoTrapezoid,kite,rightKite,rustedHinge,hinge,trapezoid,random
square,0.0,274.7211420568083,573.4258860539359,594.3044485754772,698.9404482442889,564.6385405719815,450.2150898910028,410.9333984692293,409.16778940888037,339.18511080838135,814.4698214242192
rectangle,274.7211420568083,0.0,492.2908542769188,559.1644085418295,823.5959761210696,601.8387328667144,539.2175144415653,500.80736993623697,484.2453141537362,472.46580187221315,919.6156500093954
parallelogram,573.4258860539359,492.2908542769188,0.0,199.43349193344397,771.4049340580783,759.0849700027089,743.9868353161694,667.678056723811,599.9188766810158,545.0810362377658,856.9321888151642
losange,594.3044485754772,559.1644085418295,199.43349193344397,0.0,775.8560536153326,742.2722756661345,749.5599585887073,701.15412177396,653.2768261743629,562.9222154861259,844.030443745325
isoTrapezoid,698.9404482442889,823.5959761210696,771.4049340580783,775.8560536153326,0.0,924.6881333836498,769.3332433483549,750.13237212352,693.8035880955671,497.7917494118192,291.847474222008
kite,564.6385405719815,601.8387328667144,759.0849700027089,742.2722756661345,924.6881333836498,0.0,334.72077867918364,868.4901402546295,894.4545567654324,758.3063040227521,1072.5636146413194
rightKite,450.2150898910028,539.2175144415653,743.9868353161694,749.5599585887073,769.3332433483549,334.72077867918364,0.0,659.234261461492,705.4916385284997,578.800657708701,906.9838638649254
rustedHinge,410.9333984692293,500.80736993623697,667.678056723811,701.15412177396,750.13237212352,868.4901402546295,659.234261461492,0.0,174.75678688860324,409.45069776283793,821.1951285668756
hinge,409.16778940888037,484.2453141537362,599.9188766810158,653.2768261743629,693.8035880955671,894.4545567654324,705.4916385284997,174.75678688860324,0.0,353.7950029696019,766.3539144330675
trapezoid,339.18511080838135,472.46580187221315,545.0810362377658,562.9222154861259,497.7917494118192,758.3063040227521,578.800657708701,409.45069776283793,353.7950029696019,0.0,585.7640825128701
random,814.4698214242192,919.6156500093954,856.9321888151642,844.030443745325,291.847474222008,1072.5636146413194,906.9838638649254,821.1951285668756,766.3539144330675,585.7640825128701,0.0
