,square,rectangle,parallelogram,losange,isoTrapezoid,kite,rightKite,rustedHinge,hinge,trapezoid,random
square,0.0,285.2264373746496,589.7461392810885,617.2583547816314,715.9264831346118,582.8362933660505,473.53103196145537,436.41904928662365,431.840869400127,369.9829218876837,835.2334028149666
rectangle,285.2264373746496,0.0,505.5841075252167,581.1267289875927,842.204803586171,621.5747713521843,562.2616961240553,520.1715055415949,500.87796999869556,498.7078548329179,940.7754298206677
parallelogram,589.7461392810885,505.5841075252167,0.0,212.1792534332465,789.5661755452834,776.845225467926,762.9557665012256,684.0101099150073,616.0454723443115,563.0075000860129,874.6649383998908
losange,617.2583547816314,581.1267289875927,212.1792534332465,0.0,795.1087367333824,762.9417411648946,770.6663008411031,719.7754700532456,672.587693088318,580.1071873283042,859.8961823077642
isoTrapezoid,715.9264831346118,842.204803586171,789.5661755452834,795.1087367333824,0.0,932.5318952491349,776.5522863416417,766.4845038405117,711.932255044334,505.2487098535731,313.08988713956103
kite,582.8362933660505,621.5747713521843,776.845225467926,762.9417411648946,932.5318952491349,0.0,340.74901082108545,881.1070170734714,906.7288586169492,768.7543292044779,1083.5182119132494
rightKite,473.53103196145537,562.2616961240553,762.9557665012256,770.6663008411031,776.5522863416417,340.74901082108545,0.0,673.5729686312453,719.4480595428633,588.1306815600356,917.5812994206985
rustedHinge,436.41904928662365,520.1715055415949,684.0101099150073,719.7754700532456,766.4845038405117,881.1070170734714,673.5729686312453,0.0,180.50601101408282,433.56185936303905,835.5205981964418
hinge,431.840869400127,500.87796999869556,616.0454723443115,672.587693088318,711.932255044334,906.7288586169492,719.4480595428633,180.50601101408282,0.0,381.51922825331815,781.4194768107001
trapezoid,369.9829218876837,498.7078548329179,563.0075000860129,580.1071873283042,505.2487098535731,768.7543292044779,588.1306815600356,433.56185936303905,381.51922825331815,0.0,594.1161018052084
random,835.2334028149666,940.7754298206677,874.6649383998908,859.8961823077642,313.08988713956103,1083.5182119132494,917.5812994206985,835.5205981964418,781.4194768107001,594.1161018052084,0.0
