,square,rectangle,parallelogram,losange,isoTrapezoid,kite,rightKite,rustedHinge,hinge,trapezoid,random
square,0.0,293.5926277697133,603.9612279200733,635.1708155888792,734.626057993032,597.2704014790818,489.3536986046318,456.1525633762353,448.20351590006777,386.6833900570197,856.9351831864357
rectangle,293.5926277697133,0.0,518.2051956239482,599.5228444294199,863.1484118221662,637.4218761956236,579.2025329409996,539.1497515092069,515.999823304436,516.2603366553567,963.8530623809539
parallelogram,603.9612279200733,518.2051956239482,0.0,223.19074408944667,808.8639770624287,793.6492741145472,780.4173617076171,701.7891623977026,630.6932823827735,577.4887678732831,894.8445293489323
losange,635.1708155888792,599.5228444294199,223.19074408944667,0.0,814.2101754553246,780.8201325600886,789.0254654303399,737.9076476441903,688.755352985754,594.1427394493593,878.0765521318103
isoTrapezoid,734.626057993032,863.1484118221662,808.8639770624287,814.2101754553246,0.0,948.0441548658504,789.7929967859563,784.9570997774865,730.2107612226104,515.9165922928237,328.659446745601
kite,597.2704014790818,637.4218761956236,793.6492741145472,780.8201325600886,948.0441548658504,0.0,347.16671049218706,895.7152610182987,920.3369369831648,781.5770442264582,1102.0320057950698
rightKite,489.3536986046318,579.2025329409996,780.4173617076171,789.0254654303399,789.7929967859563,347.16671049218706,0.0,686.9063681096702,732.2285295035239,598.7816825153317,934.1867225193757
rustedHinge,456.1525633762353,539.1497515092069,701.7891623977026,737.9076476441903,784.9570997774865,895.7152610182987,686.9063681096702,0.0,186.1790048020527,449.32472256386734,853.7244905060536
hinge,448.20351590006777,515.999823304436,630.6932823827735,688.755352985754,730.2107612226104,920.3369369831648,732.2285295035239,186.1790048020527,0.0,396.69896693717465,799.2666272036822
trapezoid,386.6833900570197,516.2603366553567,577.4887678732831,594.1427394493593,515.9165922928237,781.5770442264582,598.7816825153317,449.32472256386734,396.69896693717465,0.0,607.4901222488562
random,856.9351831864357,963.8530623809539,894.8445293489323,878.0765521318103,328.659446745601,1102.0320057950698,934.1867225193757,853.7244905060536,799.2666272036822,607.4901222488562,0.0
