,square,rectangle,parallelogram,losange,isoTrapezoid,kite,rightKite,rustedHinge,hinge,trapezoid,random
square,0.0,302.1696619279656,613.9937378964119,646.9652365774175,748.7270926874692,610.7851433512144,504.9827205397245,481.35778148388806,469.2624641721956,399.72250984488085,872.0434578320355
rectangle,302.1696619279656,0.0,526.431310670105,609.2349590374505,871.8648744053875,646.6045829065653,588.6592988244158,556.8597644643482,530.4399101279071,522.996071650188,972.3738425715445
parallelogram,613.9937378964119,526.431310670105,0.0,235.53280311097322,816.5194381593519,801.9650116326617,788.186083949159,716.5975026898197,643.3612364325883,584.8865448952491,903.5342669848104
losange,646.9652365774175,609.2349590374505,235.53280311097322,0.0,823.6345356240126,789.1121688399811,797.5242719346764,751.7693329097086,700.934375865178,603.9460195133419,887.8718887648564
isoTrapezoid,748.7270926874692,871.8648744053875,816.5194381593519,823.6345356240126,0.0,954.9996748063402,794.8391866234194,791.4169307675468,735.5494671433272,523.0458827902708,341.67124333910215
kite,610.7851433512144,646.6045829065653,801.9650116326617,789.1121688399811,954.9996748063402,0.0,351.79012058079553,902.9484309637238,926.2514373590607,786.8678809010622,1109.028664543647
rightKite,504.9827205397245,588.6592988244158,788.186083949159,797.5242719346764,794.8391866234194,351.79012058079553,0.0,693.1599855456566,736.901698609565,603.527277467229,940.7772297380761
rustedHinge,481.35778148388806,556.8597644643482,716.5975026898197,751.7693329097086,791.4169307675468,902.9484309637238,693.1599855456566,0.0,190.71827301897397,460.03663202486854,859.6504138597795
hinge,469.2624641721956,530.4399101279071,643.3612364325883,700.934375865178,735.5494671433272,926.2514373590607,736.901698609565,190.71827301897397,0.0,405.57817195779137,805.0164686720498
trapezoid,399.72250984488085,522.996071650188,584.8865448952491,603.9460195133419,523.0458827902708,786.8678809010622,603.527277467229,460.03663202486854,405.57817195779137,0.0,616.4318311055716
random,872.0434578320355,972.3738425715445,903.5342669848104,887.8718887648564,341.67124333910215,1109.028664543647,940.7772297380761,859.6504138597795,805.0164686720498,616.4318311055716,0.0
