,square,rectangle,parallelogram,losange,isoTrapezoid,kite,rightKite,rustedHinge,hinge,trapezoid,random
square,0.0,304.43445328305427,616.9496312726104,651.5298774723603,753.6116826479356,614.050055574278,509.46263874196774,486.1698057987839,473.9440183025264,405.95814425846197,877.4352417840681
rectangle,304.43445328305427,0.0,528.7673214051345,614.1836064642004,877.4467856609616,650.4034200172955,593.3636808380643,560.8143008671402,533.8438051744586,528.9361409427166,978.5129445354032
parallelogram,616.9496312726104,528.7673214051345,0.0,238.02599456922388,821.3804643027056,805.0863222313378,791.7408702199875,719.218470781836,645.7700979245568,588.5797392506029,908.5542013596552
losange,651.5298774723603,614.1836064642004,238.02599456922388,0.0,827.9482623251043,792.8177496821692,801.1445012514107,754.6323577564877,703.9645284925386,606.7981893588185,891.7083051037532
isoTrapezoid,753.6116826479356,877.4467856609616,821.3804643027056,827.9482623251043,0.0,957.0944960448497,796.7061208691645,794.8013953735202,739.4944393409397,524.4118458409902,343.6291301137342
kite,614.050055574278,650.4034200172955,805.0863222313378,792.8177496821692,957.0944960448497,0.0,351.8430191706186,904.6587416281902,927.9809563634594,788.6083628172466,1111.9681785296307
rightKite,509.46263874196774,593.3636808380643,791.7408702199875,801.1445012514107,796.7061208691645,351.8430191706186,0.0,694.644951963644,738.6454076259328,605.002785401383,943.2937848199981
rustedHinge,486.1698057987839,560.8143008671402,719.218470781836,754.6323577564877,794.8013953735202,904.6587416281902,694.644951963644,0.0,191.35267568648086,462.8679042595712,863.2403931511628
hinge,473.9440183025264,533.8438051744586,645.7700979245568,703.9645284925386,739.4944393409397,927.9809563634594,738.6454076259328,191.35267568648086,0.0,409.09466361540257,809.0573660458633
trapezoid,405.95814425846197,528.9361409427166,588.5797392506029,606.7981893588185,524.4118458409902,788.6083628172466,605.002785401383,462.8679042595712,409.09466361540257,0.0,618.2505710397779
random,877.4352417840681,978.5129445354032,908.5542013596552,891.7083051037532,343.6291301137342,1111.9681785296307,943.2937848199981,863.2403931511628,809.0573660458633,618.2505710397779,0.0
