,square,rectangle,parallelogram,losange,isoTrapezoid,kite,rightKite,rustedHinge,hinge,trapezoid,random
square,0.0,304.6104083889997,620.9002852386927,658.1622524948583,760.317444099633,616.9508141673808,512.6767103982377,489.1053986108523,475.80597515053665,410.7939437479788,885.9421753118479
rectangle,304.6104083889997,0.0,533.3066194433882,623.0245137923333,887.8907127359057,656.3722003691654,600.4140895304089,566.7175428924329,538.058594353683,537.2890117808512,990.8976304233629
parallelogram,620.9002852386927,533.3066194433882,0.0,240.6003610246253,832.0171928545763,812.5536108984893,800.311630367054,725.9750290776832,650.8698910370454,595.4664111053299,919.9232779574825
losange,658.1622524948583,623.0245137923333,240.6003610246253,0.0,838.1209993505358,802.1901514821532,810.9372044130148,763.0698280275427,711.389596056215,612.6614589322091,901.3512517711414
isoTrapezoid,760.317444099633,887.8907127359057,832.0171928545763,838.1209993505358,0.0,963.7326840294387,802.7996414926117,804.0897737852383,749.5227541453719,528.2207262691857,348.78062502449404
kite,616.9508141673808,656.3722003691654,812.5536108984893,802.1901514821532,963.7326840294387,0.0,353.26011772963,910.9435312064186,934.065770634775,794.312427989517,1121.393337410403
rightKite,512.6767103982377,600.4140895304089,800.311630367054,810.9372044130148,802.7996414926117,353.26011772963,0.0,700.8374613883711,745.1658382661334,610.1021078793177,952.1023105877068
rustedHinge,489.1053986108523,566.7175428924329,725.9750290776832,763.0698280275427,804.0897737852383,910.9435312064186,700.8374613883711,0.0,193.47566215138673,469.4452805020339,873.1928101597958
hinge,475.80597515053665,538.058594353683,650.8698910370454,711.389596056215,749.5227541453719,934.065770634775,745.1658382661334,193.47566215138673,0.0,415.9682973411799,819.0200666062938
trapezoid,410.7939437479788,537.2890117808512,595.4664111053299,612.6614589322091,528.2207262691857,794.312427989517,610.1021078793177,469.4452805020339,415.9682973411799,0.0,623.6661477188192
random,885.9421753118479,990.8976304233629,919.9232779574825,901.3512517711414,348.78062502449404,1121.393337410403,952.1023105877068,873.1928101597958,819.0200666062938,623.6661477188192,0.0
