,square,rectangle,parallelogram,losange,isoTrapezoid,kite,rightKite,rustedHinge,hinge,trapezoid,random
square,0.0,297.1367018572057,610.3823119929978,643.5775979815127,742.663074401857,603.8640577198786,495.9099852682461,464.9693426332287,455.6303400171562,393.4087648855802,867.2530767484262
rectangle,297.1367018572057,0.0,524.1746656782243,608.2398235305244,872.1126664199132,644.5595317715657,586.290792602344,547.8494630532755,523.0317138720399,523.5586521181787,974.5976322824342
parallelogram,610.3823119929978,524.1746656782243,0.0,228.95601253485364,817.4671855926849,801.2982486739323,787.9778410883434,710.2134087847634,637.7408898718143,584.1140912824051,904.8015549515644
losange,643.5775979815127,608.2398235305244,228.95601253485364,0.0,823.237985637517,789.3810566455322,797.3934117652086,746.7197784478057,696.7142071641201,600.973050581116,887.2427360979822
isoTrapezoid,742.663074401857,872.1126664199132,817.4671855926849,823.237985637517,0.0,955.0089834699427,795.6354887310077,792.9602609521816,738.0493554569391,520.6997962766418,335.9874939957127
kite,603.8640577198786,644.5595317715657,801.2982486739323,789.3810566455322,955.0089834699427,0.0,349.8868800216566,902.4721474677991,926.5860710873499,787.532651522545,1110.82121718388
rightKite,495.9099852682461,586.290792602344,787.9778410883434,797.3934117652086,795.6354887310077,349.8868800216566,0.0,692.9390477710136,737.8894599465342,603.6308941583598,942.0452049149154
rustedHinge,464.9693426332287,547.8494630532755,710.2134087847634,746.7197784478057,792.9602609521816,902.4721474677991,692.9390477710136,0.0,189.07029761421538,456.51082483871676,862.3573784413562
hinge,455.6303400171562,523.0317138720399,637.7408898718143,696.7142071641201,738.0493554569391,926.5860710873499,737.8894599465342,189.07029761421538,0.0,403.4851852276316,807.7302913069993
trapezoid,393.4087648855802,523.5586521181787,584.1140912824051,600.973050581116,520.6997962766418,787.532651522545,603.6308941583598,456.51082483871676,403.4851852276316,0.0,613.96197064532
random,867.2530767484262,974.5976322824342,904.8015549515644,887.2427360979822,335.9874939957127,1110.82121718388,942.0452049149154,862.3573784413562,807.7302913069993,613.96197064532,0.0
