,square,rectangle,parallelogram,losange,isoTrapezoid,kite,rightKite,rustedHinge,hinge,trapezoid,random
square,0.0,300.8667141333228,610.9321267641334,643.0387843331695,747.3109410384731,609.5125964001503,504.17287637406497,483.04822607733126,469.1327025198794,396.82284604779824,868.7641784209386
rectangle,300.8667141333228,0.0,523.3735902324609,604.6813154805344,869.306258074564,645.1261450685814,587.2622856296939,557.8930269544286,530.145831868842,519.4667352337783,968.2561336120305
parallelogram,610.9321267641334,523.3735902324609,0.0,232.67203576091012,813.3261297141735,799.6476665086236,785.5688051186431,716.0195638956715,641.8721407758627,581.4378248392504,899.4899282809068
losange,643.0387843331695,604.6813154805344,232.67203576091012,0.0,820.3508552005499,786.0055206404752,794.3718875607105,750.1183185570214,698.1965491825608,600.6168507321079,883.9704746161691
isoTrapezoid,747.3109410384731,869.306258074564,813.3261297141735,820.3508552005499,0.0,953.2534144403448,792.9574804752818,788.9844417876617,732.806693888014,521.4257012399189,339.85816626381626
kite,609.5125964001503,645.1261450685814,799.6476665086236,786.0055206404752,953.2534144403448,0.0,351.39938688552826,902.3786285450503,925.2792216346836,784.6728783025729,1106.4435774698266
rightKite,504.17287637406497,587.2622856296939,785.5688051186431,794.3718875607105,792.9574804752818,351.39938688552826,0.0,692.362449429022,735.6841188654022,601.4718446752161,938.3748920460068
rustedHinge,483.04822607733126,557.8930269544286,716.0195638956715,750.1183185570214,788.9844417876617,902.3786285450503,692.362449429022,0.0,190.7632947352799,458.7498584015706,856.6205536947963
hinge,469.1327025198794,530.145831868842,641.8721407758627,698.1965491825608,732.806693888014,925.2792216346836,735.6841188654022,190.7632947352799,0.0,403.03983242146745,801.4867951897696
trapezoid,396.82284604779824,519.4667352337783,581.4378248392504,600.6168507321079,521.4257012399189,784.6728783025729,601.4718446752161,458.7498584015706,403.03983242146745,0.0,614.6288843969458
random,868.7641784209386,968.2561336120305,899.4899282809068,883.9704746161691,339.85816626381626,1106.4435774698266,938.3748920460068,856.6205536947963,801.4867951897696,614.6288843969458,0.0
