,square,rectangle,parallelogram,losange,isoTrapezoid,kite,rightKite,rustedHinge,hinge,trapezoid,random
square,0.0,0.003240661176281967,0.004861637999309942,0.007040114476493442,0.0019323817403837928,0.001416273105985244,0.0010071040697074984,0.0034683265199807467,0.003283646479102509,0.0021883419027307616,0.004345613916408753
rectangle,0.003240661176281967,0.0,0.0016200276638625999,0.0035802098207011746,0.00480135793896419,0.003451513682939278,0.0033726208677168357,0.002089347474581338,0.0013221522966452293,0.003559363613569122,0.0053323055617077175
parallelogram,0.004861637999309942,0.0016200276638625999,0.0,0.0018830963652669563,0.0058030156426888135,0.0050172731463972164,0.004494297696574834,0.002837748912632998,0.002015782579670833,0.0035076016345221284,0.005128327136380784
losange,0.007040114476493442,0.0035802098207011746,0.0018830963652669563,0.0,0.006677167854132859,0.006763117087147386,0.006438076819328842,0.0034725503026432625,0.0030822802079669698,0.004095205821858294,0.003924738405357342
isoTrapezoid,0.0019323817403837928,0.00480135793896419,0.0058030156426888135,0.006677167854132859,0.0,0.0019582135701498027,0.0017263310554828104,0.004721402413140785,0.004719386542525905,0.0022048997946675364,0.003246853299131547
kite,0.001416273105985244,0.003451513682939278,0.0050172731463972164,0.006763117087147386,0.0019582135701498027,2.220446049250313e-16,0.0010738911323805445,0.004330708970568198,0.004175414342368011,0.0035290239054209804,0.004997095185720335
rightKite,0.0010071040697074984,0.0033726208677168357,0.004494297696574834,0.006438076819328842,0.0017263310554828104,0.0010738911323805445,0.0,0.003969735304277022,0.003778337768477691,0.0021837402990784183,0.004559141816145695
rustedHinge,0.0034683265199807467,0.002089347474581338,0.002837748912632998,0.0034725503026432625,0.004721402413140785,0.004330708970568198,0.003969735304277022,2.220446049250313e-16,0.0004253385596760806,0.0034970017449437174,0.003977717160439043
hinge,0.003283646479102509,0.0013221522966452293,0.002015782579670833,0.0030822802079669698,0.004719386542525905,0.004175414342368011,0.003778337768477691,0.0004253385596760806,2.220446049250313e-16,0.0031944780760670977,0.00405296055464377
trapezoid,0.0021883419027307616,0.003559363613569122,0.0035076016345221284,0.004095205821858294,0.0022048997946675364,0.0035290239054209804,0.0021837402990784183,0.0034970017449437174,0.0031944780760670977,0.0,0.0020835606385285477
random,0.004345613916408753,0.0053323055617077175,0.005128327136380784,0.003924738405357342,0.003246853299131547,0.004997095185720335,0.004559141816145695,0.003977717160439043,0.00405296055464377,0.0020835606385285477,0.0
