,square,rectangle,parallelogram,losange,isoTrapezoid,kite,rightKite,rustedHinge,hinge,trapezoid,random
square,0.0,0.03405215316965238,0.06919834430721516,0.10473354616769759,0.03931993860642158,0.03209232610148938,0.03159940299955544,0.06214248608454953,0.05115238869736072,0.042575012477695795,0.07449968630373083
rectangle,0.03405215316965238,0.0,0.03790225654696544,0.08176457206253107,0.08147305922717074,0.05807821305573868,0.058764049133934404,0.05195093038839427,0.0329367031495551,0.059228350245324135,0.09900826986556821
parallelogram,0.06919834430721516,0.03790225654696544,0.0,0.02993035678923006,0.09537299018090362,0.08642473511422677,0.07581373506199496,0.06936800540290167,0.050036146641377455,0.04596648100384415,0.08047906255174042
losange,0.10473354616769759,0.08176457206253107,0.02993035678923006,0.0,0.11045902150783837,0.1112968392602568,0.10278098741754704,0.08725514048044747,0.0765378001509065,0.057153369354741135,0.06585139634155068
isoTrapezoid,0.03931993860642158,0.08147305922717074,0.09537299018090362,0.11045902150783837,0.0,0.03293556374521722,0.032598311832363724,0.08809861223573989,0.08508190348011702,0.040328418533438715,0.05277843717437869
kite,0.03209232610148938,0.05807821305573868,0.08642473511422677,0.1112968392602568,0.03293556374521722,1.1102230246251565e-16,0.019054435107181522,0.08154142164161349,0.07555397338042924,0.06267387692316462,0.08369588882686774
rightKite,0.03159940299955544,0.058764049133934404,0.07581373506199496,0.10278098741754704,0.032598311832363724,0.019054435107181522,0.0,0.07922499418503559,0.07297168786147867,0.03900373705281024,0.07147375563768166
rustedHinge,0.06214248608454953,0.05195093038839427,0.06936800540290167,0.08725514048044747,0.08809861223573989,0.08154142164161349,0.07922499418503559,1.1102230246251565e-16,0.007917050925824842,0.07179820221824273,0.07839392878774909
hinge,0.05115238869736072,0.0329367031495551,0.050036146641377455,0.0765378001509065,0.08508190348011702,0.07555397338042924,0.07297168786147867,0.007917050925824842,0.0,0.06127751290404293,0.07566151195400217
trapezoid,0.042575012477695795,0.059228350245324135,0.04596648100384415,0.057153369354741135,0.040328418533438715,0.06267387692316462,0.03900373705281024,0.07179820221824273,0.06127751290404293,0.0,0.026987649759838805
random,0.07449968630373083,0.09900826986556821,0.08047906255174042,0.06585139634155068,0.05277843717437869,0.08369588882686774,0.07147375563768166,0.07839392878774909,0.07566151195400217,0.026987649759838805,1.1102230246251565e-16
