,square,rectangle,parallelogram,losange,isoTrapezoid,kite,rightKite,rustedHinge,hinge,trapezoid,random
square,0.0,0.034294044631893006,0.07482354483047382,0.10483278828300269,0.03365052596359053,0.029652092859748902,0.026752805443607364,0.059883168271967824,0.051743337684813207,0.04251215213907156,0.07686742620101494
rectangle,0.034294044631893006,2.220446049250313e-16,0.042162088353743354,0.07928194269051869,0.07606425598840327,0.05535817808445109,0.05357799308027378,0.04836185627272449,0.032318145781417784,0.059875733588484525,0.10066816613170693
parallelogram,0.07482354483047382,0.042162088353743354,0.0,0.02801302365363756,0.09441543132611585,0.09653901067413206,0.07766990552962305,0.07144840201341163,0.05290016421750898,0.04615188120232894,0.07977202307525177
losange,0.10483278828300269,0.07928194269051869,0.02801302365363756,0.0,0.10482413853393646,0.11939707397935995,0.10095322907285009,0.08645578191580183,0.07510469978772649,0.051103111240720756,0.06172271118404604
isoTrapezoid,0.03365052596359053,0.07606425598840327,0.09441543132611585,0.10482413853393646,0.0,0.03514919808511641,0.03504845674772572,0.08902726569846275,0.08617849594890115,0.04066923439775838,0.05726607019312979
kite,0.029652092859748902,0.05535817808445109,0.09653901067413206,0.11939707397935995,0.03514919808511641,0.0,0.020197733223104253,0.08529259133225076,0.0824911110217591,0.07275322768274595,0.10151373195507452
rightKite,0.026752805443607364,0.05357799308027378,0.07766990552962305,0.10095322907285009,0.03504845674772572,0.020197733223104253,0.0,0.08148169683942341,0.07615450467498586,0.04239597741642842,0.08061467894395924
rustedHinge,0.059883168271967824,0.04836185627272449,0.07144840201341163,0.08645578191580183,0.08902726569846275,0.08529259133225076,0.08148169683942341,0.0,0.006981215490609705,0.07325732376963623,0.08428123463086279
hinge,0.051743337684813207,0.032318145781417784,0.05290016421750898,0.07510469978772649,0.08617849594890115,0.0824911110217591,0.07615450467498586,0.006981215490609705,0.0,0.06299627042012379,0.0798236796558136
trapezoid,0.04251215213907156,0.059875733588484525,0.04615188120232894,0.051103111240720756,0.04066923439775838,0.07275322768274595,0.04239597741642842,0.07325732376963623,0.06299627042012379,0.0,0.025922339150333373
random,0.07686742620101494,0.10066816613170693,0.07977202307525177,0.06172271118404604,0.05726607019312979,0.10151373195507452,0.08061467894395924,0.08428123463086279,0.0798236796558136,0.025922339150333373,0.0
