,square,rectangle,parallelogram,losange,isoTrapezoid,kite,rightKite,rustedHinge,hinge,trapezoid,random
square,2.220446049250313e-16,0.08412181508468863,0.15753552956495154,0.18901860957338357,0.15869964622525334,0.12496657486874818,0.1209736245069093,0.150383856219084,0.1335977334677554,0.1505837864115478,0.19170571624329968
rectangle,0.08412181508468863,0.0,0.13401696793196172,0.17990619592531165,0.18546440361674654,0.1520533048808571,0.15282660133700676,0.15176011015028767,0.12050301013336784,0.1584586931658335,0.2046584266060023
parallelogram,0.15753552956495154,0.13401696793196172,0.0,0.04810514178133796,0.15549062480695597,0.1312240361802569,0.13979657269620116,0.12814914104642783,0.11309887146565045,0.10565891775919867,0.13411799512740719
losange,0.18901860957338357,0.17990619592531165,0.04810514178133796,2.220446049250313e-16,0.16791779837015552,0.1478587824457248,0.15604991413037472,0.1373951980444995,0.13150011761625424,0.11570636728716133,0.11914344435909041
isoTrapezoid,0.15869964622525334,0.18546440361674654,0.15549062480695597,0.16791779837015552,0.0,0.07233167068145574,0.06378417002208814,0.1358489143539896,0.13570887279293997,0.06425327490333688,0.10371901535706829
kite,0.12496657486874818,0.1520533048808571,0.1312240361802569,0.1478587824457248,0.07233167068145574,0.0,0.0354050263716954,0.10510953625385178,0.10252450193018292,0.09005841748990961,0.1107933865240518
rightKite,0.1209736245069093,0.15282660133700676,0.13979657269620116,0.15604991413037472,0.06378417002208814,0.0354050263716954,0.0,0.11093407590731363,0.10676288091982489,0.07305740993393961,0.11816900483674897
rustedHinge,0.150383856219084,0.15176011015028767,0.12814914104642783,0.1373951980444995,0.1358489143539896,0.10510953625385178,0.11093407590731363,0.0,0.021519472157699226,0.12568718462405737,0.11003616628186108
hinge,0.1335977334677554,0.12050301013336784,0.11309887146565045,0.13150011761625424,0.13570887279293997,0.10252450193018292,0.10676288091982489,0.021519472157699226,2.220446049250313e-16,0.11863547284270382,0.11887099530337852
trapezoid,0.1505837864115478,0.1584586931658335,0.10565891775919867,0.11570636728716133,0.06425327490333688,0.09005841748990961,0.07305740993393961,0.12568718462405737,0.11863547284270382,2.220446049250313e-16,0.07114226696326575
random,0.19170571624329968,0.2046584266060023,0.13411799512740719,0.11914344435909041,0.10371901535706829,0.1107933865240518,0.11816900483674897,0.11003616628186108,0.11887099530337852,0.07114226696326575,0.0
