,square,rectangle,parallelogram,losange,isoTrapezoid,kite,rightKite,rustedHinge,hinge,trapezoid,random
square,1.1102230246251565e-16,0.06296972124416689,0.11655903123272815,0.14373253090974603,0.1194113000687087,0.09710944837614532,0.09241630319348382,0.12974542199216055,0.10708568608401547,0.11169363125164977,0.15167504795049092
rectangle,0.06296972124416689,1.1102230246251565e-16,0.10062461067354611,0.13919464131744252,0.1472070061276557,0.12164667052443234,0.12039664001300499,0.12861899086880713,0.0943002363285016,0.1269964278886846,0.16490883865038075
parallelogram,0.11655903123272815,0.10062461067354611,0.0,0.03238780867187485,0.09940596291415527,0.09824606895958599,0.09351413788373297,0.09739789630437068,0.08468177479819117,0.06648024390272156,0.09239764337255962
losange,0.14373253090974603,0.13919464131744252,0.03238780867187485,0.0,0.10203467946300804,0.10864006163345474,0.10451047373837807,0.10448467039791187,0.10140421100621899,0.0702724723007867,0.07745756597497733
isoTrapezoid,0.1194113000687087,0.1472070061276557,0.09940596291415527,0.10203467946300804,1.1102230246251565e-16,0.057074534982914704,0.04509041615385401,0.09955767415054939,0.10053097730409966,0.040771288214510926,0.06699548404382005
kite,0.09710944837614532,0.12164667052443234,0.09824606895958599,0.10864006163345474,0.057074534982914704,0.0,0.024128546693955477,0.07835843063457304,0.07528218206730763,0.07156801021503767,0.0822709480693199
rightKite,0.09241630319348382,0.12039664001300499,0.09351413788373297,0.10451047373837807,0.04509041615385401,0.024128546693955477,1.1102230246251565e-16,0.07815301109633555,0.07502534107039549,0.052976122433500916,0.07829195667954725
rustedHinge,0.12974542199216055,0.12861899086880713,0.09739789630437068,0.10448467039791187,0.09955767415054939,0.07835843063457304,0.07815301109633555,1.1102230246251565e-16,0.014585808931536715,0.09379656262311398,0.08015315743242701
hinge,0.10708568608401547,0.0943002363285016,0.08468177479819117,0.10140421100621899,0.10053097730409966,0.07528218206730763,0.07502534107039549,0.014585808931536715,0.0,0.08905085357796605,0.08673244764340748
trapezoid,0.11169363125164977,0.1269964278886846,0.06648024390272156,0.0702724723007867,0.040771288214510926,0.07156801021503767,0.052976122433500916,0.09379656262311398,0.08905085357796605,0.0,0.04566445196349023
random,0.15167504795049092,0.16490883865038075,0.09239764337255962,0.07745756597497733,0.06699548404382005,0.0822709480693199,0.07829195667954725,0.08015315743242701,0.08673244764340748,0.04566445196349023,0.0
