,square,rectangle,parallelogram,losange,isoTrapezoid,kite,rightKite,rustedHinge,hinge,trapezoid,random
square,0.0,0.05504677575694694,0.13849524853643236,0.17334563681096615,0.11550772260245223,0.09384636458482176,0.08452356164716279,0.14368796017271535,0.12083366777532412,0.12092950099170019,0.1734301894377055
rectangle,0.05504677575694694,1.1102230246251565e-16,0.10695890234878302,0.15522315712719825,0.16031237793536834,0.1295044191000947,0.12497437171676151,0.13046088264680045,0.09154539391422012,0.14112299418771923,0.19332902030430832
parallelogram,0.13849524853643236,0.10695890234878302,0.0,0.035591258585876084,0.15665692742449344,0.1319997218465384,0.13661294329993134,0.13313719197593132,0.1109332704047098,0.09441354062593976,0.13090528797291168
losange,0.17334563681096615,0.15522315712719825,0.035591258585876084,1.1102230246251565e-16,0.1692396379582074,0.15158933581693257,0.1575383825148421,0.1487703584240464,0.13575624094982508,0.1000856021350055,0.10742005500617613
isoTrapezoid,0.11550772260245223,0.16031237793536834,0.15665692742449344,0.1692396379582074,0.0,0.0607660415634691,0.04859531359040903,0.13902814424128795,0.13665428830637782,0.05357371031176328,0.09524023953225003
kite,0.09384636458482176,0.1295044191000947,0.1319997218465384,0.15158933581693257,0.0607660415634691,1.1102230246251565e-16,0.027967607916434267,0.12079872687937654,0.11253209614712367,0.0900347837970138,0.11616389576363972
rightKite,0.08452356164716279,0.12497437171676151,0.13661294329993134,0.1575383825148421,0.04859531359040903,0.027967607916434267,0.0,0.11703076299628279,0.10859235452875082,0.0657869410354377,0.11318634824171026
rustedHinge,0.14368796017271535,0.13046088264680045,0.13313719197593132,0.1487703584240464,0.13902814424128795,0.12079872687937654,0.11703076299628279,0.0,0.016154144922876257,0.1292324488343034,0.12276630354793228
hinge,0.12083366777532412,0.09154539391422012,0.1109332704047098,0.13575624094982508,0.13665428830637782,0.11253209614712367,0.10859235452875082,0.016154144922876257,0.0,0.1182308648234206,0.12514916430627232
trapezoid,0.12092950099170019,0.14112299418771923,0.09441354062593976,0.1000856021350055,0.05357371031176328,0.0900347837970138,0.0657869410354377,0.1292324488343034,0.1182308648234206,0.0,0.054450983409152665
random,0.1734301894377055,0.19332902030430832,0.13090528797291168,0.10742005500617613,0.09524023953225003,0.11616389576363972,0.11318634824171026,0.12276630354793228,0.12514916430627232,0.054450983409152665,0.0
