,square,rectangle,parallelogram,losange,isoTrapezoid,kite,rightKite,rustedHinge,hinge,trapezoid,random
square,0.0,0.10202122551716497,0.20129043456341356,0.24812470465718417,0.19706666336548873,0.14955246201666794,0.13247384385309624,0.19402516252809887,0.16305221747707233,0.18114734765047458,0.25620311097093207
rectangle,0.10202122551716497,0.0,0.15686293266225082,0.21502684665673266,0.21763129323911357,0.17941207183711416,0.1792949519130035,0.16978183700141136,0.12272807258300877,0.17909468857190425,0.25328312897780003
parallelogram,0.20129043456341356,0.15686293266225082,0.0,0.04519367407129071,0.2001409483774821,0.1630685838806596,0.1660975045810037,0.15990141435178018,0.1343272735174459,0.11629394700735285,0.16584404311089873
losange,0.24812470465718417,0.21502684665673266,0.04519367407129071,1.1102230246251565e-16,0.2160692691482774,0.18537393017396153,0.1886965915104365,0.17085527315197702,0.15704486155934505,0.1277010193418111,0.1429029001300417
isoTrapezoid,0.19706666336548873,0.21763129323911357,0.2001409483774821,0.2160692691482774,0.0,0.08572617821005013,0.0775603049698258,0.16944182616175107,0.16891290149571558,0.0754758437349572,0.12282009180915332
kite,0.14955246201666794,0.17941207183711416,0.1630685838806596,0.18537393017396153,0.08572617821005013,0.0,0.037309988019400775,0.13242939437181844,0.12815620074870182,0.11086068411267869,0.1428408766855409
rightKite,0.13247384385309624,0.1792949519130035,0.1660975045810037,0.1886965915104365,0.0775603049698258,0.037309988019400775,0.0,0.1358158639107222,0.130136288559064,0.08202472368029112,0.14237525433814424
rustedHinge,0.19402516252809887,0.16978183700141136,0.15990141435178018,0.17085527315197702,0.16944182616175107,0.13242939437181844,0.1358158639107222,0.0,0.019722694625686765,0.1457890194958622,0.14133120543325228
hinge,0.16305221747707233,0.12272807258300877,0.1343272735174459,0.15704486155934505,0.16891290149571558,0.12815620074870182,0.130136288559064,0.019722694625686765,0.0,0.13389202091702168,0.14545651587196473
trapezoid,0.18114734765047458,0.17909468857190425,0.11629394700735285,0.1277010193418111,0.0754758437349572,0.11086068411267869,0.08202472368029112,0.1457890194958622,0.13389202091702168,1.1102230246251565e-16,0.07133671780377182
random,0.25620311097093207,0.25328312897780003,0.16584404311089873,0.1429029001300417,0.12282009180915332,0.1428408766855409,0.14237525433814424,0.14133120543325228,0.14545651587196473,0.07133671780377182,1.1102230246251565e-16
