,square,rectangle,parallelogram,losange,isoTrapezoid,kite,rightKite,rustedHinge,hinge,trapezoid,random
square,1.1102230246251565e-16,0.06968179064558222,0.10077928976898187,0.11736448775338915,0.1211714637146275,0.08441955990667982,0.09069252922829119,0.09857690629018245,0.08958259430660065,0.10522259741342466,0.12199401238282337
rectangle,0.06968179064558222,0.0,0.07821566430066174,0.10089161706917882,0.11285124581810502,0.08743632889116881,0.0887842209322226,0.08394977115602298,0.07106401732076251,0.0906133626115937,0.11289953184827961
parallelogram,0.10077928976898187,0.07821566430066174,0.0,0.02765845795174393,0.09963334459280015,0.07528544047631502,0.07816149752655044,0.06574485170986288,0.05870109722956307,0.062147308013348335,0.07543937604380757
losange,0.11736448775338915,0.10089161706917882,0.02765845795174393,0.0,0.10565495180569029,0.08421782534700928,0.08797998261815021,0.07563128944002873,0.07328593428929386,0.06608626535856865,0.06739593502536645
isoTrapezoid,0.1211714637146275,0.11285124581810502,0.09963334459280015,0.10565495180569029,1.1102230246251565e-16,0.05298994237499599,0.034274531303507993,0.08288540330038763,0.08333594784174758,0.03667267810496344,0.057390193484242125
kite,0.08441955990667982,0.08743632889116881,0.07528544047631502,0.08421782534700928,0.05298994237499599,1.1102230246251565e-16,0.022049808390740666,0.061031377247635965,0.059708720454292874,0.04987334887824879,0.06092564881527385
rightKite,0.09069252922829119,0.0887842209322226,0.07816149752655044,0.08797998261815021,0.034274531303507993,0.022049808390740666,0.0,0.06260342230398619,0.060885666540405725,0.03555965436945974,0.057353137646896646
rustedHinge,0.09857690629018245,0.08394977115602298,0.06574485170986288,0.07563128944002873,0.08288540330038763,0.061031377247635965,0.06260342230398619,0.0,0.013647590899610318,0.06427071909929072,0.06434028091212174
hinge,0.08958259430660065,0.07106401732076251,0.05870109722956307,0.07328593428929386,0.08333594784174758,0.059708720454292874,0.060885666540405725,0.013647590899610318,0.0,0.062669281931507,0.0673246966234633
trapezoid,0.10522259741342466,0.0906133626115937,0.062147308013348335,0.06608626535856865,0.03667267810496344,0.04987334887824879,0.03555965436945974,0.06427071909929072,0.062669281931507,0.0,0.03406935631450869
random,0.12199401238282337,0.11289953184827961,0.07543937604380757,0.06739593502536645,0.057390193484242125,0.06092564881527385,0.057353137646896646,0.06434028091212174,0.0673246966234633,0.03406935631450869,0.0
