,square,rectangle,parallelogram,losange,isoTrapezoid,kite,rightKite,rustedHinge,hinge,trapezoid,random
square,0.0,0.031216260175615074,0.11305546093929464,0.13655732305307255,0.09545862383498471,0.07743951449998032,0.0773108152861518,0.11682040284625528,0.09455685832694671,0.09718777657546629,0.1404884003248824
rectangle,0.031216260175615074,0.0,0.08291120939596641,0.11515340075544966,0.12650692030760213,0.09470507451013044,0.09597399536243556,0.10480303759067011,0.07560225093206563,0.10935669637004697,0.15246298736409114
parallelogram,0.11305546093929464,0.08291120939596641,0.0,0.027875985962896976,0.13443905472868878,0.115188396736019,0.11715027651435517,0.12110944956999259,0.09751316165854329,0.07527317019636104,0.11331099009305079
losange,0.13655732305307255,0.11515340075544966,0.027875985962896976,0.0,0.1421571479763878,0.12973855645586485,0.13313700849928445,0.13396415875044032,0.11652804247116721,0.07820196806147217,0.09540547559016688
isoTrapezoid,0.09545862383498471,0.12650692030760213,0.13443905472868878,0.1421571479763878,0.0,0.054068734803778495,0.04523648241431677,0.1285669718814929,0.12271979521930187,0.048120024092763614,0.08581889425719691
kite,0.07743951449998032,0.09470507451013044,0.115188396736019,0.12973855645586485,0.054068734803778495,1.1102230246251565e-16,0.023400465804738868,0.10052069479792192,0.09140478512957873,0.07807200737067488,0.09745527179450864
rightKite,0.0773108152861518,0.09597399536243556,0.11715027651435517,0.13313700849928445,0.04523648241431677,0.023400465804738868,0.0,0.09700316122407604,0.08759916618829977,0.05799807693390968,0.0955496273495764
rustedHinge,0.11682040284625528,0.10480303759067011,0.12110944956999259,0.13396415875044032,0.1285669718814929,0.10052069479792192,0.09700316122407604,0.0,0.011377674521118819,0.11631448866491845,0.10812794690475058
hinge,0.09455685832694671,0.07560225093206563,0.09751316165854329,0.11652804247116721,0.12271979521930187,0.09140478512957873,0.08759916618829977,0.011377674521118819,0.0,0.10487852266019748,0.1075276842231534
trapezoid,0.09718777657546629,0.10935669637004697,0.07527317019636104,0.07820196806147217,0.048120024092763614,0.07807200737067488,0.05799807693390968,0.11631448866491845,0.10487852266019748,1.1102230246251565e-16,0.047049622201837504
random,0.1404884003248824,0.15246298736409114,0.11331099009305079,0.09540547559016688,0.08581889425719691,0.09745527179450864,0.0955496273495764,0.10812794690475058,0.1075276842231534,0.047049622201837504,0.0
