,square,rectangle,parallelogram,losange,isoTrapezoid,kite,rightKite,rustedHinge,hinge,trapezoid,random
square,1.1102230246251565e-16,0.056333037196680924,0.058585416347471386,0.08425278138329906,0.024353912078450723,0.02651582581905132,0.0411640402154172,0.08310129397748589,0.051965301851673584,0.0166295509721609,0.04778294991103693
rectangle,0.056333037196680924,0.0,0.02245150726371825,0.06790215669182309,0.11577170849205454,0.08317280940614358,0.08942928717253218,0.07695868334018341,0.02885075092841105,0.04227140756859238,0.11643147458402703
parallelogram,0.058585416347471386,0.02245150726371825,0.0,0.02896827638322197,0.11989339497908691,0.08454429362989391,0.09061071820173983,0.12222456139041926,0.059333575871181266,0.02533205040420161,0.09921318155226921
losange,0.08425278138329906,0.06790215669182309,0.02896827638322197,0.0,0.11293443150973514,0.09017345925983855,0.1113127347873224,0.14326861995989215,0.09513596827111082,0.040210273634685434,0.06710928583806597
isoTrapezoid,0.024353912078450723,0.11577170849205454,0.11989339497908691,0.11293443150973514,0.0,0.028679223350486116,0.059481998570595995,0.09639326480834798,0.0908492393817274,0.04914345907851447,0.029394700400131257
kite,0.02651582581905132,0.08317280940614358,0.08454429362989391,0.09017345925983855,0.028679223350486116,1.1102230246251565e-16,0.016618270082567888,0.12253684180092872,0.09848904135124836,0.040982125425825466,0.06113585666104937
rightKite,0.0411640402154172,0.08942928717253218,0.09061071820173983,0.1113127347873224,0.059481998570595995,0.016618270082567888,0.0,0.13039078675185733,0.10800685852507341,0.05448156118998104,0.09866937951737498
rustedHinge,0.08310129397748589,0.07695868334018341,0.12222456139041926,0.14326861995989215,0.09639326480834798,0.12253684180092872,0.13039078675185733,0.0,0.016954419332599002,0.09381841175822547,0.09139288709836058
hinge,0.051965301851673584,0.02885075092841105,0.059333575871181266,0.09513596827111082,0.0908492393817274,0.09848904135124836,0.10800685852507341,0.016954419332599002,1.1102230246251565e-16,0.0498077723193846,0.08245398477758747
trapezoid,0.0166295509721609,0.04227140756859238,0.02533205040420161,0.040210273634685434,0.04914345907851447,0.040982125425825466,0.05448156118998104,0.09381841175822547,0.0498077723193846,0.0,0.0410648154573372
random,0.04778294991103693,0.11643147458402703,0.09921318155226921,0.06710928583806597,0.029394700400131257,0.06113585666104937,0.09866937951737498,0.09139288709836058,0.08245398477758747,0.0410648154573372,0.0
