,square,rectangle,parallelogram,losange,isoTrapezoid,kite,rightKite,rustedHinge,hinge,trapezoid,random
square,0.0,0.010358541236610619,0.014720332653351487,0.02060093149076958,0.005643712827569369,0.003734927121543552,0.00260899300778783,0.010354784805588824,0.01016586871738756,0.006135156649010098,0.012162499787373604
rectangle,0.010358541236610619,0.0,0.004817425182232493,0.010400338771164752,0.016061697291534505,0.010993353606639,0.010681470617731725,0.005596285197493667,0.0035219792443693665,0.011089382192067787,0.01637769414321366
parallelogram,0.014720332653351487,0.004817425182232493,0.0,0.005227761452486934,0.018220296767149646,0.01518267864934797,0.013722073855848893,0.00802725551041139,0.0058106765610006494,0.011325137381975936,0.01585240194157389
losange,0.02060093149076958,0.010400338771164752,0.005227761452486934,0.0,0.02009326416368107,0.019748676145900812,0.01890780738704434,0.009969083894724617,0.008921360937201417,0.012876129108671086,0.012406936788180833
isoTrapezoid,0.005643712827569369,0.016061697291534505,0.018220296767149646,0.02009326416368107,0.0,0.005733380900434182,0.005196039606531033,0.01495949358127091,0.015436681164972654,0.006632895902505487,0.009493279804493215
kite,0.003734927121543552,0.010993353606639,0.01518267864934797,0.019748676145900812,0.005733380900434182,0.0,0.0028127577489552857,0.012903259098261066,0.012733310547070942,0.009378776259943322,0.01378333426002376
rightKite,0.00260899300778783,0.010681470617731725,0.013722073855848893,0.01890780738704434,0.005196039606531033,0.0028127577489552857,0.0,0.011754920460061435,0.011498667023312592,0.005809156788701864,0.01272298829665841
rustedHinge,0.010354784805588824,0.005596285197493667,0.00802725551041139,0.009969083894724617,0.01495949358127091,0.012903259098261066,0.011754920460061435,0.0,0.001104008856461447,0.0105662583702415,0.012600270164479621
hinge,0.01016586871738756,0.0035219792443693665,0.0058106765610006494,0.008921360937201417,0.015436681164972654,0.012733310547070942,0.011498667023312592,0.001104008856461447,0.0,0.010030005156396848,0.013036532088975483
trapezoid,0.006135156649010098,0.011089382192067787,0.011325137381975936,0.012876129108671086,0.006632895902505487,0.009378776259943322,0.005809156788701864,0.0105662583702415,0.010030005156396848,0.0,0.006200264751905826
random,0.012162499787373604,0.01637769414321366,0.01585240194157389,0.012406936788180833,0.009493279804493215,0.01378333426002376,0.01272298829665841,0.012600270164479621,0.013036532088975483,0.006200264751905826,0.0
