,square,rectangle,parallelogram,losange,isoTrapezoid,kite,rightKite,rustedHinge,hinge,trapezoid,random
square,0.0,0.021234808985186593,0.06222478634628903,0.08440298911848831,0.05651295179838711,0.045709435039870905,0.05144283944923089,0.06140657331531696,0.049422213045833274,0.058152280469681905,0.08032181993896514
rectangle,0.021234808985186593,0.0,0.04150382774321981,0.06829325806799358,0.07833412519048699,0.05870502801304556,0.0658372434773572,0.056623499811249145,0.03995719532434794,0.0663532118404686,0.08998974488641498
parallelogram,0.06222478634628903,0.04150382774321981,0.0,0.017641076683496015,0.08509370930179239,0.07434833426564325,0.07870275745296906,0.06381108978363825,0.049355837958848015,0.04819347652086503,0.06421667119975094
losange,0.08440298911848831,0.06829325806799358,0.017641076683496015,0.0,0.09407151346305886,0.0881868176024041,0.09193431014366693,0.07521488279587762,0.06382953118326795,0.05325739855632339,0.057403073880320066
isoTrapezoid,0.05651295179838711,0.07833412519048699,0.08509370930179239,0.09407151346305886,0.0,0.02848034064493765,0.024243492771085617,0.06607729398878481,0.06618745334141818,0.03170220415126479,0.045806778359330114
kite,0.045709435039870905,0.05870502801304556,0.07434833426564325,0.0881868176024041,0.02848034064493765,2.220446049250313e-16,0.016645423385043823,0.05999283899491625,0.05627299929070784,0.05134359842374614,0.06346812790483103
rightKite,0.05144283944923089,0.0658372434773572,0.07870275745296906,0.09193431014366693,0.024243492771085617,0.016645423385043823,2.220446049250313e-16,0.06219988189011427,0.05900122799400953,0.03623192316651491,0.05855791377092323
rustedHinge,0.06140657331531696,0.056623499811249145,0.06381108978363825,0.07521488279587762,0.06607729398878481,0.05999283899491625,0.06219988189011427,2.220446049250313e-16,0.006660181364374074,0.06050978286237918,0.05804918420564642
hinge,0.049422213045833274,0.03995719532434794,0.049355837958848015,0.06382953118326795,0.06618745334141818,0.05627299929070784,0.05900122799400953,0.006660181364374074,2.220446049250313e-16,0.055590883129714164,0.05736786825113083
trapezoid,0.058152280469681905,0.0663532118404686,0.04819347652086503,0.05325739855632339,0.03170220415126479,0.05134359842374614,0.03623192316651491,0.06050978286237918,0.055590883129714164,0.0,0.021378843109739476
random,0.08032181993896514,0.08998974488641498,0.06421667119975094,0.057403073880320066,0.045806778359330114,0.06346812790483103,0.05855791377092323,0.05804918420564642,0.05736786825113083,0.021378843109739476,0.0
