,square,rectangle,parallelogram,losange,isoTrapezoid,kite,rightKite,rustedHinge,hinge,trapezoid,random
square,0.0,0.007330311005496193,0.011797062168075856,0.016963432520152533,0.00486444964854249,0.0033507471419679247,0.002476972775187436,0.008397103872322842,0.007729932439216047,0.005661075321125031,0.011666891900488086
rectangle,0.007330311005496193,0.0,0.004867916670232786,0.010099058228640989,0.012369002259734141,0.008747800394351302,0.00810963212855309,0.005306269887812909,0.003275216319350127,0.008971008084357024,0.014955534031995232
parallelogram,0.011797062168075856,0.004867916670232786,1.1102230246251565e-16,0.004463579769236281,0.014255031011392472,0.012733180303711955,0.010608171874968653,0.007071894861549022,0.005280645050440791,0.00792772723509061,0.01263908804782643
losange,0.016963432520152533,0.010099058228640989,0.004463579769236281,0.0,0.015989234069776814,0.01670426704721828,0.015174472913911274,0.009141046776771744,0.008585626602417906,0.009271317381083999,0.009747514463171902
isoTrapezoid,0.00486444964854249,0.012369002259734141,0.014255031011392472,0.015989234069776814,1.1102230246251565e-16,0.004553020228531324,0.004184811344043915,0.01207162276589091,0.01214688770063066,0.00546351759524677,0.00842290913796706
kite,0.0033507471419679247,0.008747800394351302,0.012733180303711955,0.01670426704721828,0.004553020228531324,1.1102230246251565e-16,0.002566640965283584,0.01093683201652862,0.010588511838301784,0.008736025254223567,0.013221012708187985
rightKite,0.002476972775187436,0.00810963212855309,0.010608171874968653,0.015174472913911274,0.004184811344043915,0.002566640965283584,1.1102230246251565e-16,0.009518178558598489,0.009051176411164819,0.005059058981021325,0.011145072701251424
rustedHinge,0.008397103872322842,0.005306269887812909,0.007071894861549022,0.009141046776771744,0.01207162276589091,0.01093683201652862,0.009518178558598489,0.0,0.0009927190521458185,0.008445872853730885,0.010674701740483017
hinge,0.007729932439216047,0.003275216319350127,0.005280645050440791,0.008585626602417906,0.01214688770063066,0.010588511838301784,0.009051176411164819,0.0009927190521458185,0.0,0.007889733025755019,0.011272550350266308
trapezoid,0.005661075321125031,0.008971008084357024,0.00792772723509061,0.009271317381083999,0.00546351759524677,0.008736025254223567,0.005059058981021325,0.008445872853730885,0.007889733025755019,1.1102230246251565e-16,0.0048539085902502555
random,0.011666891900488086,0.014955534031995232,0.01263908804782643,0.009747514463171902,0.00842290913796706,0.013221012708187985,0.011145072701251424,0.010674701740483017,0.011272550350266308,0.0048539085902502555,0.0
