,square,rectangle,parallelogram,losange,isoTrapezoid,kite,rightKite,rustedHinge,hinge,trapezoid,random
square,0.0,0.025969166497477603,0.04222669614377539,0.06152549560410414,0.017989186728422202,0.01339405360953505,0.0093750512197871,0.03140583955542775,0.02841568994088184,0.0212982422164123,0.04258077085562406
rectangle,0.025969166497477603,1.1102230246251565e-16,0.017966771985493124,0.04270702959465411,0.057339300807273896,0.034484345068132694,0.0319902915849799,0.022534493420709678,0.013563049416342676,0.03547765286850302,0.06384691540964837
parallelogram,0.04222669614377539,0.017966771985493124,0.0,0.017735191102114856,0.06218917229231491,0.051622011559866454,0.041708579630341136,0.03228118677107805,0.022549666843164173,0.028648994935525418,0.05274955396750869
losange,0.06152549560410414,0.04270702959465411,0.017735191102114856,0.0,0.06778675772548648,0.06674594516801147,0.057868855441738476,0.04068722766734101,0.03629118879314108,0.03151082100799385,0.0366607892667723
isoTrapezoid,0.017989186728422202,0.057339300807273896,0.06218917229231491,0.06778675772548648,0.0,0.019704835564185008,0.01713224619926934,0.05653621733173575,0.05619950467653989,0.024277483810123957,0.03501620944108774
kite,0.01339405360953505,0.034484345068132694,0.051622011559866454,0.06674594516801147,0.019704835564185008,0.0,0.009679581284475103,0.047114734962551474,0.045122404360119495,0.035969626509577246,0.05442437426017199
rightKite,0.0093750512197871,0.0319902915849799,0.041708579630341136,0.057868855441738476,0.01713224619926934,0.009679581284475103,0.0,0.042340949906937486,0.039577495281770236,0.020127114919701095,0.0456371385486084
rustedHinge,0.03140583955542775,0.022534493420709678,0.03228118677107805,0.04068722766734101,0.05653621733173575,0.047114734962551474,0.042340949906937486,0.0,0.0034209246988113895,0.03774795392387342,0.04868273530069189
hinge,0.02841568994088184,0.013563049416342676,0.022549666843164173,0.03629118879314108,0.05619950467653989,0.045122404360119495,0.039577495281770236,0.0034209246988113895,1.1102230246251565e-16,0.03343812886047559,0.049327121169335686
trapezoid,0.0212982422164123,0.03547765286850302,0.028648994935525418,0.03151082100799385,0.024277483810123957,0.035969626509577246,0.020127114919701095,0.03774795392387342,0.03343812886047559,0.0,0.017429966469669544
random,0.04258077085562406,0.06384691540964837,0.05274955396750869,0.0366607892667723,0.03501620944108774,0.05442437426017199,0.0456371385486084,0.04868273530069189,0.049327121169335686,0.017429966469669544,0.0
