,square,rectangle,parallelogram,losange,isoTrapezoid,kite,rightKite,rustedHinge,hinge,trapezoid,random
square,0.0,0.001291838243502097,0.0033045948050525187,0.005167221794060262,0.0028395361378840134,0.002066832572649613,0.0021060082329056318,0.0034401684772952246,0.0030078942868853042,0.002534355742010219,0.0045757444856531215
rectangle,0.001291838243502097,0.0,0.0022168653739036426,0.004441824902891356,0.004411599846923742,0.0029170617046690994,0.003003788789459838,0.0030001313788086126,0.002232299722061737,0.003212967158073954,0.005398470621308049
parallelogram,0.0033045948050525187,0.0022168653739036426,0.0,0.0012154419282331963,0.004095839452869954,0.003397857364942136,0.0030829797414769766,0.002585378187951348,0.0021233707945031988,0.0020348921689763433,0.0033041559627539074
losange,0.005167221794060262,0.004441824902891356,0.0012154419282331963,1.1102230246251565e-16,0.004494396918041432,0.0044991335519913855,0.004102069734859826,0.0033441453054465775,0.0033335380733937603,0.002343216841453777,0.002613660591383127
isoTrapezoid,0.0028395361378840134,0.004411599846923742,0.004095839452869954,0.004494396918041432,0.0,0.0015838400534101682,0.0012729942032433383,0.0037098683998297854,0.003741427179830059,0.001683782221417962,0.0022727989253030767
kite,0.002066832572649613,0.0029170617046690994,0.003397857364942136,0.0044991335519913855,0.0015838400534101682,0.0,0.0007734867835385018,0.0029044514588164594,0.0027466899694303937,0.0026270200600043703,0.003683949288643573
rightKite,0.0021060082329056318,0.003003788789459838,0.0030829797414769766,0.004102069734859826,0.0012729942032433383,0.0007734867835385018,0.0,0.002811687186541345,0.002584192378715766,0.0016300008017305911,0.0030616334202508977
rustedHinge,0.0034401684772952246,0.0030001313788086126,0.002585378187951348,0.0033441453054465775,0.0037098683998297854,0.0029044514588164594,0.002811687186541345,0.0,0.0003601214660832186,0.0030665482001405175,0.0034838475576163264
hinge,0.0030078942868853042,0.002232299722061737,0.0021233707945031988,0.0033335380733937603,0.003741427179830059,0.0027466899694303937,0.002584192378715766,0.0003601214660832186,0.0,0.002843757888380316,0.0036028453960466056
trapezoid,0.002534355742010219,0.003212967158073954,0.0020348921689763433,0.002343216841453777,0.001683782221417962,0.0026270200600043703,0.0016300008017305911,0.0030665482001405175,0.002843757888380316,0.0,0.00127428240272065
random,0.0045757444856531215,0.005398470621308049,0.0033041559627539074,0.002613660591383127,0.0022727989253030767,0.003683949288643573,0.0030616334202508977,0.0034838475576163264,0.0036028453960466056,0.00127428240272065,0.0
