,square,rectangle,parallelogram,losange,isoTrapezoid,kite,rightKite,rustedHinge,hinge,trapezoid,random
square,0.0,0.02284252892169525,0.04575701913391683,0.06593463463010041,0.018821981127512877,0.01548378408420914,0.01083768542355068,0.03292385683898946,0.028058097294920592,0.023318515833492315,0.04567434069564513
rectangle,0.02284252892169525,0.0,0.01981583016763755,0.046942672352027204,0.05366115361280133,0.03374757992019228,0.03112448658608946,0.026836155593056854,0.016193819966380474,0.03506967137624395,0.0662372186230018
parallelogram,0.04575701913391683,0.01981583016763755,0.0,0.015327970095146637,0.06671523148854885,0.058450496318953826,0.04732075925820112,0.037059237684801793,0.02467791326540192,0.028461807826155705,0.05308744556272704
losange,0.06593463463010041,0.046942672352027204,0.015327970095146637,0.0,0.07453109841201999,0.07624122128998045,0.06337422756141942,0.048990159028073244,0.04067926486172335,0.03142891225238087,0.040308549631524526
isoTrapezoid,0.018821981127512877,0.05366115361280133,0.06671523148854885,0.07453109841201999,0.0,0.019786635871031355,0.015969790901830816,0.05600660178798966,0.05376082502050028,0.024829362534452004,0.03522046574388282
kite,0.01548378408420914,0.03374757992019228,0.058450496318953826,0.07624122128998045,0.019786635871031355,1.1102230246251565e-16,0.009764532792035818,0.05083575718162858,0.04732018104184388,0.040657160375154766,0.060797489075557265
rightKite,0.01083768542355068,0.03112448658608946,0.04732075925820112,0.06337422756141942,0.015969790901830816,0.009764532792035818,0.0,0.044617043630705844,0.04059338159035675,0.02235660303337883,0.04687378598201042
rustedHinge,0.03292385683898946,0.026836155593056854,0.037059237684801793,0.048990159028073244,0.05600660178798966,0.05083575718162858,0.044617043630705844,0.0,0.003983249250374077,0.03869058664444125,0.05114379625919774
hinge,0.028058097294920592,0.016193819966380474,0.02467791326540192,0.04067926486172335,0.05376082502050028,0.04732018104184388,0.04059338159035675,0.003983249250374077,0.0,0.031932008504943044,0.04855359246874724
trapezoid,0.023318515833492315,0.03506967137624395,0.028461807826155705,0.03142891225238087,0.024829362534452004,0.040657160375154766,0.02235660303337883,0.03869058664444125,0.031932008504943044,0.0,0.015413608159217662
random,0.04567434069564513,0.0662372186230018,0.05308744556272704,0.040308549631524526,0.03522046574388282,0.060797489075557265,0.04687378598201042,0.05114379625919774,0.04855359246874724,0.015413608159217662,0.0
