,square,rectangle,parallelogram,losange,isoTrapezoid,kite,rightKite,rustedHinge,hinge,trapezoid,random
square,0.0,0.028451670632406723,0.05132902669875572,0.07306544550781802,0.020170827150657877,0.016088368556055443,0.011508746261600367,0.03685084240353731,0.03277483739260145,0.0249116043019757,0.04926853728750613
rectangle,0.028451670632406723,0.0,0.021228566980289743,0.05059378425246619,0.06329389119855433,0.0381199251218346,0.035920271600604625,0.02796480911899002,0.017129162948677945,0.03951784615549547,0.07333580945063534
parallelogram,0.05132902669875572,0.021228566980289743,0.0,0.01848621815539153,0.07421790028072395,0.06181712115571747,0.05114220296904204,0.03854098540861839,0.026672324728224672,0.032991937496303025,0.06028057081826477
losange,0.07306544550781802,0.05059378425246619,0.01848621815539153,0.0,0.0815886586161263,0.08003273343366535,0.06887975123490608,0.049422224151007055,0.04302104146303998,0.03608637594473685,0.04355436917496491
isoTrapezoid,0.020170827150657877,0.06329389119855433,0.07421790028072395,0.0815886586161263,0.0,0.022577296359729493,0.018657483792195007,0.06347779929296626,0.06258349542192776,0.02781448894002303,0.03968299303031897
kite,0.016088368556055443,0.0381199251218346,0.06181712115571747,0.08003273343366535,0.022577296359729493,0.0,0.010826249681411992,0.055387318123306106,0.05243283493858397,0.04276533148828299,0.06464268242341908
rightKite,0.011508746261600367,0.035920271600604625,0.05114220296904204,0.06887975123490608,0.018657483792195007,0.010826249681411992,0.0,0.049834531363818435,0.046299580475978486,0.02392502835784427,0.052214658355211774
rustedHinge,0.03685084240353731,0.02796480911899002,0.03854098540861839,0.049422224151007055,0.06347779929296626,0.055387318123306106,0.049834531363818435,0.0,0.004036188957603604,0.0425505392686204,0.055393128401545866
hinge,0.03277483739260145,0.017129162948677945,0.026672324728224672,0.04302104146303998,0.06258349542192776,0.05243283493858397,0.046299580475978486,0.004036188957603604,0.0,0.03687882878861415,0.05497790309147066
trapezoid,0.0249116043019757,0.03951784615549547,0.032991937496303025,0.03608637594473685,0.02781448894002303,0.04276533148828299,0.02392502835784427,0.0425505392686204,0.03687882878861415,2.220446049250313e-16,0.018280612185288203
random,0.04926853728750613,0.07333580945063534,0.06028057081826477,0.04355436917496491,0.03968299303031897,0.06464268242341908,0.052214658355211774,0.055393128401545866,0.05497790309147066,0.018280612185288203,0.0
