,square,rectangle,parallelogram,losange,isoTrapezoid,kite,rightKite,rustedHinge,hinge,trapezoid,random
square,0.0,0.05061990980458608,0.06653979245880359,0.09478113704281832,0.030158009244595663,0.019186978632653062,0.012484020997745704,0.05072749513633701,0.05006275073122457,0.030662772880236555,0.061616430137448774
rectangle,0.05061990980458608,0.0,0.02592718672868788,0.057239163757644373,0.09650668792382233,0.05828829390934076,0.054921441263865,0.028080020928476168,0.01752133829309399,0.05686542373038528,0.09226150347389239
parallelogram,0.06653979245880359,0.02592718672868788,0.0,0.02773296956876181,0.09470292113761702,0.07233527208566959,0.0626783124901431,0.03977487828368331,0.030214755813075644,0.05307697874493211,0.08217512688055284
losange,0.09478113704281832,0.057239163757644373,0.02773296956876181,0.0,0.10090141724191337,0.09230757184225369,0.08737055472900468,0.05005154974751291,0.04715862722344122,0.05936680393051186,0.06096169723199363
isoTrapezoid,0.030158009244595663,0.09650668792382233,0.09470292113761702,0.10090141724191337,0.0,0.03243373264913452,0.029412574210013753,0.08629537710785373,0.09059647579050789,0.03819347592786482,0.053543416660683185
kite,0.019186978632653062,0.05828829390934076,0.07233527208566959,0.09230757184225369,0.03243373264913452,2.220446049250313e-16,0.01404158085378393,0.06808126394434921,0.06793515203037814,0.045545261577376595,0.06943584309476669
rightKite,0.012484020997745704,0.054921441263865,0.0626783124901431,0.08737055472900468,0.029412574210013753,0.01404158085378393,0.0,0.05993868079027831,0.05913899096826225,0.028563210149650464,0.06555200316581355
rustedHinge,0.05072749513633701,0.028080020928476168,0.03977487828368331,0.05005154974751291,0.08629537710785373,0.06808126394434921,0.05993868079027831,0.0,0.0049126844848349505,0.05336336238712336,0.07013689250453181
hinge,0.05006275073122457,0.01752133829309399,0.030214755813075644,0.04715862722344122,0.09059647579050789,0.06793515203037814,0.05913899096826225,0.0049126844848349505,2.220446049250313e-16,0.05153075715771083,0.07420688819757071
trapezoid,0.030662772880236555,0.05686542373038528,0.05307697874493211,0.05936680393051186,0.03819347592786482,0.045545261577376595,0.028563210149650464,0.05336336238712336,0.05153075715771083,0.0,0.03338134628903322
random,0.061616430137448774,0.09226150347389239,0.08217512688055284,0.06096169723199363,0.053543416660683185,0.06943584309476669,0.06555200316581355,0.07013689250453181,0.07420688819757071,0.03338134628903322,0.0
