,square,rectangle,parallelogram,losange,isoTrapezoid,kite,rightKite,rustedHinge,hinge,trapezoid,random
square,0.0,0.022866260228047386,0.04618698814158828,0.0678596911458168,0.02131745821191322,0.01726050437100579,0.012553848288754388,0.034520367183207834,0.029550808423906005,0.024797304653606744,0.048254062952829524
rectangle,0.022866260228047386,0.0,0.020665156149197506,0.049645654863613276,0.05619797677119365,0.03570858485993622,0.03272264108935041,0.02830561254020003,0.01771684987236888,0.03666511708329523,0.06920295653279229
parallelogram,0.04618698814158828,0.020665156149197506,0.0,0.01688870286621036,0.0685505559545807,0.059652027817678865,0.048116810095861884,0.038110282567774156,0.02616660634850232,0.029343222092084953,0.05520981990293283
losange,0.0678596911458168,0.049645654863613276,0.01688870286621036,1.1102230246251565e-16,0.0768031389200049,0.0780357285633212,0.06461016127653718,0.05113515415139103,0.043618119188271076,0.03235426888526549,0.04218375115554018
isoTrapezoid,0.02131745821191322,0.05619797677119365,0.0685505559545807,0.0768031389200049,0.0,0.020426472753755975,0.016623717311436192,0.05804355075328704,0.05567792236207614,0.025580648270269513,0.035718355321009976
kite,0.01726050437100579,0.03570858485993622,0.059652027817678865,0.0780357285633212,0.020426472753755975,1.1102230246251565e-16,0.01004018884777702,0.05184095603001726,0.048296999067966584,0.041357573194108266,0.061532328506851974
rightKite,0.012553848288754388,0.03272264108935041,0.048116810095861884,0.06461016127653718,0.016623717311436192,0.01004018884777702,0.0,0.045884952609972274,0.0417347164103804,0.022663332827116744,0.04737918505965233
rustedHinge,0.034520367183207834,0.02830561254020003,0.038110282567774156,0.05113515415139103,0.05804355075328704,0.05184095603001726,0.045884952609972274,0.0,0.004072858576032123,0.04084575743621088,0.05376677899310278
hinge,0.029550808423906005,0.01771684987236888,0.02616660634850232,0.043618119188271076,0.05567792236207614,0.048296999067966584,0.0417347164103804,0.004072858576032123,0.0,0.034226394553057315,0.0513096820728145
trapezoid,0.024797304653606744,0.03666511708329523,0.029343222092084953,0.03235426888526549,0.025580648270269513,0.041357573194108266,0.022663332827116744,0.04084575743621088,0.034226394553057315,0.0,0.01599496572422987
random,0.048254062952829524,0.06920295653279229,0.05520981990293283,0.04218375115554018,0.035718355321009976,0.061532328506851974,0.04737918505965233,0.05376677899310278,0.0513096820728145,0.01599496572422987,1.1102230246251565e-16
