,square,rectangle,parallelogram,losange,isoTrapezoid,kite,rightKite,rustedHinge,hinge,trapezoid,random
square,0.0,0.0005891723181533637,0.0015632831800979075,0.00246320264907951,0.0010577416946973006,0.0008356139783494143,0.0007907606734250949,0.0014715388356810744,0.0012603898513610101,0.001106024973250741,0.0019767841515413442
rectangle,0.0005891723181533637,1.1102230246251565e-16,0.0009576826869149846,0.0020217002699046693,0.001869701203776608,0.0012415315082332512,0.0012194756596718426,0.0012240067355447914,0.0008854047409093679,0.0013965475732434784,0.0024065765442645715
parallelogram,0.0015632831800979075,0.0009576826869149846,1.1102230246251565e-16,0.0005234360497259338,0.001977860390387942,0.0017082244318968876,0.0014243594108824809,0.0011788674857455828,0.0009133987545643096,0.000900335423653198,0.0015190364789319233
losange,0.00246320264907951,0.0020217002699046693,0.0005234360497259338,1.1102230246251565e-16,0.002281732123325275,0.0022982533794462245,0.0019518423759994352,0.0015817253007769372,0.001487677064748616,0.0010632400026067135,0.0012258296841856087
isoTrapezoid,0.0010577416946973006,0.001869701203776608,0.001977860390387942,0.002281732123325275,0.0,0.0006593201510937119,0.0004911463778808356,0.0017910264096239192,0.0017002041191062078,0.0007718412890982407,0.001066684500295123
kite,0.0008356139783494143,0.0012415315082332512,0.0017082244318968876,0.0022982533794462245,0.0006593201510937119,0.0,0.0003189700467206569,0.0014476285140623268,0.0013332445969070905,0.001298090006637942,0.0017961328137849897
rightKite,0.0007907606734250949,0.0012194756596718426,0.0014243594108824809,0.0019518423759994352,0.0004911463778808356,0.0003189700467206569,0.0,0.0013667807147331734,0.0012201921386857384,0.0007289081371131267,0.0013552174292406072
rustedHinge,0.0014715388356810744,0.0012240067355447914,0.0011788674857455828,0.0015817253007769372,0.0017910264096239192,0.0014476285140623268,0.0013667807147331734,0.0,0.00013286801836964734,0.001455308200509542,0.001644674937573587
hinge,0.0012603898513610101,0.0008854047409093679,0.0009133987545643096,0.001487677064748616,0.0017002041191062078,0.0013332445969070905,0.0012201921386857384,0.00013286801836964734,0.0,0.0012728761940399291,0.001581544534908108
trapezoid,0.001106024973250741,0.0013965475732434784,0.000900335423653198,0.0010632400026067135,0.0007718412890982407,0.001298090006637942,0.0007289081371131267,0.001455308200509542,0.0012728761940399291,0.0,0.000504120576322098
random,0.0019767841515413442,0.0024065765442645715,0.0015190364789319233,0.0012258296841856087,0.001066684500295123,0.0017961328137849897,0.0013552174292406072,0.001644674937573587,0.001581544534908108,0.000504120576322098,1.1102230246251565e-16
