,square,rectangle,parallelogram,losange,isoTrapezoid,kite,rightKite,rustedHinge,hinge,trapezoid,random
square,0.0,0.0014218002978699795,0.003691908474395711,0.005860702592061284,0.0032359910738967157,0.0022966004162258136,0.0023203471222780214,0.0038449496946053596,0.0033417023712920546,0.0028552436391982017,0.005263125513518707
rectangle,0.0014218002978699795,0.0,0.002480722175156047,0.005026891446042736,0.004977819496766456,0.003261026224203434,0.0033512492262137705,0.0033525551596207404,0.0024871770416579064,0.0036179309947949045,0.0061472893488047076
parallelogram,0.003691908474395711,0.002480722175156047,0.0,0.001399480755651994,0.004618767073660046,0.003775452572469473,0.0034772340466434626,0.00287785414920394,0.0023816237590804645,0.0023149785025239344,0.0037999012146650024
losange,0.005860702592061284,0.005026891446042736,0.001399480755651994,0.0,0.005120346738039627,0.0050585512794855125,0.004667403181283447,0.0037198997711674897,0.0037505879007982967,0.0027120652817763657,0.003044893615862132
isoTrapezoid,0.0032359910738967157,0.004977819496766456,0.004618767073660046,0.005120346738039627,0.0,0.0017741725929607544,0.0014636382383994562,0.004202274857946109,0.0042465374297869785,0.0018866645982312802,0.0025589839299907657
kite,0.0022966004162258136,0.003261026224203434,0.003775452572469473,0.0050585512794855125,0.0017741725929607544,0.0,0.0008686308843880441,0.0032446629659246273,0.003059863400530771,0.0028806108529163543,0.004153776319873237
rightKite,0.0023203471222780214,0.0033512492262137705,0.0034772340466434626,0.004667403181283447,0.0014636382383994562,0.0008686308843880441,0.0,0.0031674223439907,0.0029082490919137838,0.0017974135607836672,0.003527042475464537
rustedHinge,0.0038449496946053596,0.0033525551596207404,0.00287785414920394,0.0037198997711674897,0.004202274857946109,0.0032446629659246273,0.0031674223439907,1.1102230246251565e-16,0.00041088834196678636,0.003450416288445446,0.00400300775412632
hinge,0.0033417023712920546,0.0024871770416579064,0.0023816237590804645,0.0037505879007982967,0.0042465374297869785,0.003059863400530771,0.0029082490919137838,0.00041088834196678636,1.1102230246251565e-16,0.0032052457095981257,0.0041514674273576135
trapezoid,0.0028552436391982017,0.0036179309947949045,0.0023149785025239344,0.0027120652817763657,0.0018866645982312802,0.0028806108529163543,0.0017974135607836672,0.003450416288445446,0.0032052457095981257,0.0,0.001491475629836203
random,0.005263125513518707,0.0061472893488047076,0.0037999012146650024,0.003044893615862132,0.0025589839299907657,0.004153776319873237,0.003527042475464537,0.00400300775412632,0.0041514674273576135,0.001491475629836203,0.0
