,square,rectangle,parallelogram,losange,isoTrapezoid,kite,rightKite,rustedHinge,hinge,trapezoid,random
square,0.0,0.04719640960383675,0.0980511374225177,0.12925844951011145,0.041639211492771167,0.039383304709652234,0.036916435721610075,0.06916010878920376,0.06336690601698858,0.056068659531358755,0.0964017676934309
rectangle,0.04719640960383675,0.0,0.04576296394035351,0.08957924515574356,0.10602777592028345,0.07943609536347274,0.07544100348943472,0.060000592638090544,0.043502367250061735,0.08190274754499627,0.13281881844775867
parallelogram,0.0980511374225177,0.04576296394035351,2.220446049250313e-16,0.028307333787875755,0.12552777095400336,0.1287757282842824,0.10009987392887165,0.09543704993974578,0.07182691846783185,0.06607030465168884,0.10630514442040107
losange,0.12925844951011145,0.08957924515574356,0.028307333787875755,0.0,0.13353016790472028,0.15101145298610397,0.12038888778551371,0.11393560735702002,0.0969825455173331,0.06381991238625506,0.08161431378785133
isoTrapezoid,0.041639211492771167,0.10602777592028345,0.12552777095400336,0.13353016790472028,0.0,0.04377620194562648,0.03749049535983118,0.11404344839464708,0.11142352382522047,0.04693241755456112,0.06582377858142208
kite,0.039383304709652234,0.07943609536347274,0.1287757282842824,0.15101145298610397,0.04377620194562648,0.0,0.022964960841833526,0.10268099317575041,0.10017199859945736,0.09039079009526463,0.11808298200602962
rightKite,0.036916435721610075,0.07544100348943472,0.10009987392887165,0.12038888778551371,0.03749049535983118,0.022964960841833526,0.0,0.09930652840395682,0.0936654707684178,0.0481675189204267,0.09035261386174287
rustedHinge,0.06916010878920376,0.060000592638090544,0.09543704993974578,0.11393560735702002,0.11404344839464708,0.10268099317575041,0.09930652840395682,0.0,0.008306719820425412,0.09767681378752235,0.10712919561454592
hinge,0.06336690601698858,0.043502367250061735,0.07182691846783185,0.0969825455173331,0.11142352382522047,0.10017199859945736,0.0936654707684178,0.008306719820425412,0.0,0.08615178858859862,0.10026304863479829
trapezoid,0.056068659531358755,0.08190274754499627,0.06607030465168884,0.06381991238625506,0.04693241755456112,0.09039079009526463,0.0481675189204267,0.09767681378752235,0.08615178858859862,0.0,0.03229304765784502
random,0.0964017676934309,0.13281881844775867,0.10630514442040107,0.08161431378785133,0.06582377858142208,0.11808298200602962,0.09035261386174287,0.10712919561454592,0.10026304863479829,0.03229304765784502,0.0
