,square,rectangle,parallelogram,losange,isoTrapezoid,kite,rightKite,rustedHinge,hinge,trapezoid,random
square,1.1102230246251565e-16,0.06430235442014676,0.09502493397293088,0.13204819977116167,0.04035197099713972,0.027714393047196362,0.021443310844251218,0.06818453686801329,0.0658188670582931,0.0430282320771741,0.08431179199605154
rectangle,0.06430235442014676,0.0,0.03862465555209782,0.0803829935864605,0.11388889644400546,0.0764366112134276,0.07070690706652794,0.04218505484450574,0.02818446870512592,0.07521128450611192,0.1194720477583221
parallelogram,0.09502493397293088,0.03862465555209782,1.1102230246251565e-16,0.04005630061477394,0.1252942610432317,0.10741815489523376,0.09192801490322944,0.06136048938746086,0.046039158839673355,0.07713490843208826,0.11380212450724803
losange,0.13204819977116167,0.0803829935864605,0.04005630061477394,0.0,0.13690884159117667,0.1366229666183233,0.12532806917020956,0.07314268550104142,0.06703807522895477,0.08417443160597626,0.08539073046175871
isoTrapezoid,0.04035197099713972,0.11388889644400546,0.1252942610432317,0.13690884159117667,1.1102230246251565e-16,0.04279660270648533,0.038256167071757274,0.10713051209461344,0.11023702764216103,0.051565388366558884,0.07382656349349548
kite,0.027714393047196362,0.0764366112134276,0.10741815489523376,0.1366229666183233,0.04279660270648533,0.0,0.021055043041835142,0.09377100901538316,0.09252427667566065,0.06723468085700524,0.10218468765051325
rightKite,0.021443310844251218,0.07070690706652794,0.09192801490322944,0.12532806917020956,0.038256167071757274,0.021055043041835142,0.0,0.08285148964957978,0.08032074221450425,0.04328171108569623,0.09167237252357285
rustedHinge,0.06818453686801329,0.04218505484450574,0.06136048938746086,0.07314268550104142,0.10713051209461344,0.09377100901538316,0.08285148964957978,0.0,0.00891377309011776,0.07351184555369727,0.09168062891866513
hinge,0.0658188670582931,0.02818446870512592,0.046039158839673355,0.06703807522895477,0.11023702764216103,0.09252427667566065,0.08032074221450425,0.00891377309011776,0.0,0.06960278433760436,0.09554104695770627
trapezoid,0.0430282320771741,0.07521128450611192,0.07713490843208826,0.08417443160597626,0.051565388366558884,0.06723468085700524,0.04328171108569623,0.07351184555369727,0.06960278433760436,1.1102230246251565e-16,0.04479893401826629
random,0.08431179199605154,0.1194720477583221,0.11380212450724803,0.08539073046175871,0.07382656349349548,0.10218468765051325,0.09167237252357285,0.09168062891866513,0.09554104695770627,0.04479893401826629,1.1102230246251565e-16
