,square,rectangle,parallelogram,losange,isoTrapezoid,kite,rightKite,rustedHinge,hinge,trapezoid,random
square,0.0,0.04673798603653956,0.0737761506870146,0.10426108050737393,0.029303063744919977,0.02112512885000184,0.015620237756159172,0.05274230088061027,0.04955146674767885,0.03408750430597385,0.0656609208924267
rectangle,0.04673798603653956,0.0,0.030638134193493816,0.06464343751908241,0.08628910644887544,0.0574529976097099,0.05405952885205478,0.033614015209582515,0.02168913387821081,0.05828520341189147,0.09225102390957518
parallelogram,0.0737761506870146,0.030638134193493816,0.0,0.032465694513151955,0.0972818082228557,0.08521890135724275,0.07201782944372159,0.050950993707493564,0.03768992654501924,0.05852647900074881,0.08759475650590587
losange,0.10426108050737393,0.06464343751908241,0.032465694513151955,0.0,0.10766684386521375,0.10913380138423812,0.0997090068962242,0.060137810284465076,0.055042095988261375,0.06415631485178896,0.06537634201451825
isoTrapezoid,0.029303063744919977,0.08628910644887544,0.0972818082228557,0.10766684386521375,0.0,0.032173590263497975,0.029153070340500187,0.08426049163998739,0.08491520112409767,0.03910037132280075,0.0569750502160975
kite,0.02112512885000184,0.0574529976097099,0.08521890135724275,0.10913380138423812,0.032173590263497975,0.0,0.01616859992734221,0.07362892340853555,0.07186223089461752,0.05483826581430007,0.08200106503395521
rightKite,0.015620237756159172,0.05405952885205478,0.07201782944372159,0.0997090068962242,0.029153070340500187,0.01616859992734221,0.0,0.06665075396580611,0.063520999861579,0.0339386896733348,0.07267722856333292
rustedHinge,0.05274230088061027,0.033614015209582515,0.050950993707493564,0.060137810284465076,0.08426049163998739,0.07362892340853555,0.06665075396580611,2.220446049250313e-16,0.006032124705777742,0.06003365521446802,0.07195901697136764
hinge,0.04955146674767885,0.02168913387821081,0.03768992654501924,0.055042095988261375,0.08491520112409767,0.07186223089461752,0.063520999861579,0.006032124705777742,0.0,0.05552516603107105,0.07401739793818785
trapezoid,0.03408750430597385,0.05828520341189147,0.05852647900074881,0.06415631485178896,0.03910037132280075,0.05483826581430007,0.0339386896733348,0.06003365521446802,0.05552516603107105,0.0,0.03321548238692984
random,0.0656609208924267,0.09225102390957518,0.08759475650590587,0.06537634201451825,0.0569750502160975,0.08200106503395521,0.07267722856333292,0.07195901697136764,0.07401739793818785,0.03321548238692984,0.0
