,square,rectangle,parallelogram,losange,isoTrapezoid,kite,rightKite,rustedHinge,hinge,trapezoid,random
square,0.0,0.03804100642081065,0.07062509489422542,0.10065408432328804,0.027593491021660643,0.022801224172736556,0.018648918122168956,0.051158076259096186,0.0459818823215683,0.034960044202001495,0.06519110493801528
rectangle,0.03804100642081065,0.0,0.03207161945522652,0.06805914525032142,0.07846887379624246,0.05249210580948438,0.05040818853031426,0.036929327501009634,0.024195976973470312,0.055504212140367604,0.09201804996917284
parallelogram,0.07062509489422542,0.03207161945522652,0.0,0.027486479054384727,0.09335218272177692,0.08572564475834188,0.06985657108677967,0.05611022582496128,0.04133444081502713,0.04859242680828213,0.0782363663061304
losange,0.10065408432328804,0.06805914525032142,0.027486479054384727,2.220446049250313e-16,0.1050605485570627,0.10955526361768364,0.09469497219608514,0.06957064201958152,0.06213201330604223,0.05309535478680749,0.059437769002746665
isoTrapezoid,0.027593491021660643,0.07846887379624246,0.09335218272177692,0.1050605485570627,0.0,0.030149026638778165,0.02727531926829374,0.08354746697623883,0.08192931734837017,0.03625137103718934,0.0514854482015924
kite,0.022801224172736556,0.05249210580948438,0.08572564475834188,0.10955526361768364,0.030149026638778165,0.0,0.016283233764997962,0.07399666086323253,0.07104456322883523,0.058903327538229244,0.08432542882750815
rightKite,0.018648918122168956,0.05040818853031426,0.06985657108677967,0.09469497219608514,0.02727531926829374,0.016283233764997962,0.0,0.07092880171842875,0.06640404287052981,0.03310404878305817,0.0689340783910335
rustedHinge,0.051158076259096186,0.036929327501009634,0.05611022582496128,0.06957064201958152,0.08354746697623883,0.07399666086323253,0.07092880171842875,0.0,0.005919576294289741,0.06345015343072546,0.07386474105880159
hinge,0.0459818823215683,0.024195976973470312,0.04133444081502713,0.06213201330604223,0.08192931734837017,0.07104456322883523,0.06640404287052981,0.005919576294289741,0.0,0.056521506182939496,0.0725047686162178
trapezoid,0.034960044202001495,0.055504212140367604,0.04859242680828213,0.05309535478680749,0.03625137103718934,0.058903327538229244,0.03310404878305817,0.06345015343072546,0.056521506182939496,0.0,0.025096918611253405
random,0.06519110493801528,0.09201804996917284,0.0782363663061304,0.059437769002746665,0.0514854482015924,0.08432542882750815,0.0689340783910335,0.07386474105880159,0.0725047686162178,0.025096918611253405,0.0
