,square,rectangle,parallelogram,losange,isoTrapezoid,kite,rightKite,rustedHinge,hinge,trapezoid,random
square,2.220446049250313e-16,0.03751558183946513,0.06472631840343657,0.09174357136925237,0.02460338653204086,0.01855289182350328,0.014340740545744524,0.0455117897723154,0.041553959422113484,0.030405738317957898,0.05723729450653081
rectangle,0.03751558183946513,0.0,0.027459905173210286,0.05857831296298466,0.07268870374903824,0.0475563290433868,0.04559933862045462,0.030746031467379975,0.019492626223562626,0.04995604880445903,0.08101987355537577
parallelogram,0.06472631840343657,0.027459905173210286,0.0,0.02591613230794565,0.08498034710344449,0.075120333274585,0.0628088653194393,0.046927172368222525,0.03442966339079612,0.046997943627415606,0.07293751533259851
losange,0.09174357136925237,0.05857831296298466,0.02591613230794565,0.0,0.09501535058403576,0.09675048885817283,0.08632517187138888,0.05756824698559759,0.0519034603965407,0.051328814389550836,0.05509707951198917
isoTrapezoid,0.02460338653204086,0.07268870374903824,0.08498034710344449,0.09501535058403576,0.0,0.026955655733246764,0.024240693034987104,0.07372459170015899,0.07298646905407646,0.03294208484915262,0.047037591757571495
kite,0.01855289182350328,0.0475563290433868,0.075120333274585,0.09675048885817283,0.026955655733246764,2.220446049250313e-16,0.014153586220284842,0.0639126953716217,0.061525772039418336,0.04969915403307523,0.07273502763372863
rightKite,0.014340740545744524,0.04559933862045462,0.0628088653194393,0.08632517187138888,0.024240693034987104,0.014153586220284842,0.0,0.05981718374366263,0.056257953378535674,0.029051084600660415,0.06155887058755938
rustedHinge,0.0455117897723154,0.030746031467379975,0.046927172368222525,0.05756824698559759,0.07372459170015899,0.0639126953716217,0.05981718374366263,2.220446049250313e-16,0.005218658045568425,0.05417364021873394,0.0643226381748353
hinge,0.041553959422113484,0.019492626223562626,0.03442966339079612,0.0519034603965407,0.07298646905407646,0.061525772039418336,0.056257953378535674,0.005218658045568425,2.220446049250313e-16,0.04887362298443465,0.06454641124593219
trapezoid,0.030405738317957898,0.04995604880445903,0.046997943627415606,0.051328814389550836,0.03294208484915262,0.04969915403307523,0.029051084600660415,0.05417364021873394,0.04887362298443465,0.0,0.02483009772581568
random,0.05723729450653081,0.08101987355537577,0.07293751533259851,0.05509707951198917,0.047037591757571495,0.07273502763372863,0.06155887058755938,0.0643226381748353,0.06454641124593219,0.02483009772581568,0.0
