,square,rectangle,parallelogram,losange,isoTrapezoid,kite,rightKite,rustedHinge,hinge,trapezoid,random
square,0.0,0.0640351008407457,0.1270792511348856,0.13651327856929085,0.049701924661698316,0.03346476661399944,0.03641468835343431,0.06561782584701858,0.06285073191851898,0.0740680721364152,0.10799423882010217
rectangle,0.0640351008407457,0.0,0.05096496550184881,0.08002011521982777,0.13445797312743246,0.09104997487512168,0.0840640013842131,0.07205502926624974,0.049525819928602055,0.10673984021593186,0.1583614786548193
parallelogram,0.1270792511348856,0.05096496550184881,0.0,0.017232906093750833,0.147515299546374,0.15236467849994473,0.11056545621512048,0.1311442362332058,0.09348341948475414,0.08271329083986922,0.1204426978571338
losange,0.13651327856929085,0.08002011521982777,0.017232906093750833,0.0,0.1357595840066621,0.1584120627840202,0.11073639190134921,0.14171751629130913,0.10657695561865288,0.06003622946569109,0.08859664020014724
isoTrapezoid,0.049701924661698316,0.13445797312743246,0.147515299546374,0.1357595840066621,0.0,0.04896352480710098,0.03829616373551614,0.1284105681011669,0.12316597775312232,0.05125058113245318,0.059736841783190164
kite,0.03346476661399944,0.09104997487512168,0.15236467849994473,0.1584120627840202,0.04896352480710098,0.0,0.02517163223333818,0.10735267896475342,0.10833653450836167,0.10490729047129332,0.12773790638840132
rightKite,0.03641468835343431,0.0840640013842131,0.11056545621512048,0.11073639190134921,0.03829616373551614,0.02517163223333818,0.0,0.10365517219622689,0.09682965504006469,0.05171051239576452,0.09297636002863385
rustedHinge,0.06561782584701858,0.07205502926624974,0.1311442362332058,0.14171751629130913,0.1284105681011669,0.10735267896475342,0.10365517219622689,0.0,0.010623967503810339,0.11728414220350003,0.13220743956408954
hinge,0.06285073191851898,0.049525819928602055,0.09348341948475414,0.10657695561865288,0.12316597775312232,0.10833653450836167,0.09682965504006469,0.010623967503810339,0.0,0.09796936260438516,0.11651529198288224
trapezoid,0.0740680721364152,0.10673984021593186,0.08271329083986922,0.06003622946569109,0.05125058113245318,0.10490729047129332,0.05171051239576452,0.11728414220350003,0.09796936260438516,0.0,0.030330661174989948
random,0.10799423882010217,0.1583614786548193,0.1204426978571338,0.08859664020014724,0.059736841783190164,0.12773790638840132,0.09297636002863385,0.13220743956408954,0.11651529198288224,0.030330661174989948,1.1102230246251565e-16
