,square,rectangle,parallelogram,losange,isoTrapezoid,kite,rightKite,rustedHinge,hinge,trapezoid,random
square,1.1102230246251565e-16,0.06943933501683175,0.13865792042127612,0.14971444542076207,0.06767469822885086,0.04766459029650705,0.04745277037768236,0.07854378083766445,0.0774851992472364,0.09012370651830481,0.12917272703341476
rectangle,0.06943933501683175,0.0,0.0568820067518645,0.08743186155834892,0.160493453303038,0.11155667824445026,0.09575450805887409,0.09143183387063625,0.06487670815939894,0.1254830711457109,0.18005446750176113
parallelogram,0.13865792042127612,0.0568820067518645,1.1102230246251565e-16,0.015390546942236516,0.17371487380574058,0.16892131601901184,0.12263680802793131,0.14074421646437363,0.10000392245432066,0.09431090255077224,0.13352548763984384
losange,0.14971444542076207,0.08743186155834892,0.015390546942236516,0.0,0.16200170466260944,0.1765330005390069,0.1261813118524685,0.14940908888726712,0.11120520746777651,0.06999412444468112,0.1013696347609454
isoTrapezoid,0.06767469822885086,0.160493453303038,0.17371487380574058,0.16200170466260944,1.1102230246251565e-16,0.05015805797705475,0.0441824460467557,0.1342333208293195,0.13634308544557516,0.06485485947870151,0.07244727878275226
kite,0.04766459029650705,0.11155667824445026,0.16892131601901184,0.1765330005390069,0.05015805797705475,1.1102230246251565e-16,0.024938377243011067,0.11230901187684739,0.11664666937215473,0.11551985846447921,0.13949172850064306
rightKite,0.04745277037768236,0.09575450805887409,0.12263680802793131,0.1261813118524685,0.0441824460467557,0.024938377243011067,0.0,0.1024423669337623,0.09853832741661384,0.06315491444817134,0.10722501018778019
rustedHinge,0.07854378083766445,0.09143183387063625,0.14074421646437363,0.14940908888726712,0.1342333208293195,0.11230901187684739,0.1024423669337623,0.0,0.014512705217680999,0.11909032623955551,0.13563992308990513
hinge,0.0774851992472364,0.06487670815939894,0.10000392245432066,0.11120520746777651,0.13634308544557516,0.11664666937215473,0.09853832741661384,0.014512705217680999,1.1102230246251565e-16,0.10009417131655973,0.12131286214832615
trapezoid,0.09012370651830481,0.1254830711457109,0.09431090255077224,0.06999412444468112,0.06485485947870151,0.11551985846447921,0.06315491444817134,0.11909032623955551,0.10009417131655973,0.0,0.03144410542649234
random,0.12917272703341476,0.18005446750176113,0.13352548763984384,0.1013696347609454,0.07244727878275226,0.13949172850064306,0.10722501018778019,0.13563992308990513,0.12131286214832615,0.03144410542649234,0.0
