,square,rectangle,parallelogram,losange,isoTrapezoid,kite,rightKite,rustedHinge,hinge,trapezoid,random
square,0.0,0.04461272715937292,0.07147622287935318,0.10104775388180132,0.028059450401594854,0.02030074452609354,0.015051949088300098,0.05090645343178213,0.04755264157922445,0.03314099359208633,0.06352300184352555
rectangle,0.04461272715937292,2.220446049250313e-16,0.029723037068865255,0.06283672632539505,0.08287387954958325,0.054989928855972536,0.05194107580588303,0.032654217019585374,0.020940709548007752,0.0562818066032057,0.08920781056779581
parallelogram,0.07147622287935318,0.029723037068865255,0.0,0.03114915895568693,0.09401477953150872,0.08247702683106861,0.06961150569692476,0.04966396863390521,0.03666338109139611,0.05594027721640005,0.08418965222047414
losange,0.10104775388180132,0.06283672632539505,0.03114915895568693,0.0,0.10415954060159738,0.10567521067139563,0.09632305112089468,0.05880285765205839,0.05378446629983025,0.06120612710166762,0.06271102973301501
isoTrapezoid,0.028059450401594854,0.08287387954958325,0.09401477953150872,0.10415954060159738,0.0,0.03081879277256927,0.02787164438714762,0.08144403372802722,0.08174822238586843,0.037479636435168495,0.054554754492951996
kite,0.02030074452609354,0.054989928855972536,0.08247702683106861,0.10567521067139563,0.03081879277256927,0.0,0.015590506198803422,0.0708501608791634,0.06897519066271784,0.053398588643591816,0.07949484340692514
rightKite,0.015051949088300098,0.05194107580588303,0.06961150569692476,0.09632305112089468,0.02787164438714762,0.015590506198803422,2.220446049250313e-16,0.06463924509055086,0.061379218548189396,0.03268927847058756,0.06999754373187206
rustedHinge,0.05090645343178213,0.032654217019585374,0.04966396863390521,0.05880285765205839,0.08144403372802722,0.0708501608791634,0.06463924509055086,0.0,0.005778481801728241,0.058503245159270634,0.069790434814468
hinge,0.04755264157922445,0.020940709548007752,0.03666338109139611,0.05378446629983025,0.08174822238586843,0.06897519066271784,0.061379218548189396,0.005778481801728241,0.0,0.053848328267818935,0.07152276588346729
trapezoid,0.03314099359208633,0.0562818066032057,0.05594027721640005,0.06120612710166762,0.037479636435168495,0.053398588643591816,0.03268927847058756,0.058503245159270634,0.053848328267818935,0.0,0.03135302721983979
random,0.06352300184352555,0.08920781056779581,0.08418965222047414,0.06271102973301501,0.054554754492951996,0.07949484340692514,0.06999754373187206,0.069790434814468,0.07152276588346729,0.03135302721983979,2.220446049250313e-16
