,square,rectangle,parallelogram,losange,isoTrapezoid,kite,rightKite,rustedHinge,hinge,trapezoid,random
square,0.0,0.07335542648946525,0.1428601263342093,0.15007858017751086,0.062308699528912936,0.03716519372238192,0.03785516246146703,0.06910365218664338,0.06837745209877066,0.0868710974572452,0.12344923322300227
rectangle,0.07335542648946525,0.0,0.05532319741271796,0.08364046195179042,0.16414894523638157,0.10815789005495102,0.09193522180933011,0.08596833809551763,0.05668713063757891,0.12601888069907818,0.1813312217488039
parallelogram,0.1428601263342093,0.05532319741271796,0.0,0.01398180906557267,0.17942889031260678,0.17391245881847228,0.12411537391517002,0.1456141912822695,0.10034637707663885,0.09588808504480184,0.1349498231269145
losange,0.15007858017751086,0.08364046195179042,0.01398180906557267,1.1102230246251565e-16,0.1638191580214925,0.17912148924027949,0.12477279481182535,0.15378933997565714,0.11103045322477578,0.06772001696154806,0.10002062360234365
isoTrapezoid,0.062308699528912936,0.16414894523638157,0.17942889031260678,0.1638191580214925,0.0,0.04989271092810721,0.04374553792335645,0.139711728452249,0.14184788168864493,0.06605940921447628,0.07096301847782005
kite,0.03716519372238192,0.10815789005495102,0.17391245881847228,0.17912148924027949,0.04989271092810721,0.0,0.025355674065403733,0.11516675862754322,0.12055408703397918,0.11840532745402543,0.14244513961802174
rightKite,0.03785516246146703,0.09193522180933011,0.12411537391517002,0.12477279481182535,0.04374553792335645,0.025355674065403733,1.1102230246251565e-16,0.10629215194266273,0.10225802973787523,0.0632295558975845,0.1094550761008799
rustedHinge,0.06910365218664338,0.08596833809551763,0.1456141912822695,0.15378933997565714,0.139711728452249,0.11516675862754322,0.10629215194266273,0.0,0.015104956330611041,0.12364867061394547,0.14299883281873005
hinge,0.06837745209877066,0.05668713063757891,0.10034637707663885,0.11103045322477578,0.14184788168864493,0.12055408703397918,0.10225802973787523,0.015104956330611041,0.0,0.102889150577546,0.12712879878655092
trapezoid,0.0868710974572452,0.12601888069907818,0.09588808504480184,0.06772001696154806,0.06605940921447628,0.11840532745402543,0.0632295558975845,0.12364867061394547,0.102889150577546,0.0,0.030254302681862022
random,0.12344923322300227,0.1813312217488039,0.1349498231269145,0.10002062360234365,0.07096301847782005,0.14244513961802174,0.1094550761008799,0.14299883281873005,0.12712879878655092,0.030254302681862022,0.0
