,square,rectangle,parallelogram,losange,isoTrapezoid,kite,rightKite,rustedHinge,hinge,trapezoid,random
square,0.0,0.07363486144075859,0.14320221327276272,0.14930946515330235,0.060780538526927885,0.034843866881857366,0.03619811569536002,0.06719944331145,0.06633870221231886,0.08647454612659156,0.12165882530163585
rectangle,0.07363486144075859,0.0,0.05501207813112252,0.08278439705373697,0.1626287967021628,0.10570827375332015,0.09030229424875813,0.08395921692072927,0.05460056365377275,0.125524440181487,0.1802073938775688
parallelogram,0.14320221327276272,0.05501207813112252,0.0,0.013991496794829583,0.17739259076166536,0.1723152386591218,0.12229799233991612,0.1463539425890743,0.10033039986071934,0.09546965329867052,0.13425802157918443
losange,0.14930946515330235,0.08278439705373697,0.013991496794829583,0.0,0.16082440888314953,0.17671505102784668,0.12182140399983843,0.1541097170014225,0.11056213333877651,0.06634247101755852,0.098777142442254
isoTrapezoid,0.060780538526927885,0.1626287967021628,0.17739259076166536,0.16082440888314953,0.0,0.05004822856486646,0.043331940061138496,0.13936409805937078,0.14034684495078686,0.06501969121286866,0.0689860896622877
kite,0.034843866881857366,0.10570827375332015,0.1723152386591218,0.17671505102784668,0.05004822856486646,0.0,0.02551436294428,0.11413336026168563,0.11922654380286646,0.11791531883214967,0.14106767319101132
rightKite,0.03619811569536002,0.09030229424875813,0.12229799233991612,0.12182140399983843,0.043331940061138496,0.02551436294428,0.0,0.1056830708743931,0.10099830391774389,0.06203974568738824,0.10735521667466297
rustedHinge,0.06719944331145,0.08395921692072927,0.1463539425890743,0.1541097170014225,0.13936409805937078,0.11413336026168563,0.1056830708743931,0.0,0.014751623210646603,0.12379278490127532,0.14332774426585326
hinge,0.06633870221231886,0.05460056365377275,0.10033039986071934,0.11056213333877651,0.14034684495078686,0.11922654380286646,0.10099830391774389,0.014751623210646603,0.0,0.1026604887126783,0.12693215677894387
trapezoid,0.08647454612659156,0.125524440181487,0.09546965329867052,0.06634247101755852,0.06501969121286866,0.11791531883214967,0.06203974568738824,0.12379278490127532,0.1026604887126783,0.0,0.02993041890210324
random,0.12165882530163585,0.1802073938775688,0.13425802157918443,0.098777142442254,0.0689860896622877,0.14106767319101132,0.10735521667466297,0.14332774426585326,0.12693215677894387,0.02993041890210324,0.0
