,square,rectangle,parallelogram,losange,isoTrapezoid,kite,rightKite,rustedHinge,hinge,trapezoid,random
square,0.0,0.05144721807782282,0.08003449518228734,0.11316108822924187,0.03228440219226936,0.02309486952397133,0.017168058078212423,0.057616524245023504,0.054394365647707055,0.036980181441286564,0.07163587189188192
rectangle,0.05144721807782282,0.0,0.03346560322698322,0.07036033402779673,0.09449929419086855,0.06317154168172501,0.059334914424138296,0.03650899038910882,0.023702893096568034,0.06385051228616867,0.10071519418602293
parallelogram,0.08003449518228734,0.03346560322698322,2.220446049250313e-16,0.03585592733620058,0.10569101382835921,0.09268277359412735,0.07833886099826981,0.055213499769304564,0.04095391057383757,0.06443426874869018,0.09604265678179691
losange,0.11316108822924187,0.07036033402779673,0.03585592733620058,0.0,0.1167800949125416,0.11855009930287363,0.10855461566835622,0.06486429863382204,0.05952732008976225,0.07063108003556307,0.07164346606963878
isoTrapezoid,0.03228440219226936,0.09449929419086855,0.10569101382835921,0.1167800949125416,0.0,0.03535348715535391,0.032078384152127604,0.0919638221598933,0.09296272860522359,0.042850277682914384,0.06267562771143897
kite,0.02309486952397133,0.06317154168172501,0.09268277359412735,0.11855009930287363,0.03535348715535391,0.0,0.017708433498097698,0.0804176785919879,0.07872753698158119,0.05933374398383384,0.0891391172036814
rightKite,0.017168058078212423,0.059334914424138296,0.07833886099826981,0.10855461566835622,0.032078384152127604,0.017708433498097698,2.220446049250313e-16,0.07257866563522075,0.06940935373762258,0.037121340446149675,0.0795734639273391
rustedHinge,0.057616524245023504,0.03650899038910882,0.055213499769304564,0.06486429863382204,0.0919638221598933,0.0804176785919879,0.07257866563522075,0.0,0.006674578671613585,0.06531096426400618,0.07851926239685636
hinge,0.054394365647707055,0.023702893096568034,0.04095391057383757,0.05952732008976225,0.09296272860522359,0.07872753698158119,0.06940935373762258,0.006674578671613585,0.0,0.060689802202575804,0.08101162942054663
trapezoid,0.036980181441286564,0.06385051228616867,0.06443426874869018,0.07063108003556307,0.042850277682914384,0.05933374398383384,0.037121340446149675,0.06531096426400618,0.060689802202575804,0.0,0.03706195993210071
random,0.07163587189188192,0.10071519418602293,0.09604265678179691,0.07164346606963878,0.06267562771143897,0.0891391172036814,0.0795734639273391,0.07851926239685636,0.08101162942054663,0.03706195993210071,0.0
