,square,rectangle,parallelogram,losange,isoTrapezoid,kite,rightKite,rustedHinge,hinge,trapezoid,random
square,2.220446049250313e-16,0.06387563358548798,0.09727736677155774,0.13659170668067955,0.03988087888572178,0.027939678448198446,0.020895149744258323,0.06980385511353004,0.06666266897013473,0.044470189489545286,0.08692466933047571
rectangle,0.06387563358548798,2.220446049250313e-16,0.040224229223507324,0.08433320894166862,0.11650722857664964,0.0778819988180195,0.07246832062199626,0.04332398451906139,0.02834266354006465,0.07753829243724975,0.12279158849598348
parallelogram,0.09727736677155774,0.040224229223507324,0.0,0.04250576516555937,0.128667885419659,0.1119601692055674,0.09475504115140565,0.06539364774209755,0.048699736541797045,0.07898639323678447,0.11734875018521296
losange,0.13659170668067955,0.08433320894166862,0.04250576516555937,0.0,0.14134392959608655,0.14266921552508094,0.1306014417592195,0.0774327270226649,0.07104276469868687,0.0863332106421062,0.08762935888507206
isoTrapezoid,0.03988087888572178,0.11650722857664964,0.128667885419659,0.14134392959608655,0.0,0.04341412250603771,0.039062160219862085,0.11162252405027495,0.1138505616012161,0.052307277188192614,0.07641710820592607
kite,0.027939678448198446,0.0778819988180195,0.1119601692055674,0.14266921552508094,0.04341412250603771,0.0,0.02130569362740775,0.09751916123676474,0.095959545846936,0.07053517753564043,0.10698934740383226
rightKite,0.020895149744258323,0.07246832062199626,0.09475504115140565,0.1306014417592195,0.039062160219862085,0.02130569362740775,0.0,0.08704246660548254,0.08380532884843761,0.044597644375069856,0.09580736304539195
rustedHinge,0.06980385511353004,0.04332398451906139,0.06539364774209755,0.0774327270226649,0.11162252405027495,0.09751916123676474,0.08704246660548254,0.0,0.008164222189904868,0.07798555366399629,0.09558478040620966
hinge,0.06666266897013473,0.02834266354006465,0.048699736541797045,0.07104276469868687,0.1138505616012161,0.095959545846936,0.08380532884843761,0.008164222189904868,0.0,0.07309529479359,0.0990658124922903
trapezoid,0.044470189489545286,0.07753829243724975,0.07898639323678447,0.0863332106421062,0.052307277188192614,0.07053517753564043,0.044597644375069856,0.07798555366399629,0.07309529479359,0.0,0.04555468187839151
random,0.08692466933047571,0.12279158849598348,0.11734875018521296,0.08762935888507206,0.07641710820592607,0.10698934740383226,0.09580736304539195,0.09558478040620966,0.0990658124922903,0.04555468187839151,0.0
