,square,rectangle,parallelogram,losange,isoTrapezoid,kite,rightKite,rustedHinge,hinge,trapezoid,random
square,0.0,0.0555553303013534,0.07879444641157252,0.10813325011426222,0.03540639975721138,0.023807707428064373,0.019473989570687578,0.05700376205094859,0.055611274002006494,0.035987362523787536,0.06997301904546271
rectangle,0.0555553303013534,0.0,0.03205216716676429,0.06555176668384388,0.09535264283461353,0.0641618174512919,0.059188221848003875,0.035395918403423154,0.02426630786391548,0.06268533191022718,0.09936214586815728
parallelogram,0.07879444641157252,0.03205216716676429,2.220446049250313e-16,0.03258909398091081,0.10354917311571321,0.08707841868687938,0.07558105827300587,0.049790846057655935,0.03787422859936962,0.0639812984142818,0.09372927015893384
losange,0.10813325011426222,0.06555176668384388,0.03258909398091081,0.0,0.11205772699416416,0.11034172414136689,0.10183972982049339,0.059498098649275466,0.05465209525310244,0.0688816663411358,0.07024488293237052
isoTrapezoid,0.03540639975721138,0.09535264283461353,0.10354917311571321,0.11205772699416416,0.0,0.0362395813341051,0.03243086973091269,0.0880080014247151,0.09132526490041559,0.043403214333358364,0.0607101515198728
kite,0.023807707428064373,0.0641618174512919,0.08707841868687938,0.11034172414136689,0.0362395813341051,2.220446049250313e-16,0.01814568896915325,0.076772948112112,0.07600334464798031,0.054891100309927277,0.0831481753181258
rightKite,0.019473989570687578,0.059188221848003875,0.07558105827300587,0.10183972982049339,0.03243086973091269,0.01814568896915325,0.0,0.06769430653452124,0.06611822855694804,0.03613138326719778,0.07508119795425894
rustedHinge,0.05700376205094859,0.035395918403423154,0.049790846057655935,0.059498098649275466,0.0880080014247151,0.076772948112112,0.06769430653452124,0.0,0.008612082999484127,0.0596771470912395,0.07567337721579115
hinge,0.055611274002006494,0.02426630786391548,0.03787422859936962,0.05465209525310244,0.09132526490041559,0.07600334464798031,0.06611822855694804,0.008612082999484127,0.0,0.05720450227436047,0.07924387796168397
trapezoid,0.035987362523787536,0.06268533191022718,0.0639812984142818,0.0688816663411358,0.043403214333358364,0.054891100309927277,0.03613138326719778,0.0596771470912395,0.05720450227436047,0.0,0.037632092288013674
random,0.06997301904546271,0.09936214586815728,0.09372927015893384,0.07024488293237052,0.0607101515198728,0.0831481753181258,0.07508119795425894,0.07567337721579115,0.07924387796168397,0.037632092288013674,2.220446049250313e-16
