,square,rectangle,parallelogram,losange,isoTrapezoid,kite,rightKite,rustedHinge,hinge,trapezoid,random
square,0.0,0.01059552571361777,0.021537570929411998,0.03308726151685626,0.007529945194523546,0.006492569039957985,0.0037482316532205795,0.013994964473392213,0.012647817098522918,0.010192358166310145,0.021424069936772927
rectangle,0.01059552571361777,0.0,0.007422369446351884,0.01921598461424112,0.021894343506718594,0.014346597871583322,0.012915065023325512,0.010689979734341937,0.006741247332850198,0.014411831513937434,0.027917072678617205
parallelogram,0.021537570929411998,0.007422369446351884,1.1102230246251565e-16,0.006151958995724627,0.028610352385117666,0.025643782951453087,0.02132663820166092,0.013651826601835393,0.00914557184512732,0.01258958391555609,0.021891370392560505
losange,0.03308726151685626,0.01921598461424112,0.006151958995724627,1.1102230246251565e-16,0.03513384885590887,0.03565838593846593,0.031248951578842887,0.018926884138542266,0.016061886515166712,0.016245589354274115,0.0167398570458841
isoTrapezoid,0.007529945194523546,0.021894343506718594,0.028610352385117666,0.03513384885590887,0.0,0.008485921525780649,0.0063269475897832494,0.022163277056119868,0.02217494894837202,0.01065571345386962,0.016667233265031056
kite,0.006492569039957985,0.014346597871583322,0.025643782951453087,0.03565838593846593,0.008485921525780649,0.0,0.004117654199736753,0.021939914332638755,0.021209981040362647,0.01865501198727304,0.028442998285304277
rightKite,0.0037482316532205795,0.012915065023325512,0.02132663820166092,0.031248951578842887,0.0063269475897832494,0.004117654199736753,0.0,0.0190401221257942,0.01773858289682817,0.01012091947499938,0.022382255329845946
rustedHinge,0.013994964473392213,0.010689979734341937,0.013651826601835393,0.018926884138542266,0.022163277056119868,0.021939914332638755,0.0190401221257942,0.0,0.0012835675803933855,0.014554981837669234,0.019173535270966213
hinge,0.012647817098522918,0.006741247332850198,0.00914557184512732,0.016061886515166712,0.02217494894837202,0.021209981040362647,0.01773858289682817,0.0012835675803933855,1.1102230246251565e-16,0.012420279046961635,0.019217999106694306
trapezoid,0.010192358166310145,0.014411831513937434,0.01258958391555609,0.016245589354274115,0.01065571345386962,0.01865501198727304,0.01012091947499938,0.014554981837669234,0.012420279046961635,0.0,0.0069313571727559475
random,0.021424069936772927,0.027917072678617205,0.021891370392560505,0.0167398570458841,0.016667233265031056,0.028442998285304277,0.022382255329845946,0.019173535270966213,0.019217999106694306,0.0069313571727559475,0.0
