,square,rectangle,parallelogram,losange,isoTrapezoid,kite,rightKite,rustedHinge,hinge,trapezoid,random
square,0.0,0.05955858355925492,0.17176613420958464,0.28941784463795583,0.16050336334191517,0.09511979212122978,0.0978975525461635,0.23507464460489036,0.18661738968483355,0.12046686845452126,0.23973729756358397
rectangle,0.05955858355925492,0.0,0.10718269963794969,0.2626646487946135,0.22932377143113347,0.13100464486004348,0.13836205681183222,0.2154258148143291,0.15004039436915517,0.15364867284151484,0.28404262202819053
parallelogram,0.17176613420958464,0.10718269963794969,0.0,0.09745204372612593,0.24788473096996955,0.18884871676033066,0.17672315101059333,0.22843574218034013,0.18299728180775865,0.11530379704453919,0.2171373097167104
losange,0.28941784463795583,0.2626646487946135,0.09745204372612593,0.0,0.2998419226847645,0.2784108071110951,0.2700170149926935,0.31158168236749584,0.29525852548260634,0.1575999199817636,0.20247677549084298
isoTrapezoid,0.16050336334191517,0.22932377143113347,0.24788473096996955,0.2998419226847645,0.0,0.11396978875415376,0.08428821599176983,0.25942973144787396,0.2510239524487117,0.10110882307992697,0.13677349019815943
kite,0.09511979212122978,0.13100464486004348,0.18884871676033066,0.2784108071110951,0.11396978875415376,0.0,0.038061700956968925,0.1927599319773392,0.1661050209761914,0.14146943094671993,0.21576725891600512
rightKite,0.0978975525461635,0.13836205681183222,0.17672315101059333,0.2700170149926935,0.08428821599176983,0.038061700956968925,0.0,0.18045100753777743,0.16192739109573795,0.09210421783013067,0.1821632095458322
rustedHinge,0.23507464460489036,0.2154258148143291,0.22843574218034013,0.31158168236749584,0.25942973144787396,0.1927599319773392,0.18045100753777743,0.0,0.019590472279151006,0.21406334100157476,0.22724885439846243
hinge,0.18661738968483355,0.15004039436915517,0.18299728180775865,0.29525852548260634,0.2510239524487117,0.1661050209761914,0.16192739109573795,0.019590472279151006,0.0,0.18813621148929582,0.2254383152344166
trapezoid,0.12046686845452126,0.15364867284151484,0.11530379704453919,0.1575999199817636,0.10110882307992697,0.14146943094671993,0.09210421783013067,0.21406334100157476,0.18813621148929582,0.0,0.07843870687530474
random,0.23973729756358397,0.28404262202819053,0.2171373097167104,0.20247677549084298,0.13677349019815943,0.21576725891600512,0.1821632095458322,0.22724885439846243,0.2254383152344166,0.07843870687530474,0.0
