,square,rectangle,parallelogram,losange,isoTrapezoid,kite,rightKite,rustedHinge,hinge,trapezoid,random
square,0.0,0.0047913095172277265,0.007775180425023676,0.010957338492335378,0.0026711404397326,0.00199900320000157,0.0012663482376320534,0.005118347451701033,0.004894625308600853,0.003240218464144684,0.006531268946012636
rectangle,0.0047913095172277265,0.0,0.0025415962336675646,0.005977887760358902,0.008529479338733159,0.0055439239830805676,0.005241399145323067,0.0031006265715506354,0.0019717114806284686,0.005453534492293466,0.008703458398883313
parallelogram,0.007775180425023676,0.0025415962336675646,1.1102230246251565e-16,0.0025618954605076683,0.009798287556409546,0.00816495840692777,0.007245788247309259,0.004154811217932819,0.00296422972083632,0.005380856812216006,0.007903534987758087
losange,0.010957338492335378,0.005977887760358902,0.0025618954605076683,0.0,0.010941443918917493,0.010400185231789094,0.00988469132176062,0.005206591454257503,0.004792677987997651,0.006287651318863885,0.005713005485398104
isoTrapezoid,0.0026711404397326,0.008529479338733159,0.009798287556409546,0.010941443918917493,0.0,0.0030021159325354096,0.0024719401264086116,0.007721373382161167,0.007967359867858348,0.003590199942624661,0.005309295533513558
kite,0.00199900320000157,0.0055439239830805676,0.00816495840692777,0.010400185231789094,0.0030021159325354096,0.0,0.0013705225829477863,0.006684113474058395,0.00660736784989524,0.005306958064529299,0.007738536400604623
rightKite,0.0012663482376320534,0.005241399145323067,0.007245788247309259,0.00988469132176062,0.0024719401264086116,0.0013705225829477863,1.1102230246251565e-16,0.006023496126420058,0.005795730327964099,0.00317060947692005,0.0070107790785632895
rustedHinge,0.005118347451701033,0.0031006265715506354,0.004154811217932819,0.005206591454257503,0.007721373382161167,0.006684113474058395,0.006023496126420058,0.0,0.0004014997973967871,0.005099343679567436,0.005974931411133588
hinge,0.004894625308600853,0.0019717114806284686,0.00296422972083632,0.004792677987997651,0.007967359867858348,0.00660736784989524,0.005795730327964099,0.0004014997973967871,0.0,0.0048030898126454336,0.006373102105100448
trapezoid,0.003240218464144684,0.005453534492293466,0.005380856812216006,0.006287651318863885,0.003590199942624661,0.005306958064529299,0.00317060947692005,0.005099343679567436,0.0048030898126454336,0.0,0.002784210146430599
random,0.006531268946012636,0.008703458398883313,0.007903534987758087,0.005713005485398104,0.005309295533513558,0.007738536400604623,0.0070107790785632895,0.005974931411133588,0.006373102105100448,0.002784210146430599,1.1102230246251565e-16
