,square,rectangle,parallelogram,losange,isoTrapezoid,kite,rightKite,rustedHinge,hinge,trapezoid,random
square,0.0,0.012583837780802631,0.027365773777631386,0.035701878770896034,0.00796582544334501,0.008872962510956595,0.007625176082340146,0.00876343563690396,0.00824612865101082,0.009489576184703363,0.01942747947853196
rectangle,0.012583837780802631,1.1102230246251565e-16,0.008342246378710061,0.01624040334834953,0.027351831920813474,0.022119244348169476,0.023411312655858718,0.012704362340266062,0.006522485416245671,0.01760612772149006,0.03770407970551215
parallelogram,0.027365773777631386,0.008342246378710061,0.0,0.00405720876485538,0.0392186471040562,0.037473196134621745,0.03544029051388531,0.02275454303761071,0.014536268344851,0.017822655777178564,0.03727933793742999
losange,0.035701878770896034,0.01624040334834953,0.00405720876485538,0.0,0.045611924050316666,0.04630791139759949,0.04357240472800139,0.02778695453643587,0.020705621905035887,0.02081661147889491,0.036701651823364156
isoTrapezoid,0.00796582544334501,0.027351831920813474,0.0392186471040562,0.045611924050316666,1.1102230246251565e-16,0.009183325398656295,0.008597611235310776,0.016461771205757647,0.018172625422598898,0.010740946442418298,0.012171814732513275
kite,0.008872962510956595,0.022119244348169476,0.037473196134621745,0.04630791139759949,0.009183325398656295,0.0,0.003541020655811744,0.019467841955031262,0.020749749965629727,0.017594440708799786,0.025684165124419622
rightKite,0.007625176082340146,0.023411312655858718,0.03544029051388531,0.04357240472800139,0.008597611235310776,0.003541020655811744,0.0,0.019233445251353842,0.021034362416692542,0.011196395215572919,0.019239048553298055
rustedHinge,0.00876343563690396,0.012704362340266062,0.02275454303761071,0.02778695453643587,0.016461771205757647,0.019467841955031262,0.019233445251353842,0.0,0.002341896612482075,0.014253791162122664,0.021658907898818414
hinge,0.00824612865101082,0.006522485416245671,0.014536268344851,0.020705621905035887,0.018172625422598898,0.020749749965629727,0.021034362416692542,0.002341896612482075,0.0,0.012766865589839083,0.024153693984407476
trapezoid,0.009489576184703363,0.01760612772149006,0.017822655777178564,0.02081661147889491,0.010740946442418298,0.017594440708799786,0.011196395215572919,0.014253791162122664,0.012766865589839083,1.1102230246251565e-16,0.007591470050524629
random,0.01942747947853196,0.03770407970551215,0.03727933793742999,0.036701651823364156,0.012171814732513275,0.025684165124419622,0.019239048553298055,0.021658907898818414,0.024153693984407476,0.007591470050524629,0.0
