,square,rectangle,parallelogram,losange,isoTrapezoid,kite,rightKite,rustedHinge,hinge,trapezoid,random
square,0.0,1464.0827600555838,2129.220562754278,2348.8782150635134,1217.9467202008332,944.0315960721035,1008.5507826481926,1621.856841265657,1501.652833907151,1233.5451917585244,1617.2896960236517
rectangle,1464.0827600555838,0.0,1211.7803092109584,1785.542072256909,2277.2623951698283,1757.5887434382305,1896.3952777155396,1721.110134985877,1269.758698049921,1645.5185648448062,2372.2939966336294
parallelogram,2129.220562754278,1211.7803092109584,0.0,1100.0334813433137,2760.8836053920572,2410.764473053298,2429.382752870127,2067.87713799806,1635.6823451271566,1765.2428861657038,2499.1680469493513
losange,2348.8782150635134,1785.542072256909,1100.0334813433137,0.0,2834.5983598818957,2582.3926964832617,2592.129896336601,2151.5096680175584,1883.9114817959842,1754.6252022126873,2317.2774283020217
isoTrapezoid,1217.9467202008332,2277.2623951698283,2760.8836053920572,2834.5983598818957,0.0,1047.5798539163372,1054.2512223306119,2161.723272980574,2183.4390370836486,1462.7494123069268,1443.4897206268442
kite,944.0315960721035,1757.5887434382305,2410.764473053298,2582.3926964832617,1047.5798539163372,0.0,679.1066630980611,2060.475538887334,1987.2381738181914,1544.9686499952722,1862.2069160874337
rightKite,1008.5507826481926,1896.3952777155396,2429.382752870127,2592.129896336601,1054.2512223306119,679.1066630980611,0.0,2049.5439872746388,2043.547329860704,1389.667398735323,1746.5942418645693
rustedHinge,1621.856841265657,1721.110134985877,2067.87713799806,2151.5096680175584,2161.723272980574,2060.475538887334,2049.5439872746388,0.0,648.0731050612982,1661.1266075144392,1782.3120723437287
hinge,1501.652833907151,1269.758698049921,1635.6823451271566,1883.9114817959842,2183.4390370836486,1987.2381738181914,2043.547329860704,648.0731050612982,0.0,1576.9182125227474,1890.3610886329056
trapezoid,1233.5451917585244,1645.5185648448062,1765.2428861657038,1754.6252022126873,1462.7494123069268,1544.9686499952722,1389.667398735323,1661.1266075144392,1576.9182125227474,0.0,1060.3929834712678
random,1617.2896960236517,2372.2939966336294,2499.1680469493513,2317.2774283020217,1443.4897206268442,1862.2069160874337,1746.5942418645693,1782.3120723437287,1890.3610886329056,1060.3929834712678,0.0
