,square,rectangle,parallelogram,losange,isoTrapezoid,kite,rightKite,rustedHinge,hinge,trapezoid,random
square,0.0,174.26001098033328,301.3322193246236,408.0826290103513,365.42512678396895,209.1020644770902,243.1542597936438,346.2911971415992,304.9597844610924,304.13117389468675,398.7826969488461
rectangle,174.26001098033328,0.0,260.41679177818787,402.01671226157526,400.16514766670275,261.35524718785666,280.42840472797076,331.1417006758053,277.6501808446239,328.52898211672516,425.2334591227288
parallelogram,301.3322193246236,260.41679177818787,0.0,244.77839120567336,382.6371465138752,310.6787039115408,306.71529104546767,348.0632390092206,317.65219094096875,251.3659354526686,367.9727751513405
losange,408.0826290103513,402.01671226157526,244.77839120567336,0.0,418.6055287427671,397.50499886245416,401.001593283127,445.19272716936604,437.4969489341011,286.8612710150887,357.3981592981391
isoTrapezoid,365.42512678396895,400.16514766670275,382.6371465138752,418.6055287427671,0.0,288.0174341887046,252.1591794482257,388.3103142692357,381.07703207205134,234.38565469049092,260.19354233819934
kite,209.1020644770902,261.35524718785666,310.6787039115408,397.50499886245416,288.0174341887046,0.0,142.2204754140359,311.79098722930047,287.8587004767272,274.8779020195626,353.09707064224
rightKite,243.1542597936438,280.42840472797076,306.71529104546767,401.001593283127,252.1591794482257,142.2204754140359,0.0,293.7628380776617,275.7657626226227,232.41938878846875,332.7321983344787
rustedHinge,346.2911971415992,331.1417006758053,348.0632390092206,445.19272716936604,388.3103142692357,311.79098722930047,293.7628380776617,0.0,105.78304699493509,347.3987523164196,381.2390341071952
hinge,304.9597844610924,277.6501808446239,317.65219094096875,437.4969489341011,381.07703207205134,287.8587004767272,275.7657626226227,105.78304699493509,0.0,332.97066389508143,380.27541776328184
trapezoid,304.13117389468675,328.52898211672516,251.3659354526686,286.8612710150887,234.38565469049092,274.8779020195626,232.41938878846875,347.3987523164196,332.97066389508143,0.0,219.42650563357756
random,398.7826969488461,425.2334591227288,367.9727751513405,357.3981592981391,260.19354233819934,353.09707064224,332.7321983344787,381.2390341071952,380.27541776328184,219.42650563357756,0.0
