,square,rectangle,parallelogram,losange,isoTrapezoid,kite,rightKite,rustedHinge,hinge,trapezoid,random
square,0.0,1135.8918104231416,1493.6294282560089,1778.9918438715645,876.2932470299679,770.4003868605779,599.6322557029198,1203.5964893129278,1175.598391795817,969.8455991545089,1390.7574876124934
rectangle,1135.8918104231416,0.0,869.9587309360542,1342.1736650969372,1574.114852649175,1265.3999931250535,1212.739702229667,970.9278029342827,760.8069401445971,1243.1148759868004,1637.4591631542876
parallelogram,1493.6294282560089,869.9587309360542,0.0,826.6660672584605,1699.1726504431106,1565.4928954482602,1461.619419419542,1122.5679113269023,932.3115418331628,1197.8924917308427,1503.293082682716
losange,1778.9918438715645,1342.1736650969372,826.6660672584605,0.0,1801.3283201482245,1766.770956908057,1698.3725113146427,1273.4111895315054,1204.939279394814,1303.4770945907057,1273.651495292574
isoTrapezoid,876.2932470299679,1574.114852649175,1699.1726504431106,1801.3283201482245,0.0,917.7143382178939,822.0677345935244,1517.2793195286338,1545.6698177341798,1024.7056745006093,1238.039836174665
kite,770.4003868605779,1265.3999931250535,1565.4928954482602,1766.770956908057,917.7143382178939,0.0,630.2754671512145,1428.1013184434441,1419.8970588690277,1264.337281740641,1540.2083302900007
rightKite,599.6322557029198,1212.739702229667,1461.619419419542,1698.3725113146427,822.0677345935244,630.2754671512145,0.0,1341.1490835343814,1318.3994693667491,957.5296524454109,1424.047093058384
rustedHinge,1203.5964893129278,970.9278029342827,1122.5679113269023,1273.4111895315054,1517.2793195286338,1428.1013184434441,1341.1490835343814,0.0,359.97869415886794,1213.1942491735995,1361.0233523625257
hinge,1175.598391795817,760.8069401445971,932.3115418331628,1204.939279394814,1545.6698177341798,1419.8970588690277,1318.3994693667491,359.97869415886794,0.0,1164.3469960091545,1396.6318908967592
trapezoid,969.8455991545089,1243.1148759868004,1197.8924917308427,1303.4770945907057,1024.7056745006093,1264.337281740641,957.5296524454109,1213.1942491735995,1164.3469960091545,0.0,841.3779228722387
random,1390.7574876124934,1637.4591631542876,1503.293082682716,1273.651495292574,1238.039836174665,1540.2083302900007,1424.047093058384,1361.0233523625257,1396.6318908967592,841.3779228722387,0.0
