,square,rectangle,parallelogram,losange,isoTrapezoid,kite,rightKite,rustedHinge,hinge,trapezoid,random
square,0.0,0.014806935208272809,0.027028067356893337,0.03889689844767941,0.009141535140102408,0.007441873419112954,0.0045372638167002766,0.017494346451725762,0.0163112063853319,0.012044545389003014,0.024891158692614823
rectangle,0.014806935208272809,1.1102230246251565e-16,0.008583523745146815,0.022310099018623686,0.02996432095651358,0.019114401039837303,0.01767415566315933,0.012778125715561028,0.007904176624424886,0.018861803677718725,0.034932675983645356
parallelogram,0.027028067356893337,0.008583523745146815,1.1102230246251565e-16,0.007725497415485227,0.03695876759221306,0.031459596423647596,0.026925299700161776,0.01666878149393969,0.011112924628706833,0.01716966847542889,0.02966647573192005
losange,0.03889689844767941,0.022310099018623686,0.007725497415485227,0.0,0.04204697203462471,0.0414259106781647,0.03678300133965995,0.02194105799914925,0.01870149845565483,0.019609139431240874,0.021106980677450204
isoTrapezoid,0.009141535140102408,0.02996432095651358,0.03695876759221306,0.04204697203462471,0.0,0.010664072861961471,0.00809194440157368,0.028154015994764525,0.028825830407403608,0.01312688393113548,0.019644406834875006
kite,0.007441873419112954,0.019114401039837303,0.031459596423647596,0.0414259106781647,0.010664072861961471,0.0,0.004926377511558555,0.02679684956225603,0.026022385065659348,0.021652131829799193,0.032846092383275516
rightKite,0.0045372638167002766,0.01767415566315933,0.026925299700161776,0.03678300133965995,0.00809194440157368,0.004926377511558555,2.220446049250313e-16,0.023126863706222744,0.02195722172627257,0.012103562077461327,0.026666817403508514
rustedHinge,0.017494346451725762,0.012778125715561028,0.01666878149393969,0.02194105799914925,0.028154015994764525,0.02679684956225603,0.023126863706222744,2.220446049250313e-16,0.0015670120109904095,0.0179628298362684,0.023501542731347524
hinge,0.0163112063853319,0.007904176624424886,0.011112924628706833,0.01870149845565483,0.028825830407403608,0.026022385065659348,0.02195722172627257,0.0015670120109904095,1.1102230246251565e-16,0.01599546449651612,0.024372249782773525
trapezoid,0.012044545389003014,0.018861803677718725,0.01716966847542889,0.019609139431240874,0.01312688393113548,0.021652131829799193,0.012103562077461327,0.0179628298362684,0.01599546449651612,0.0,0.008576492446257022
random,0.024891158692614823,0.034932675983645356,0.02966647573192005,0.021106980677450204,0.019644406834875006,0.032846092383275516,0.026666817403508514,0.023501542731347524,0.024372249782773525,0.008576492446257022,0.0
