,square,rectangle,parallelogram,losange,isoTrapezoid,kite,rightKite,rustedHinge,hinge,trapezoid,random
square,0.0,0.08261316677172581,0.26669189726502607,0.4173263817073002,0.2172084162646858,0.13417532677545918,0.12045111021352062,0.23962911601694414,0.19188897742453126,0.21201080077217438,0.3429567284717798
rectangle,0.08261316677172581,1.1102230246251565e-16,0.18834945223596655,0.37983368698346087,0.30946283978754185,0.18405931406232712,0.1806224075552033,0.215707197616417,0.14812829107802306,0.26335771042930967,0.41086311734723924
parallelogram,0.26669189726502607,0.18834945223596655,0.0,0.14115002861314796,0.3319874382928537,0.2844926023994935,0.24043983682607295,0.26883163910580465,0.22064190698391062,0.17557933242934065,0.3158933218257589
losange,0.4173263817073002,0.37983368698346087,0.14115002861314796,0.0,0.36820945632189095,0.37531683194615173,0.34715555062910686,0.34491627395429114,0.34309489142330707,0.1958407000213508,0.24681798639820762
isoTrapezoid,0.2172084162646858,0.30946283978754185,0.3319874382928537,0.36820945632189095,0.0,0.16773515423521335,0.13554991048403076,0.34672707134376024,0.3351779930051545,0.12930397834160612,0.17720613575192645
kite,0.13417532677545918,0.18405931406232712,0.2844926023994935,0.37531683194615173,0.16773515423521335,0.0,0.05505615706319211,0.2813282630233469,0.26030859964373176,0.24110260636871406,0.32544795337174703
rightKite,0.12045111021352062,0.1806224075552033,0.24043983682607295,0.34715555062910686,0.13554991048403076,0.05505615706319211,0.0,0.27030804870833536,0.2524794607858749,0.15561665900316268,0.28736237296239286
rustedHinge,0.23962911601694414,0.215707197616417,0.26883163910580465,0.34491627395429114,0.34672707134376024,0.2813282630233469,0.27030804870833536,0.0,0.02652268779642375,0.2913707134139736,0.30335525801413254
hinge,0.19188897742453126,0.14812829107802306,0.22064190698391062,0.34309489142330707,0.3351779930051545,0.26030859964373176,0.2524794607858749,0.02652268779642375,0.0,0.274605855291996,0.31795806807155913
trapezoid,0.21201080077217438,0.26335771042930967,0.17557933242934065,0.1958407000213508,0.12930397834160612,0.24110260636871406,0.15561665900316268,0.2913707134139736,0.274605855291996,0.0,0.1110941752480823
random,0.3429567284717798,0.41086311734723924,0.3158933218257589,0.24681798639820762,0.17720613575192645,0.32544795337174703,0.28736237296239286,0.30335525801413254,0.31795806807155913,0.1110941752480823,1.1102230246251565e-16
