,square,rectangle,parallelogram,losange,isoTrapezoid,kite,rightKite,rustedHinge,hinge,trapezoid,random
square,2.220446049250313e-16,0.030858694878522885,0.05624762080254808,0.07614926669633504,0.06556052625562658,0.06085808102432866,0.05776230591556886,0.0782797138398037,0.06297316886151627,0.03745207828615715,0.07863090873836909
rectangle,0.030858694878522885,0.0,0.020081688904578954,0.04213802132371669,0.11861805747823762,0.09124978645839799,0.08694950396433032,0.06242347118994729,0.040273359344961235,0.05251532263557779,0.1049501829706776
parallelogram,0.05624762080254808,0.020081688904578954,0.0,0.008285572859920598,0.12145067115014496,0.09458140315497998,0.0915905326212696,0.05850670409757852,0.04056986085685732,0.04192170339434664,0.08615175099620975
losange,0.07614926669633504,0.04213802132371669,0.008285572859920598,2.220446049250313e-16,0.11869359020499859,0.09617770751790478,0.0956289168449459,0.06081549208121517,0.0477873358215789,0.04179024244797502,0.07304767883989205
isoTrapezoid,0.06556052625562658,0.11861805747823762,0.12145067115014496,0.11869359020499859,1.1102230246251565e-16,0.025824072247812024,0.031602319544396074,0.07638349050455173,0.0800954584489516,0.03972930527770269,0.038134553236604196
kite,0.06085808102432866,0.09124978645839799,0.09458140315497998,0.09617770751790478,0.025824072247812024,0.0,0.011698495301022516,0.05827452171812941,0.05898091013356099,0.040656064232304945,0.05225371319662975
rightKite,0.05776230591556886,0.08694950396433032,0.0915905326212696,0.0956289168449459,0.031602319544396074,0.011698495301022516,0.0,0.04435514765306736,0.04893266268154173,0.03416372127184997,0.05240942010866667
rustedHinge,0.0782797138398037,0.06242347118994729,0.05850670409757852,0.06081549208121517,0.07638349050455173,0.05827452171812941,0.04435514765306736,0.0,0.007176266776189988,0.04023336305981695,0.05432277691268661
hinge,0.06297316886151627,0.040273359344961235,0.04056986085685732,0.0477873358215789,0.0800954584489516,0.05898091013356099,0.04893266268154173,0.007176266776189988,1.1102230246251565e-16,0.03319223867030907,0.05545186712561456
trapezoid,0.03745207828615715,0.05251532263557779,0.04192170339434664,0.04179024244797502,0.03972930527770269,0.040656064232304945,0.03416372127184997,0.04023336305981695,0.03319223867030907,0.0,0.020553889014904292
random,0.07863090873836909,0.1049501829706776,0.08615175099620975,0.07304767883989205,0.038134553236604196,0.05225371319662975,0.05240942010866667,0.05432277691268661,0.05545186712561456,0.020553889014904292,0.0
