,square,rectangle,parallelogram,losange,isoTrapezoid,kite,rightKite,rustedHinge,hinge,trapezoid,random
square,1.1102230246251565e-16,0.036565796455574895,0.06048267295666265,0.0867165578751995,0.02514328728437598,0.01870720543805282,0.013397244819636556,0.04454095553648363,0.04020573468199806,0.029326765606456084,0.05818674353716591
rectangle,0.036565796455574895,0.0,0.025492499972176286,0.05815938568794232,0.07821784236691842,0.04798961117097045,0.045000893431450195,0.030625354756252055,0.018703955635308023,0.04881151391945715,0.08545132323278004
parallelogram,0.06048267295666265,0.025492499972176286,0.0,0.02480894166603176,0.08583784658767712,0.07187275187867948,0.05962919620725404,0.043691130493093144,0.031128273763184278,0.04151869618346704,0.07327260080037623
losange,0.0867165578751995,0.05815938568794232,0.02480894166603176,0.0,0.09327447664877475,0.09214400018425728,0.08142821903660291,0.05490479415739824,0.049460904592205646,0.04584536863448252,0.05268462754897818
isoTrapezoid,0.02514328728437598,0.07821784236691842,0.08583784658767712,0.09327447664877475,0.0,0.027298086592523307,0.023936704774985773,0.07636948323206338,0.07625403632984518,0.03286221943177714,0.04764469383246184
kite,0.01870720543805282,0.04798961117097045,0.07187275187867948,0.09214400018425728,0.027298086592523307,1.1102230246251565e-16,0.013560205888939136,0.06370630615677342,0.061282217098837966,0.04877358184088021,0.07293162064104164
rightKite,0.013397244819636556,0.045000893431450195,0.05962919620725404,0.08142821903660291,0.023936704774985773,0.013560205888939136,1.1102230246251565e-16,0.05747365393135162,0.05404617282839508,0.02828037512665571,0.0623162049565239
rustedHinge,0.04454095553648363,0.030625354756252055,0.043691130493093144,0.05490479415739824,0.07636948323206338,0.06370630615677342,0.05747365393135162,1.1102230246251565e-16,0.004753740143642937,0.05171878931134899,0.06555340953566147
hinge,0.04020573468199806,0.018703955635308023,0.031128273763184278,0.049460904592205646,0.07625403632984518,0.061282217098837966,0.05404617282839508,0.004753740143642937,0.0,0.04620905265452768,0.06659140170023814
trapezoid,0.029326765606456084,0.04881151391945715,0.04151869618346704,0.04584536863448252,0.03286221943177714,0.04877358184088021,0.02828037512665571,0.05171878931134899,0.04620905265452768,0.0,0.024775589492304517
random,0.05818674353716591,0.08545132323278004,0.07327260080037623,0.05268462754897818,0.04764469383246184,0.07293162064104164,0.0623162049565239,0.06555340953566147,0.06659140170023814,0.024775589492304517,1.1102230246251565e-16
