,square,rectangle,parallelogram,losange,isoTrapezoid,kite,rightKite,rustedHinge,hinge,trapezoid,random
square,0.0,0.031349953140791476,0.04772469223479403,0.05869799461485237,0.02743313484503751,0.025433853150327423,0.0171607794028511,0.03507218532769296,0.029284829136643098,0.010868744891827431,0.03375201680725748
rectangle,0.031349953140791476,0.0,0.007086685560720896,0.0187767571061771,0.0896609400680961,0.060255639093815594,0.04987414517274613,0.01826914064221652,0.006254762895253618,0.027269798125986955,0.06353277314182615
parallelogram,0.04772469223479403,0.007086685560720896,0.0,0.003574467158046435,0.10457050844481697,0.07490930140142149,0.06726966787262123,0.024588602775347024,0.012862634893402669,0.03044198164446854,0.06038348107926006
losange,0.05869799461485237,0.0187767571061771,0.003574467158046435,0.0,0.10790959509125952,0.08237606682063181,0.07885452599493759,0.033676961352147705,0.023273975478172337,0.033902646747725806,0.055491243198741436
isoTrapezoid,0.02743313484503751,0.0896609400680961,0.10457050844481697,0.10790959509125952,0.0,0.021321220073457714,0.029954472664350806,0.0805475509711312,0.08210993882971052,0.038520765597147455,0.03544913384054249
kite,0.025433853150327423,0.060255639093815594,0.07490930140142149,0.08237606682063181,0.021321220073457714,1.1102230246251565e-16,0.011269537888555003,0.060949868240032345,0.06069385274449446,0.03776242273572061,0.05520603664461843
rightKite,0.0171607794028511,0.04987414517274613,0.06726966787262123,0.07885452599493759,0.029954472664350806,0.011269537888555003,1.1102230246251565e-16,0.043484169486945334,0.04581918878311819,0.02937454098307124,0.054668190288567065
rustedHinge,0.03507218532769296,0.01826914064221652,0.024588602775347024,0.033676961352147705,0.0805475509711312,0.060949868240032345,0.043484169486945334,0.0,0.005091878181102016,0.03003000504594866,0.05474672439350925
hinge,0.029284829136643098,0.006254762895253618,0.012862634893402669,0.023273975478172337,0.08210993882971052,0.06069385274449446,0.04581918878311819,0.005091878181102016,0.0,0.023628651554152724,0.052757666742275444
trapezoid,0.010868744891827431,0.027269798125986955,0.03044198164446854,0.033902646747725806,0.038520765597147455,0.03776242273572061,0.02937454098307124,0.03003000504594866,0.023628651554152724,0.0,0.013411034829190482
random,0.03375201680725748,0.06353277314182615,0.06038348107926006,0.055491243198741436,0.03544913384054249,0.05520603664461843,0.054668190288567065,0.05474672439350925,0.052757666742275444,0.013411034829190482,0.0
