,square,rectangle,parallelogram,losange,isoTrapezoid,kite,rightKite,rustedHinge,hinge,trapezoid,random
square,0.0,0.03133349361739346,0.05009370746586894,0.06349382704627893,0.035291049994606194,0.03267591014092519,0.02573983329009899,0.043949877657122216,0.03589514415611239,0.01710153308918283,0.04418529642151614
rectangle,0.03133349361739346,0.0,0.010762702863499674,0.025348476000860987,0.09535746600184569,0.06623811501911425,0.057656858338336336,0.027623691277647966,0.013063515755147082,0.03335960528191928,0.0731800851078217
parallelogram,0.05009370746586894,0.010762702863499674,0.0,0.005146165651239376,0.10707456782777147,0.0782122986857905,0.07196102180940978,0.03154947454303636,0.018295970640495374,0.03294967019645256,0.06587248535809553
losange,0.06349382704627893,0.025348476000860987,0.005146165651239376,0.0,0.11012509588066877,0.08548994717598069,0.08296857407736058,0.040313357722549625,0.029066717679834708,0.03613694705686421,0.05961900607987536
isoTrapezoid,0.035291049994606194,0.09535746600184569,0.10707456782777147,0.11012509588066877,2.220446049250313e-16,0.022898272074591608,0.03055706565381966,0.08051201562608368,0.08258175825249703,0.03882197381542274,0.03680930111635172
kite,0.03267591014092519,0.06623811501911425,0.0782122986857905,0.08548994717598069,0.022898272074591608,0.0,0.011709930565492632,0.061247531807444355,0.06110867644298967,0.03910457647964938,0.05579348299861708
rightKite,0.02573983329009899,0.057656858338336336,0.07196102180940978,0.08296857407736058,0.03055706565381966,0.011709930565492632,2.220446049250313e-16,0.04473714019856423,0.047578352389189504,0.031041155895478734,0.05530795927977983
rustedHinge,0.043949877657122216,0.027623691277647966,0.03154947454303636,0.040313357722549625,0.08051201562608368,0.061247531807444355,0.04473714019856423,0.0,0.00583247807142695,0.03341349913549585,0.05582449203270656
hinge,0.03589514415611239,0.013063515755147082,0.018295970640495374,0.029066717679834708,0.08258175825249703,0.06110867644298967,0.047578352389189504,0.00583247807142695,0.0,0.02682097219962476,0.0546398868840533
trapezoid,0.01710153308918283,0.03335960528191928,0.03294967019645256,0.03613694705686421,0.03882197381542274,0.03910457647964938,0.031041155895478734,0.03341349913549585,0.02682097219962476,0.0,0.015652529560296613
random,0.04418529642151614,0.0731800851078217,0.06587248535809553,0.05961900607987536,0.03680930111635172,0.05579348299861708,0.05530795927977983,0.05582449203270656,0.0546398868840533,0.015652529560296613,0.0
