,square,rectangle,parallelogram,losange,isoTrapezoid,kite,rightKite,rustedHinge,hinge,trapezoid,random
square,0.0,0.11117599850687498,0.14690723414176698,0.20888888835623587,0.06574511115077364,0.04146711115528379,0.027535900838217886,0.11215281221875917,0.11067182649399243,0.0680229738238517,0.13229118649437932
rectangle,0.11117599850687498,0.0,0.05809850692115193,0.1226984823511964,0.2034036283636219,0.12599941661947578,0.11943759913607022,0.05989398688638026,0.03791564502579625,0.1229402829562729,0.19367472025548005
parallelogram,0.14690723414176698,0.05809850692115193,1.1102230246251565e-16,0.06289429465731422,0.20312579664551877,0.15850940919497536,0.13800867694104846,0.08719719861436181,0.06683445600050408,0.1199999420203911,0.1797106183376137
losange,0.20888888835623587,0.1226984823511964,0.06289429465731422,0.0,0.21809416381313984,0.20223491126383442,0.1926073011946805,0.10757253247009702,0.10146982260807813,0.1354263029179259,0.13712186433060325
isoTrapezoid,0.06574511115077364,0.2034036283636219,0.20312579664551877,0.21809416381313984,0.0,0.07097418230841179,0.06475862678331279,0.18428353754906746,0.19245633286018493,0.08348288946896465,0.1164778960875138
kite,0.04146711115528379,0.12599941661947578,0.15850940919497536,0.20223491126383442,0.07097418230841179,0.0,0.03106894056555176,0.1469190242100089,0.14643646119095877,0.09881255443039982,0.14832718983364968
rightKite,0.027535900838217886,0.11943759913607022,0.13800867694104846,0.1926073011946805,0.06475862678331279,0.03106894056555176,1.1102230246251565e-16,0.12994960970048375,0.12819820007780391,0.06320329987735995,0.14127059458417845
rustedHinge,0.11215281221875917,0.05989398688638026,0.08719719861436181,0.10757253247009702,0.18428353754906746,0.1469190242100089,0.12994960970048375,1.1102230246251565e-16,0.011058649461762937,0.11718165744699938,0.15070952860304687
hinge,0.11067182649399243,0.03791564502579625,0.06683445600050408,0.10146982260807813,0.19245633286018493,0.14643646119095877,0.12819820007780391,0.011058649461762937,0.0,0.11318206159087951,0.15880958684528368
trapezoid,0.0680229738238517,0.1229402829562729,0.1199999420203911,0.1354263029179259,0.08348288946896465,0.09881255443039982,0.06320329987735995,0.11718165744699938,0.11318206159087951,1.1102230246251565e-16,0.07600219973130673
random,0.13229118649437932,0.19367472025548005,0.1797106183376137,0.13712186433060325,0.1164778960875138,0.14832718983364968,0.14127059458417845,0.15070952860304687,0.15880958684528368,0.07600219973130673,1.1102230246251565e-16
