,square,rectangle,parallelogram,losange,isoTrapezoid,kite,rightKite,rustedHinge,hinge,trapezoid,random
square,1.1102230246251565e-16,0.031275808595079724,0.047362130739512454,0.057968207611603706,0.02675607959806714,0.0249663651976334,0.016475680416688232,0.0342732148118472,0.028565051328736213,0.010346348298751029,0.03275232937890915
rectangle,0.031275808595079724,1.1102230246251565e-16,0.006668178797523794,0.017944539691489125,0.08910920983712167,0.059950621723058206,0.04924272840731758,0.01759188726937211,0.005687477255937767,0.026682708580906045,0.06261407114403816
parallelogram,0.047362130739512454,0.006668178797523794,0.0,0.0034377332801023286,0.1043731238295389,0.07481677456142732,0.06685502152472367,0.02410425793003268,0.012330030733418873,0.03018068317441558,0.05994343882854436
losange,0.057968207611603706,0.017944539691489125,0.0034377332801023286,0.0,0.10763098134112892,0.08211279178727682,0.0783009945242702,0.03305084047572271,0.02254218838003874,0.033572607761085616,0.055132622297688894
isoTrapezoid,0.02675607959806714,0.08910920983712167,0.1043731238295389,0.10763098134112892,1.1102230246251565e-16,0.021105756910245743,0.029848248958268875,0.08029163587767796,0.08176538931120103,0.03867038752010299,0.035333717369519846
kite,0.0249663651976334,0.059950621723058206,0.07481677456142732,0.08211279178727682,0.021105756910245743,0.0,0.01125759575305263,0.06089243675661382,0.06060827969983251,0.03788311262781918,0.05520257700500886
rightKite,0.016475680416688232,0.04924272840731758,0.06685502152472367,0.0783009945242702,0.029848248958268875,0.01125759575305263,0.0,0.04323427627806331,0.0454787836830256,0.0293377650923754,0.05452066251485432
rustedHinge,0.0342732148118472,0.01759188726937211,0.02410425793003268,0.03305084047572271,0.08029163587767796,0.06089243675661382,0.04323427627806331,0.0,0.0050691218256647685,0.029689848727980417,0.05452179925485556
hinge,0.028565051328736213,0.005687477255937767,0.012330030733418873,0.02254218838003874,0.08176538931120103,0.06060827969983251,0.0454787836830256,0.0050691218256647685,1.1102230246251565e-16,0.02316666463410688,0.05239569667838717
trapezoid,0.010346348298751029,0.026682708580906045,0.03018068317441558,0.033572607761085616,0.03867038752010299,0.03788311262781918,0.0293377650923754,0.029689848727980417,0.02316666463410688,1.1102230246251565e-16,0.013228203442505415
random,0.03275232937890915,0.06261407114403816,0.05994343882854436,0.055132622297688894,0.035333717369519846,0.05520257700500886,0.05452066251485432,0.05452179925485556,0.05239569667838717,0.013228203442505415,1.1102230246251565e-16
