,square,rectangle,parallelogram,losange,isoTrapezoid,kite,rightKite,rustedHinge,hinge,trapezoid,random
square,0.0,0.031306682534794184,0.047957570521976134,0.05916446424561195,0.02805633814457109,0.026084899735311473,0.017964824682206948,0.03586110478317006,0.030024733063003906,0.011502875992641992,0.03486111953904092
rectangle,0.031306682534794184,0.0,0.007476297268066201,0.019452772813593033,0.08991903896012088,0.06064416414393048,0.05044485021435119,0.01905122508268442,0.006980742134798379,0.027806977313376557,0.06442499502366628
parallelogram,0.047957570521976134,0.007476297268066201,0.0,0.0037160018444193366,0.10443922526969618,0.07500318816741458,0.06756159331222078,0.025182008913888554,0.013465133107286364,0.030609199960922595,0.060821987864741245
losange,0.05916446424561195,0.019452772813593033,0.0037160018444193366,2.220446049250313e-16,0.10772539822718019,0.08243857996425952,0.07907123429108676,0.034274932686653714,0.023908858468584482,0.034017588907297114,0.05576183462101025
isoTrapezoid,0.02805633814457109,0.08991903896012088,0.10443922526969618,0.10772539822718019,0.0,0.021422532648612824,0.029919323006579623,0.08039100178334146,0.08200686291203818,0.038361280351742466,0.035507334652809974
kite,0.026084899735311473,0.06064416414393048,0.07500318816741458,0.08243857996425952,0.021422532648612824,0.0,0.011266952474244474,0.06079700423275236,0.060561643702405576,0.03779260059207323,0.05516106574236235
rightKite,0.017964824682206948,0.05044485021435119,0.06756159331222078,0.07907123429108676,0.029919323006579623,0.011266952474244474,0.0,0.043497698932174145,0.04586516594483281,0.029471819892510465,0.0546482225732956
rustedHinge,0.03586110478317006,0.01905122508268442,0.025182008913888554,0.034274932686653714,0.08039100178334146,0.06079700423275236,0.043497698932174145,0.0,0.005098927054346336,0.030320066775015087,0.05477052682049277
hinge,0.030024733063003906,0.006980742134798379,0.013465133107286364,0.023908858468584482,0.08200686291203818,0.060561643702405576,0.04586516594483281,0.005098927054346336,2.220446049250313e-16,0.02398735869653057,0.052867429112001596
trapezoid,0.011502875992641992,0.027806977313376557,0.030609199960922595,0.034017588907297114,0.038361280351742466,0.03779260059207323,0.029471819892510465,0.030320066775015087,0.02398735869653057,0.0,0.013622557564221593
random,0.03486111953904092,0.06442499502366628,0.060821987864741245,0.05576183462101025,0.035507334652809974,0.05516106574236235,0.0546482225732956,0.05477052682049277,0.052867429112001596,0.013622557564221593,0.0
