,square,rectangle,parallelogram,losange,isoTrapezoid,kite,rightKite,rustedHinge,hinge,trapezoid,random
square,0.0,77.80265505233376,94.05628852941463,113.55600999940941,58.78754743508363,49.02484890682933,39.755110666023576,79.4964005288747,77.53965418423084,64.18279246940061,89.91507308347038
rectangle,77.80265505233376,0.0,56.421412951841624,85.38269757676883,100.30560930253615,83.11219154891002,81.05525159092224,59.44978830553788,47.75756142926719,83.00189704954823,101.64798371860174
parallelogram,94.05628852941463,56.421412951841624,0.0,60.2151221231082,104.00423965627864,97.11148824427751,91.15511907371351,70.36974387958347,61.03261165920506,82.36342726596506,98.15247672570567
losange,113.55600999940941,85.38269757676883,60.2151221231082,0.0,110.37342566690221,111.20194974882314,109.25028121626286,79.40147581355622,77.67996199106545,89.74977663318397,84.6125964491949
isoTrapezoid,58.78754743508363,100.30560930253615,104.00423965627864,110.37342566690221,0.0,60.99448672492328,56.91695874893993,96.26156563066064,97.13605832634941,66.51510810717919,81.78883425896377
kite,49.02484890682933,83.11219154891002,97.11148824427751,111.20194974882314,60.99448672492328,0.0,41.85951851266034,89.76481021050967,89.04918401987895,79.27175619404184,95.71399676758861
rightKite,39.755110666023576,81.05525159092224,91.15511907371351,109.25028121626286,56.91695874893993,41.85951851266034,0.0,84.95198532399334,83.16660626879384,63.1060934741669,92.80747927419772
rustedHinge,79.4964005288747,59.44978830553788,70.36974387958347,79.40147581355622,96.26156563066064,89.76481021050967,84.95198532399334,0.0,23.329607001190517,80.57484435321376,86.9241507626977
hinge,77.53965418423084,47.75756142926719,61.03261165920506,77.67996199106545,97.13605832634941,89.04918401987895,83.16660626879384,23.329607001190517,0.0,78.48500377418148,89.71914814481546
trapezoid,64.18279246940061,83.00189704954823,82.36342726596506,89.74977663318397,66.51510810717919,79.27175619404184,63.1060934741669,80.57484435321376,78.48500377418148,0.0,63.84872333089042
random,89.91507308347038,101.64798371860174,98.15247672570567,84.6125964491949,81.78883425896377,95.71399676758861,92.80747927419772,86.9241507626977,89.71914814481546,63.84872333089042,0.0
