,square,rectangle,parallelogram,losange,isoTrapezoid,kite,rightKite,rustedHinge,hinge,trapezoid,random
square,0.0,0.006617999998372204,0.010246292864869444,0.014654653836749243,0.0040491194618920145,0.0028376178624808235,0.0020708337008245037,0.007508676981864859,0.007033775823683142,0.004696217112442724,0.009221798005647264
rectangle,0.006617999998372204,0.0,0.003978172212852904,0.008671876467488904,0.01170422557087858,0.007848430371806936,0.007548245825988897,0.004809572036971521,0.0029804237193792327,0.008029636402344331,0.012722360511334907
parallelogram,0.010246292864869444,0.003978172212852904,0.0,0.004516548785252539,0.013407689331776385,0.011575663442674466,0.010014230284766334,0.007022665958316465,0.005055046127582119,0.008024450628733582,0.012093864626604556
losange,0.014654653836749243,0.008671876467488904,0.004516548785252539,0.0,0.014968622648925956,0.015147786385291462,0.014015790338022138,0.008268027733809191,0.0073982888996614316,0.00891711891376279,0.009003124539983864
isoTrapezoid,0.0040491194618920145,0.01170422557087858,0.013407689331776385,0.014968622648925956,0.0,0.004437153636212887,0.004039404061172758,0.011577451168368946,0.011610053714910973,0.005149412007869558,0.0077051132446347426
kite,0.0028376178624808235,0.007848430371806936,0.011575663442674466,0.015147786385291462,0.004437153636212887,0.0,0.0021760829688052263,0.010346009829930392,0.009963220694701347,0.0075228191719916016,0.01137830007445162
rightKite,0.0020708337008245037,0.007548245825988897,0.010014230284766334,0.014015790338022138,0.004039404061172758,0.0021760829688052263,2.220446049250313e-16,0.009354806464930587,0.008899790276131636,0.0046739888012546915,0.010164246094839569
rustedHinge,0.007508676981864859,0.004809572036971521,0.007022665958316465,0.008268027733809191,0.011577451168368946,0.010346009829930392,0.009354806464930587,0.0,0.0008877705937044844,0.008292134055846168,0.009943951395339656
hinge,0.007033775823683142,0.0029804237193792327,0.005055046127582119,0.0073982888996614316,0.011610053714910973,0.009963220694701347,0.008899790276131636,0.0008877705937044844,0.0,0.007597031121138742,0.010134024923827423
trapezoid,0.004696217112442724,0.008029636402344331,0.008024450628733582,0.00891711891376279,0.005149412007869558,0.0075228191719916016,0.0046739888012546915,0.008292134055846168,0.007597031121138742,0.0,0.004669025415911299
random,0.009221798005647264,0.012722360511334907,0.012093864626604556,0.009003124539983864,0.0077051132446347426,0.01137830007445162,0.010164246094839569,0.009943951395339656,0.010134024923827423,0.004669025415911299,0.0
