,square,rectangle,parallelogram,losange,isoTrapezoid,kite,rightKite,rustedHinge,hinge,trapezoid,random
square,0.0,0.017226168612725745,0.030517352744663606,0.0426210023331276,0.011203183932516403,0.008649338048162147,0.006161736241542148,0.02117916560910571,0.01940617167510228,0.01389624916147425,0.026688865528360584
rectangle,0.017226168612725745,0.0,0.012439482683560099,0.026719888207306752,0.03230201123334808,0.021430800006685846,0.020295694493130956,0.013880880357231784,0.00874362396818773,0.02205998923033814,0.03605658510943477
parallelogram,0.030517352744663606,0.012439482683560099,1.1102230246251565e-16,0.012131361770548299,0.03893650603933574,0.034310164044706104,0.029374758512755283,0.020579822754731802,0.015108370475507393,0.021422679690702884,0.03257729177629709
losange,0.0426210023331276,0.026719888207306752,0.012131361770548299,0.0,0.043416931339539167,0.043886780186176755,0.039729115645739,0.026157444002209873,0.023703185480860034,0.024133087312685597,0.02539736796072689
isoTrapezoid,0.011203183932516403,0.03230201123334808,0.03893650603933574,0.043416931339539167,0.0,0.012380919594583428,0.010593029848849689,0.03229784595959728,0.032411937097042265,0.014952762775754413,0.021812145336241096
kite,0.008649338048162147,0.021430800006685846,0.034310164044706104,0.043886780186176755,0.012380919594583428,0.0,0.006406200122490824,0.028857953208612397,0.027890200557581735,0.023005708791353663,0.03326859728200715
rightKite,0.006161736241542148,0.020295694493130956,0.029374758512755283,0.039729115645739,0.010593029848849689,0.006406200122490824,0.0,0.026360054643346564,0.024955254669264515,0.013716837138137983,0.028405362601053863
rustedHinge,0.02117916560910571,0.013880880357231784,0.020579822754731802,0.026157444002209873,0.03229784595959728,0.028857953208612397,0.026360054643346564,1.1102230246251565e-16,0.0023127912545041207,0.023223169351386463,0.027823300150923824
hinge,0.01940617167510228,0.00874362396818773,0.015108370475507393,0.023703185480860034,0.032411937097042265,0.027890200557581735,0.024955254669264515,0.0023127912545041207,0.0,0.020994815134286693,0.028191032912662783
trapezoid,0.01389624916147425,0.02205998923033814,0.021422679690702884,0.024133087312685597,0.014952762775754413,0.023005708791353663,0.013716837138137983,0.023223169351386463,0.020994815134286693,1.1102230246251565e-16,0.011384757146844837
random,0.026688865528360584,0.03605658510943477,0.03257729177629709,0.02539736796072689,0.021812145336241096,0.03326859728200715,0.028405362601053863,0.027823300150923824,0.028191032912662783,0.011384757146844837,0.0
