,square,rectangle,parallelogram,losange,isoTrapezoid,kite,rightKite,rustedHinge,hinge,trapezoid,random
square,0.0,0.017081044857430006,0.03278700902665599,0.05620185112644638,0.01920042675271927,0.01764773463678937,0.010588101727134536,0.023690926565753445,0.021106635123577022,0.019502602258259394,0.04299522766432551
rectangle,0.017081044857430006,0.0,0.01788841968649424,0.048241813317351334,0.041755428947807705,0.030545351593609937,0.025432700579166134,0.022871373234789605,0.015495157684200844,0.03180509507976215,0.06360855814978772
parallelogram,0.03278700902665599,0.01788841968649424,0.0,0.01589678740267153,0.05357312230693689,0.05339679673884157,0.037416006056906204,0.024379143916335555,0.017384545337968516,0.021923432903248163,0.04505796622468505
losange,0.05620185112644638,0.048241813317351334,0.01589678740267153,0.0,0.0650432919721522,0.07489092187307278,0.05676779339749782,0.03700902380065707,0.034627542452740356,0.027627921431214175,0.030599205886666092
isoTrapezoid,0.01920042675271927,0.041755428947807705,0.05357312230693689,0.0650432919721522,1.1102230246251565e-16,0.016349986886434187,0.013519668791128092,0.04566859651672084,0.04521669439570064,0.022239137202295978,0.03307242076182526
kite,0.01764773463678937,0.030545351593609937,0.05339679673884157,0.07489092187307278,0.016349986886434187,0.0,0.009805461506910085,0.04513253103751369,0.044118077066186534,0.040163737175116454,0.05925337470363434
rightKite,0.010588101727134536,0.025432700579166134,0.037416006056906204,0.05676779339749782,0.013519668791128092,0.009805461506910085,1.1102230246251565e-16,0.03526725862365754,0.032703345076966706,0.019389534966299027,0.04317068194319429
rustedHinge,0.023690926565753445,0.022871373234789605,0.024379143916335555,0.03700902380065707,0.04566859651672084,0.04513253103751369,0.03526725862365754,0.0,0.0028327745634028068,0.028038363459515936,0.040063145050130644
hinge,0.021106635123577022,0.015495157684200844,0.017384545337968516,0.034627542452740356,0.04521669439570064,0.044118077066186534,0.032703345076966706,0.0028327745634028068,0.0,0.024639016707734274,0.04155927690857819
trapezoid,0.019502602258259394,0.03180509507976215,0.021923432903248163,0.027627921431214175,0.022239137202295978,0.040163737175116454,0.019389534966299027,0.028038363459515936,0.024639016707734274,0.0,0.0156849790726159
random,0.04299522766432551,0.06360855814978772,0.04505796622468505,0.030599205886666092,0.03307242076182526,0.05925337470363434,0.04317068194319429,0.040063145050130644,0.04155927690857819,0.0156849790726159,1.1102230246251565e-16
