,square,rectangle,parallelogram,losange,isoTrapezoid,kite,rightKite,rustedHinge,hinge,trapezoid,random
square,0.0,0.028623294838685198,0.04690706073493822,0.06675302412887774,0.018192159261694374,0.012930543977101472,0.009259535647909822,0.03316818117967757,0.030655449704459325,0.02121376081346893,0.04267324174917109
rectangle,0.028623294838685198,1.1102230246251565e-16,0.01661173043991404,0.039241892456666205,0.05185906807367158,0.03444633183490409,0.03300656662964585,0.02170257821165944,0.013188494342431967,0.03546713125741019,0.06022922024389887
parallelogram,0.04690706073493822,0.01661173043991404,0.0,0.01627914221803406,0.06201936742480452,0.05262591808770056,0.04531014826968782,0.03062166309629233,0.02128154352861833,0.03327051696908634,0.05393979458366582
losange,0.06675302412887774,0.039241892456666205,0.01627914221803406,0.0,0.06863276795258988,0.06967593535144156,0.06181734356817492,0.03928972921109175,0.034379411897351164,0.03623576563368436,0.03971881334821803
isoTrapezoid,0.018192159261694374,0.05185906807367158,0.06201936742480452,0.06863276795258988,0.0,0.018299471028956793,0.015779922649836964,0.0521435155651957,0.05196742167222912,0.02133640200868725,0.030895364286284255
kite,0.012930543977101472,0.03444633183490409,0.05262591808770056,0.06967593535144156,0.018299471028956793,1.1102230246251565e-16,0.009262381072899006,0.04618442047198068,0.044373060872410885,0.03467027500729669,0.05247063942140573
rightKite,0.009259535647909822,0.03300656662964585,0.04531014826968782,0.06181734356817492,0.015779922649836964,0.009262381072899006,0.0,0.042190708478894945,0.03976962619624147,0.019369540859313195,0.043417607637784905
rustedHinge,0.03316818117967757,0.02170257821165944,0.03062166309629233,0.03928972921109175,0.0521435155651957,0.04618442047198068,0.042190708478894945,1.1102230246251565e-16,0.003505693773287244,0.03713930987070646,0.046680918140081795
hinge,0.030655449704459325,0.013188494342431967,0.02128154352861833,0.034379411897351164,0.05196742167222912,0.044373060872410885,0.03976962619624147,0.003505693773287244,0.0,0.03329521016283221,0.04701751542624122
trapezoid,0.02121376081346893,0.03546713125741019,0.03327051696908634,0.03623576563368436,0.02133640200868725,0.03467027500729669,0.019369540859313195,0.03713930987070646,0.03329521016283221,0.0,0.017183349051330787
random,0.04267324174917109,0.06022922024389887,0.05393979458366582,0.03971881334821803,0.030895364286284255,0.05247063942140573,0.043417607637784905,0.046680918140081795,0.04701751542624122,0.017183349051330787,1.1102230246251565e-16
