,square,rectangle,parallelogram,losange,isoTrapezoid,kite,rightKite,rustedHinge,hinge,trapezoid,random
square,0.0,0.039015971519118064,0.06270303187821058,0.09618885771231,0.03598895651351908,0.027846335373795994,0.020256617855324732,0.0492606520616059,0.04516453832732659,0.04000554894227948,0.07948727389709942
rectangle,0.039015971519118064,0.0,0.0280087311224555,0.0702181259931004,0.07265570572033642,0.050665242590598014,0.04794135513967879,0.03671021914685313,0.025167371657614956,0.06079769997364981,0.10260994797547207
parallelogram,0.06270303187821058,0.0280087311224555,2.220446049250313e-16,0.026708566662040467,0.08009304244802251,0.07417257531894839,0.05905479161812577,0.04648687710541999,0.03626006581120089,0.043567167191240874,0.07719563834909238
losange,0.09618885771231,0.0702181259931004,0.026708566662040467,0.0,0.08853729309828895,0.10231663361565069,0.0845526815995914,0.06874595269930617,0.06464461040539071,0.04555625016586207,0.05108068111347408
isoTrapezoid,0.03598895651351908,0.07265570572033642,0.08009304244802251,0.08853729309828895,0.0,0.032836831540890676,0.026623300741932754,0.0716568055451805,0.07178375251098801,0.03274768958945129,0.04945253689382434
kite,0.027846335373795994,0.050665242590598014,0.07417257531894839,0.10231663361565069,0.032836831540890676,0.0,0.015831793049250642,0.06386442573379758,0.061995256108668184,0.06247647364447817,0.09325924952099995
rightKite,0.020256617855324732,0.04794135513967879,0.05905479161812577,0.0845526815995914,0.026623300741932754,0.015831793049250642,2.220446049250313e-16,0.05598866071834441,0.0532507478191897,0.03346236389394586,0.07187652277422563
rustedHinge,0.0492606520616059,0.03671021914685313,0.04648687710541999,0.06874595269930617,0.0716568055451805,0.06386442573379758,0.05598866071834441,0.0,0.005714120468015893,0.059875104449640726,0.079001281341743
hinge,0.04516453832732659,0.025167371657614956,0.03626006581120089,0.06464461040539071,0.07178375251098801,0.061995256108668184,0.0532507478191897,0.005714120468015893,0.0,0.055716745667514944,0.08070942671852055
trapezoid,0.04000554894227948,0.06079769997364981,0.043567167191240874,0.04555625016586207,0.03274768958945129,0.06247647364447817,0.03346236389394586,0.059875104449640726,0.055716745667514944,0.0,0.026615965807551767
random,0.07948727389709942,0.10260994797547207,0.07719563834909238,0.05108068111347408,0.04945253689382434,0.09325924952099995,0.07187652277422563,0.079001281341743,0.08070942671852055,0.026615965807551767,1.1102230246251565e-16
