,square,rectangle,parallelogram,losange,isoTrapezoid,kite,rightKite,rustedHinge,hinge,trapezoid,random
square,1.1102230246251565e-16,0.019191088771421727,0.03720438133360393,0.062426733804288315,0.021126936490119652,0.01941691535593426,0.012851028784131135,0.02772461658678227,0.025044840815526714,0.022353162447933284,0.047680313021134846
rectangle,0.019191088771421727,0.0,0.019442721240177763,0.05142545327529635,0.04592115557677423,0.033228514406203224,0.02893488020286461,0.025614907613640048,0.017780588454677893,0.03505867986208011,0.0682967153183125
parallelogram,0.03720438133360393,0.019442721240177763,0.0,0.017046107655677822,0.05779411451080585,0.05663068158879059,0.041017906049729436,0.028338252593402946,0.02086033454950631,0.02473425429197873,0.049325596865824384
losange,0.062426733804288315,0.05142545327529635,0.017046107655677822,0.0,0.06971675998017013,0.07923940448342115,0.06123752087146028,0.04183618096103947,0.03919846089409207,0.03052432838623842,0.034473106867571435
isoTrapezoid,0.021126936490119652,0.04592115557677423,0.05779411451080585,0.06971675998017013,0.0,0.018663846871053713,0.015211133981251845,0.050121644054634595,0.04996188094796228,0.023532250995882076,0.035544487395638535
kite,0.01941691535593426,0.033228514406203224,0.05663068158879059,0.07923940448342115,0.018663846871053713,0.0,0.010622866605778936,0.048793683886542816,0.04742715905437467,0.04278605076199504,0.06295273168649285
rightKite,0.012851028784131135,0.02893488020286461,0.041017906049729436,0.06123752087146028,0.015211133981251845,0.010622866605778936,0.0,0.039297211461262305,0.036593761429945526,0.021209626081271638,0.04635267051290526
rustedHinge,0.02772461658678227,0.025614907613640048,0.028338252593402946,0.04183618096103947,0.050121644054634595,0.048793683886542816,0.039297211461262305,1.1102230246251565e-16,0.003353689129752646,0.03239394299262888,0.04427025224690928
hinge,0.025044840815526714,0.017780588454677893,0.02086033454950631,0.03919846089409207,0.04996188094796228,0.04742715905437467,0.036593761429945526,0.003353689129752646,0.0,0.028949857732825324,0.04570834557759296
trapezoid,0.022353162447933284,0.03505867986208011,0.02473425429197873,0.03052432838623842,0.023532250995882076,0.04278605076199504,0.021209626081271638,0.03239394299262888,0.028949857732825324,1.1102230246251565e-16,0.017043549051474205
random,0.047680313021134846,0.0682967153183125,0.049325596865824384,0.034473106867571435,0.035544487395638535,0.06295273168649285,0.04635267051290526,0.04427025224690928,0.04570834557759296,0.017043549051474205,0.0
