,square,rectangle,parallelogram,losange,isoTrapezoid,kite,rightKite,rustedHinge,hinge,trapezoid,random
square,0.0,0.04486436332939714,0.07019540715639716,0.09956097504502026,0.024909872455202042,0.017242474295489973,0.011550317516435094,0.04853571489384678,0.046220880043181256,0.02939054129140417,0.06083334860050271
rectangle,0.04486436332939714,1.1102230246251565e-16,0.022430845620333373,0.05393308665024621,0.0768608859207931,0.05105486014460059,0.04891182543447603,0.029826328100666433,0.018094924505008603,0.05172436467197894,0.08605375075852406
parallelogram,0.07019540715639716,0.022430845620333373,0.0,0.024541131902411806,0.09159989912403188,0.0765507110861906,0.0667533381729345,0.04160738672971298,0.028489665950523935,0.050993927957346474,0.07974567297597812
losange,0.09956097504502026,0.05393308665024621,0.024541131902411806,1.1102230246251565e-16,0.10150134464833083,0.1013340190949853,0.09206181206520359,0.052008900226738985,0.04531237451541459,0.056764844391130276,0.058489738028821625
isoTrapezoid,0.024909872455202042,0.0768608859207931,0.09159989912403188,0.10150134464833083,0.0,0.026455941048931786,0.022656371351916116,0.07431521341702974,0.07542732487053316,0.030760367072917627,0.04623740946748767
kite,0.017242474295489973,0.05105486014460059,0.0765507110861906,0.1013340190949853,0.026455941048931786,1.1102230246251565e-16,0.012554057811021813,0.06607643198733526,0.06418016932880355,0.04851827569466427,0.07499741055869369
rightKite,0.011550317516435094,0.04891182543447603,0.0667533381729345,0.09206181206520359,0.022656371351916116,0.012554057811021813,0.0,0.05933743242397471,0.05680165664730097,0.027876184221482858,0.06390616583413533
rustedHinge,0.04853571489384678,0.029826328100666433,0.04160738672971298,0.052008900226738985,0.07431521341702974,0.06607643198733526,0.05933743242397471,0.0,0.004629524070201896,0.05125707629333076,0.06464347681725813
hinge,0.046220880043181256,0.018094924505008603,0.028489665950523935,0.04531237451541459,0.07542732487053316,0.06418016932880355,0.05680165664730097,0.004629524070201896,0.0,0.04684344222433745,0.06600151196607151
trapezoid,0.02939054129140417,0.05172436467197894,0.050993927957346474,0.056764844391130276,0.030760367072917627,0.04851827569466427,0.027876184221482858,0.05125707629333076,0.04684344222433745,1.1102230246251565e-16,0.026789872654072067
random,0.06083334860050271,0.08605375075852406,0.07974567297597812,0.058489738028821625,0.04623740946748767,0.07499741055869369,0.06390616583413533,0.06464347681725813,0.06600151196607151,0.026789872654072067,0.0
