,square,rectangle,parallelogram,losange,isoTrapezoid,kite,rightKite,rustedHinge,hinge,trapezoid,random
square,0.0,0.02485560163693612,0.04734419680247082,0.07907728019227478,0.02776728064193923,0.024245931492480444,0.017968729041592524,0.03809917483251701,0.03492208007829334,0.030149271625736773,0.062379891904491114
rectangle,0.02485560163693612,0.0,0.02505587207313209,0.06560787596230822,0.05880706189154172,0.04195214488328691,0.03886117656088184,0.03386161758449524,0.024188901739795265,0.045962748725798974,0.08578260860626641
parallelogram,0.04734419680247082,0.02505587207313209,0.0,0.02197284170335756,0.06956354265790488,0.06724714149899769,0.05121389281107591,0.03726661702092193,0.028723557789767762,0.03192297879028594,0.06221039836812159
losange,0.07907728019227478,0.06560787596230822,0.02197284170335756,0.0,0.08298261531540141,0.09462016767724368,0.07554134255807643,0.054662952194990844,0.05254860761973179,0.038037139813432375,0.044322893718707124
isoTrapezoid,0.02776728064193923,0.05880706189154172,0.06956354265790488,0.08298261531540141,1.1102230246251565e-16,0.02448407810469322,0.019506581644983423,0.06204044798230246,0.062426890763572995,0.02800729633901844,0.04387720311809973
kite,0.024245931492480444,0.04195214488328691,0.06724714149899769,0.09462016767724368,0.02448407810469322,1.1102230246251565e-16,0.012955004481580601,0.059097307205339566,0.057456578135097414,0.05180950300969711,0.07718206792984328
rightKite,0.017968729041592524,0.03886117656088184,0.05121389281107591,0.07554134255807643,0.019506581644983423,0.012955004481580601,0.0,0.049339505492335456,0.046476936624176624,0.027017868992771477,0.05855148979305369
rustedHinge,0.03809917483251701,0.03386161758449524,0.03726661702092193,0.054662952194990844,0.06204044798230246,0.059097307205339566,0.049339505492335456,2.220446049250313e-16,0.004661057568820737,0.042678813457079245,0.05671687908358969
hinge,0.03492208007829334,0.024188901739795265,0.028723557789767762,0.05254860761973179,0.062426890763572995,0.057456578135097414,0.046476936624176624,0.004661057568820737,0.0,0.03910734191690479,0.05885063863860085
trapezoid,0.030149271625736773,0.045962748725798974,0.03192297879028594,0.038037139813432375,0.02800729633901844,0.05180950300969711,0.027017868992771477,0.042678813457079245,0.03910734191690479,1.1102230246251565e-16,0.02167820630700401
random,0.062379891904491114,0.08578260860626641,0.06221039836812159,0.044322893718707124,0.04387720311809973,0.07718206792984328,0.05855148979305369,0.05671687908358969,0.05885063863860085,0.02167820630700401,1.1102230246251565e-16
