,square,rectangle,parallelogram,losange,isoTrapezoid,kite,rightKite,rustedHinge,hinge,trapezoid,random
square,0.0,0.022412412964017858,0.04327257199044954,0.07214398374089537,0.024604970798986603,0.022229384902269334,0.01603968880994755,0.033709775923374874,0.03080663863756372,0.02662092677853023,0.055294235482969634
rectangle,0.022412412964017858,0.0,0.02258837132543834,0.05909572823838127,0.053191171914641955,0.03818200498743152,0.03465916531530677,0.030251723737296565,0.021435686392526576,0.04089206625839603,0.0774937742543943
parallelogram,0.04327257199044954,0.02258837132543834,0.0,0.019669410581278246,0.06488875038524033,0.062845463562619,0.04715692579865083,0.03386372461845044,0.02570044561293061,0.028878311706760917,0.05646785030603607
losange,0.07214398374089537,0.05909572823838127,0.019669410581278246,0.0,0.07800574422945283,0.08818376291085717,0.06974619341827915,0.04941853204857971,0.046921015222820994,0.03507015507928324,0.04035010581777654
isoTrapezoid,0.024604970798986603,0.053191171914641955,0.06488875038524033,0.07800574422945283,0.0,0.021978237954932367,0.017673777441194027,0.05713951782285365,0.05743360910509143,0.02608432968896368,0.04022511778479987
kite,0.022229384902269334,0.03818200498743152,0.062845463562619,0.08818376291085717,0.021978237954932367,1.1102230246251565e-16,0.011954487506589784,0.054809507788036615,0.05322783644974982,0.04776636252052768,0.07029654062405055
rightKite,0.01603968880994755,0.03465916531530677,0.04715692579865083,0.06974619341827915,0.017673777441194027,0.011954487506589784,0.0,0.04521572189612977,0.04240242807359296,0.024455703111506466,0.05271434792643148
rustedHinge,0.033709775923374874,0.030251723737296565,0.03386372461845044,0.04941853204857971,0.05713951782285365,0.054809507788036615,0.04521572189612977,2.220446049250313e-16,0.004128888909116113,0.038225691442638765,0.05093160179704603
hinge,0.03080663863756372,0.021435686392526576,0.02570044561293061,0.046921015222820994,0.05743360910509143,0.05322783644974982,0.04240242807359296,0.004128888909116113,0.0,0.03472188052448788,0.05266742089497378
trapezoid,0.02662092677853023,0.04089206625839603,0.028878311706760917,0.03507015507928324,0.02608432968896368,0.04776636252052768,0.024455703111506466,0.038225691442638765,0.03472188052448788,0.0,0.01950894968597383
random,0.055294235482969634,0.0774937742543943,0.05646785030603607,0.04035010581777654,0.04022511778479987,0.07029654062405055,0.05271434792643148,0.05093160179704603,0.05266742089497378,0.01950894968597383,0.0
