,square,rectangle,parallelogram,losange,isoTrapezoid,kite,rightKite,rustedHinge,hinge,trapezoid,random
square,0.0,0.03647335713410438,0.05745794165307627,0.08175115400278676,0.020460887575082687,0.014259950054596793,0.009549982008200786,0.03986630804315516,0.03778806801341861,0.024254800735270532,0.04975178147478421
rectangle,0.03647335713410438,0.0,0.01861567904544492,0.04454603688962222,0.06231100192341532,0.04161556765528596,0.039863979799875104,0.024529512638226447,0.014821448697898032,0.042066809600805,0.0698894002393683
parallelogram,0.05745794165307627,0.01861567904544492,0.0,0.019997740749922,0.07457177799605608,0.0625411669633511,0.05452697753264446,0.03407492158455139,0.023341757227711146,0.041183536370894225,0.06461123916660116
losange,0.08175115400278676,0.04454603688962222,0.019997740749922,2.220446049250313e-16,0.08297290032536997,0.08302191763702205,0.07537000259639048,0.042707191501642816,0.03735822779996156,0.04600951443581536,0.04749819642571729
isoTrapezoid,0.020460887575082687,0.06231100192341532,0.07457177799605608,0.08297290032536997,0.0,0.021483632235642203,0.01837455205392713,0.06060796560002235,0.06130385984169129,0.02525304782953053,0.03768536372601672
kite,0.014259950054596793,0.04161556765528596,0.0625411669633511,0.08302191763702205,0.021483632235642203,0.0,0.01036125674202204,0.054111232519332475,0.05240558653503424,0.03991880344225096,0.06122566678909269
rightKite,0.009549982008200786,0.039863979799875104,0.05452697753264446,0.07537000259639048,0.01837455205392713,0.01036125674202204,0.0,0.048616019688705436,0.046379542863361434,0.02287522450571433,0.05201733864274094
rustedHinge,0.03986630804315516,0.024529512638226447,0.03407492158455139,0.042707191501642816,0.06060796560002235,0.054111232519332475,0.048616019688705436,2.220446049250313e-16,0.003836033939984773,0.0417036585663092,0.052369502477808805
hinge,0.03778806801341861,0.014821448697898032,0.023341757227711146,0.03735822779996156,0.06130385984169129,0.05240558653503424,0.046379542863361434,0.003836033939984773,0.0,0.038007421339729675,0.05343441909960889
trapezoid,0.024254800735270532,0.042066809600805,0.041183536370894225,0.04600951443581536,0.02525304782953053,0.03991880344225096,0.02287522450571433,0.0417036585663092,0.038007421339729675,0.0,0.021569993285896594
random,0.04975178147478421,0.0698894002393683,0.06461123916660116,0.04749819642571729,0.03768536372601672,0.06122566678909269,0.05201733864274094,0.052369502477808805,0.05343441909960889,0.021569993285896594,0.0
