,square,rectangle,parallelogram,losange,isoTrapezoid,kite,rightKite,rustedHinge,hinge,trapezoid,random
square,0.0,0.01746468787894717,0.033687425056204146,0.05737800413302563,0.01955314172131073,0.018030062622400478,0.011157058097713168,0.02458176093423292,0.02201537732411285,0.02007907469236181,0.04381724534139164
rectangle,0.01746468787894717,0.0,0.01814275780217045,0.04855267815869335,0.04242712064177789,0.030989589181670274,0.026168057469522332,0.023460915019807516,0.016069997710342232,0.032334692778841045,0.06422288148517397
parallelogram,0.033687425056204146,0.01814275780217045,0.0,0.016036704281327196,0.05420632145835358,0.05383235131510766,0.03814429583323342,0.02523730184952,0.018257343014275507,0.02250045285425417,0.04581797861465342
losange,0.05737800413302563,0.04855267815869335,0.016036704281327196,1.1102230246251565e-16,0.06577213232231394,0.07542196047204497,0.05760691555988884,0.03788141664743394,0.03553657229672069,0.02830708072948107,0.03150676986010492
isoTrapezoid,0.01955314172131073,0.04242712064177789,0.05420632145835358,0.06577213232231394,1.1102230246251565e-16,0.01687675218195306,0.013908681840529735,0.046466764545793016,0.046124549653425495,0.022389186153860874,0.033464014748830984
kite,0.018030062622400478,0.030989589181670274,0.05383235131510766,0.07542196047204497,0.01687675218195306,0.0,0.009950109873921198,0.04569103596991597,0.04460089633785147,0.040515123098160855,0.05965905247320702
rightKite,0.011157058097713168,0.026168057469522332,0.03814429583323342,0.05760691555988884,0.013908681840529735,0.009950109873921198,0.0,0.03598752556096685,0.03342428245996798,0.019728537291971326,0.043595781978945314
rustedHinge,0.02458176093423292,0.023460915019807516,0.02523730184952,0.03788141664743394,0.046466764545793016,0.04569103596991597,0.03598752556096685,1.1102230246251565e-16,0.002956783642009575,0.02889992384082396,0.04067367826901691
hinge,0.02201537732411285,0.016069997710342232,0.018257343014275507,0.03553657229672069,0.046124549653425495,0.04460089633785147,0.03342428245996798,0.002956783642009575,0.0,0.025561359483119772,0.04215217731609422
trapezoid,0.02007907469236181,0.032334692778841045,0.02250045285425417,0.02830708072948107,0.022389186153860874,0.040515123098160855,0.019728537291971326,0.02889992384082396,0.025561359483119772,0.0,0.01596759427029093
random,0.04381724534139164,0.06422288148517397,0.04581797861465342,0.03150676986010492,0.033464014748830984,0.05965905247320702,0.043595781978945314,0.04067367826901691,0.04215217731609422,0.01596759427029093,0.0
