,square,rectangle,parallelogram,losange,isoTrapezoid,kite,rightKite,rustedHinge,hinge,trapezoid,random
square,1.1102230246251565e-16,0.05517821673876344,0.08556195885635243,0.1213014247992078,0.030793190407151005,0.021078795110969106,0.014046760229870836,0.059217957492291196,0.056750302493304816,0.03590144791177741,0.07457134857805914
rectangle,0.05517821673876344,1.1102230246251565e-16,0.027433402040029864,0.06595394421916811,0.09528166805376703,0.06296359569358945,0.060250864059395726,0.03629381647775076,0.0221393602045018,0.0636196208582197,0.10585096495854185
parallelogram,0.08556195885635243,0.027433402040029864,1.1102230246251565e-16,0.030696745688020832,0.1127153093370139,0.09382388356194249,0.08166319049670612,0.05103511339472222,0.03502427085923565,0.0629579909852166,0.09859751375970793
losange,0.1213014247992078,0.06595394421916811,0.030696745688020832,0.0,0.12419841423236577,0.12376458215069208,0.1127365065033964,0.06354794882402048,0.055399205534376605,0.06988793245020619,0.071971799359422
isoTrapezoid,0.030793190407151005,0.09528166805376703,0.1127153093370139,0.12419841423236577,0.0,0.03272219483631955,0.028414706738475348,0.09163274798328791,0.09340138735245984,0.03805822372312817,0.057290569772636135
kite,0.021078795110969106,0.06296359569358945,0.09382388356194249,0.12376458215069208,0.03272219483631955,0.0,0.015412000812076831,0.08118799325336046,0.07914706436704788,0.05929094520746203,0.09194471565776952
rightKite,0.014046760229870836,0.060250864059395726,0.08166319049670612,0.1127365065033964,0.028414706738475348,0.015412000812076831,0.0,0.0729858781266004,0.0701299362318436,0.03435312770355348,0.07921402780797904
rustedHinge,0.059217957492291196,0.03629381647775076,0.05103511339472222,0.06354794882402048,0.09163274798328791,0.08118799325336046,0.0729858781266004,1.1102230246251565e-16,0.0056288935250068395,0.06299447606738884,0.0797053665131997
hinge,0.056750302493304816,0.0221393602045018,0.03502427085923565,0.055399205534376605,0.09340138735245984,0.07914706436704788,0.0701299362318436,0.0056288935250068395,1.1102230246251565e-16,0.05780833469840596,0.08159445218594885
trapezoid,0.03590144791177741,0.0636196208582197,0.0629579909852166,0.06988793245020619,0.03805822372312817,0.05929094520746203,0.03435312770355348,0.06299447606738884,0.05780833469840596,0.0,0.03379450173193477
random,0.07457134857805914,0.10585096495854185,0.09859751375970793,0.071971799359422,0.057290569772636135,0.09194471565776952,0.07921402780797904,0.0797053665131997,0.08159445218594885,0.03379450173193477,1.1102230246251565e-16
