,square,rectangle,parallelogram,losange,isoTrapezoid,kite,rightKite,rustedHinge,hinge,trapezoid,random
square,0.0,0.02748738011935592,0.049671049880508744,0.08046979685220845,0.02892166330569368,0.024831779162368006,0.018049056658873464,0.039263547110717445,0.03597248213360993,0.03125939060069516,0.06486954945460954
rectangle,0.02748738011935592,0.0,0.024773317202236633,0.06481023443457479,0.060993670141526346,0.04364500307060304,0.04044331789036748,0.03377467005170509,0.02372651591671404,0.04782379356235522,0.08801636669074808
parallelogram,0.049671049880508744,0.024773317202236633,1.1102230246251565e-16,0.022541475888091855,0.07134896715243244,0.06831096196731778,0.05230617568643925,0.037841991471180725,0.028948232822096798,0.03386917131587508,0.06479482112316859
losange,0.08046979685220845,0.06481023443457479,0.022541475888091855,0.0,0.08267933100845293,0.09459488769663305,0.07547703603070488,0.05509395916941917,0.05260510840726096,0.03874440857210237,0.04465879745691048
isoTrapezoid,0.02892166330569368,0.060993670141526346,0.07134896715243244,0.08267933100845293,0.0,0.02552212398062781,0.020403117058089837,0.06327833985170106,0.06358415815482199,0.02866398034483686,0.04482692186914494
kite,0.024831779162368006,0.04364500307060304,0.06831096196731778,0.09459488769663305,0.02552212398062781,0.0,0.013414540592361468,0.05937695847866442,0.057902582484182674,0.05328393095615469,0.07991626690743392
rightKite,0.018049056658873464,0.04044331789036748,0.05230617568643925,0.07547703603070488,0.020403117058089837,0.013414540592361468,0.0,0.05009754338028616,0.04729422189587518,0.027602404100575795,0.06054282397121047
rustedHinge,0.039263547110717445,0.03377467005170509,0.037841991471180725,0.05509395916941917,0.06327833985170106,0.05937695847866442,0.05009754338028616,0.0,0.004786460853563046,0.044979404331724426,0.060327692514460685
hinge,0.03597248213360993,0.02372651591671404,0.028948232822096798,0.05260510840726096,0.06358415815482199,0.057902582484182674,0.04729422189587518,0.004786460853563046,0.0,0.041059589889427484,0.062205180914870706
trapezoid,0.03125939060069516,0.04782379356235522,0.03386917131587508,0.03874440857210237,0.02866398034483686,0.05328393095615469,0.027602404100575795,0.044979404331724426,0.041059589889427484,0.0,0.02250287224949854
random,0.06486954945460954,0.08801636669074808,0.06479482112316859,0.04465879745691048,0.04482692186914494,0.07991626690743392,0.06054282397121047,0.060327692514460685,0.062205180914870706,0.02250287224949854,0.0
