,square,rectangle,parallelogram,losange,isoTrapezoid,kite,rightKite,rustedHinge,hinge,trapezoid,random
square,0.0,0.014843299013110212,0.02794037003518901,0.04910311254823485,0.016239921064645113,0.015394328471169505,0.007300732148226685,0.01912047753054169,0.016890445657798292,0.015360958806357572,0.03669888793913867
rectangle,0.014843299013110212,1.1102230246251565e-16,0.01568286770066829,0.043650123693392606,0.03631302551842186,0.02696166534541944,0.02064228370828558,0.019388687332205223,0.012733296022476193,0.027032151322020304,0.057022974103628776
parallelogram,0.02794037003518901,0.01568286770066829,0.0,0.014413093060992477,0.04854694678038296,0.04974020061291595,0.03325335406647867,0.019229231864297258,0.013168259847723629,0.018230795144604017,0.03943661850947178
losange,0.04910311254823485,0.043650123693392606,0.014413093060992477,0.0,0.059838659043718434,0.07013826696472436,0.05202514428741767,0.030804332949495028,0.029140891882349695,0.024382698275577597,0.025926395582384965
isoTrapezoid,0.016239921064645113,0.03631302551842186,0.04854694678038296,0.059838659043718434,0.0,0.013962905337469578,0.011599045261244223,0.04056784354331899,0.04013481099349703,0.020650152179450654,0.030277239199458017
kite,0.015394328471169505,0.02696166534541944,0.04974020061291595,0.07013826696472436,0.013962905337469578,0.0,0.008916124084701327,0.04143891915300146,0.04092773164424701,0.03737762636062503,0.055202051820632536
rightKite,0.007300732148226685,0.02064228370828558,0.03325335406647867,0.05202514428741767,0.011599045261244223,0.008916124084701327,0.0,0.030808703310993057,0.028511002713016875,0.01759100703615457,0.03972709791069795
rustedHinge,0.01912047753054169,0.019388687332205223,0.019229231864297258,0.030804332949495028,0.04056784354331899,0.04143891915300146,0.030808703310993057,0.0,0.0023135095759648783,0.022532256701976672,0.034652005957800935
hinge,0.016890445657798292,0.012733296022476193,0.013168259847723629,0.029140891882349695,0.04013481099349703,0.04092773164424701,0.028511002713016875,0.0023135095759648783,0.0,0.019411515051249717,0.03648466785740956
trapezoid,0.015360958806357572,0.027032151322020304,0.018230795144604017,0.024382698275577597,0.020650152179450654,0.03737762636062503,0.01759100703615457,0.022532256701976672,0.019411515051249717,0.0,0.01402394757140335
random,0.03669888793913867,0.057022974103628776,0.03943661850947178,0.025926395582384965,0.030277239199458017,0.055202051820632536,0.03972709791069795,0.034652005957800935,0.03648466785740956,0.01402394757140335,0.0
