,square,rectangle,parallelogram,losange,isoTrapezoid,kite,rightKite,rustedHinge,hinge,trapezoid,random
square,0.0,0.026577757070750274,0.044607882342694305,0.06388412203293936,0.017779750361001323,0.013141031525176539,0.009308098580308344,0.031576108077637444,0.0289077007492754,0.020517443138130753,0.04135918115722703
rectangle,0.026577757070750274,0.0,0.01664003385405155,0.03938879628047942,0.04913614131327426,0.03300191246701045,0.03129001069983384,0.021651627032997056,0.013252030348748112,0.03420274816956914,0.058739045192483075
parallelogram,0.044607882342694305,0.01664003385405155,1.1102230246251565e-16,0.015789830072552524,0.0597325722894535,0.051750172006809314,0.04352222666436256,0.029903938004615438,0.020804909074365163,0.03131500238020035,0.05137345443525454
losange,0.06388412203293936,0.03938879628047942,0.015789830072552524,0.0,0.06663431505638895,0.06862771518555921,0.05956800818805208,0.03868157594530963,0.03386826930543951,0.03442966332217312,0.03778618453585858
isoTrapezoid,0.017779750361001323,0.04913614131327426,0.0597325722894535,0.06663431505638895,1.1102230246251565e-16,0.017575162948457623,0.015209371031127072,0.050431298273811986,0.0499564580819023,0.021009547439111542,0.03024156678710821
kite,0.013141031525176539,0.03300191246701045,0.051750172006809314,0.06862771518555921,0.017575162948457623,0.0,0.009235795249451506,0.04528822774505803,0.04343323697399548,0.03458669275364634,0.051939791380349876
rightKite,0.009308098580308344,0.03129001069983384,0.04352222666436256,0.05956800818805208,0.015209371031127072,0.009235795249451506,0.0,0.04082684887028798,0.038301343395061416,0.018931453457261882,0.04215472107720053
rustedHinge,0.031576108077637444,0.021651627032997056,0.029903938004615438,0.03868157594530963,0.050431298273811986,0.04528822774505803,0.04082684887028798,1.1102230246251565e-16,0.0034393415714609743,0.035880321891694544,0.04513414101675717
hinge,0.0289077007492754,0.013252030348748112,0.020804909074365163,0.03386826930543951,0.0499564580819023,0.04343323697399548,0.038301343395061416,0.0034393415714609743,1.1102230246251565e-16,0.03188258644846609,0.04522075143019688
trapezoid,0.020517443138130753,0.03420274816956914,0.03131500238020035,0.03442966332217312,0.021009547439111542,0.03458669275364634,0.018931453457261882,0.035880321891694544,0.03188258644846609,0.0,0.016378187493002017
random,0.04135918115722703,0.058739045192483075,0.05137345443525454,0.03778618453585858,0.03024156678710821,0.051939791380349876,0.04215472107720053,0.04513414101675717,0.04522075143019688,0.016378187493002017,0.0
