,square,rectangle,parallelogram,losange,isoTrapezoid,kite,rightKite,rustedHinge,hinge,trapezoid,random
square,1.1102230246251565e-16,0.016405768250414732,0.031143814854180496,0.053820857849212866,0.018125964313530196,0.01655707782040816,0.008920965244876622,0.021957023302674905,0.019438703766305743,0.01773852832228473,0.040587968780683714
rectangle,0.016405768250414732,0.0,0.017192745085572447,0.046867991822371224,0.04000186869194711,0.029138509810123114,0.023449566514840314,0.021629779595035425,0.014330975177655358,0.030052396035834872,0.06142190629027677
parallelogram,0.031143814854180496,0.017192745085572447,0.0,0.015365907167301573,0.05197857819737084,0.05221489644224586,0.035847762999730914,0.022443016513714387,0.015639196541026745,0.020480016044439497,0.04288494186918512
losange,0.053820857849212866,0.046867991822371224,0.015365907167301573,1.1102230246251565e-16,0.06344194110064616,0.07352324754962469,0.055187903500727775,0.03473376419740937,0.03255782947171337,0.026539043361682335,0.02879525895358437
isoTrapezoid,0.018125964313530196,0.04000186869194711,0.05197857819737084,0.06344194110064616,0.0,0.01554928233340569,0.012824134071441895,0.04393010901795735,0.04341766488271903,0.021714756647580713,0.03195310088493497
kite,0.01655707782040816,0.029138509810123114,0.05221489644224586,0.07352324754962469,0.01554928233340569,0.0,0.00950027915972429,0.04390356714747201,0.04300900481175984,0.039318607182672216,0.05813131661386006
rightKite,0.008920965244876622,0.023449566514840314,0.035847762999730914,0.055187903500727775,0.012824134071441895,0.00950027915972429,1.1102230246251565e-16,0.033639839553736395,0.031070686818508775,0.01876003665599235,0.042084069838027593
rustedHinge,0.021957023302674905,0.021629779595035425,0.022443016513714387,0.03473376419740937,0.04393010901795735,0.04390356714747201,0.033639839553736395,0.0,0.0026336651056437788,0.02593660214669513,0.038186491266792855
hinge,0.019438703766305743,0.014330975177655358,0.015639196541026745,0.03255782947171337,0.04341766488271903,0.04300900481175984,0.031070686818508775,0.0026336651056437788,0.0,0.022547882586695822,0.03990233262426157
trapezoid,0.01773852832228473,0.030052396035834872,0.020480016044439497,0.026539043361682335,0.021714756647580713,0.039318607182672216,0.01876003665599235,0.02593660214669513,0.022547882586695822,0.0,0.01499036157053435
random,0.040587968780683714,0.06142190629027677,0.04288494186918512,0.02879525895358437,0.03195310088493497,0.05813131661386006,0.042084069838027593,0.038186491266792855,0.03990233262426157,0.01499036157053435,1.1102230246251565e-16
