,square,rectangle,parallelogram,losange,isoTrapezoid,kite,rightKite,rustedHinge,hinge,trapezoid,random
square,0.0,0.03348228127898789,0.05275187471738796,0.07521079166113409,0.01921744112214885,0.01340491062084348,0.009156851656865195,0.0368213931707525,0.0348246567141709,0.022747328025576663,0.046625986130943486
rectangle,0.03348228127898789,0.0,0.017582636569192123,0.04181072155382026,0.05787319285506376,0.038504243210749634,0.0369667686006967,0.022979618697409943,0.013922064220907915,0.03932022581496275,0.06558494654558056
parallelogram,0.05275187471738796,0.017582636569192123,0.0,0.018492035440631605,0.06864869903700843,0.05765110429602416,0.05024020695413467,0.03211575172171954,0.022100499508306948,0.037843305769821756,0.059873968040600745
losange,0.07521079166113409,0.04181072155382026,0.018492035440631605,0.0,0.07628340199980987,0.07649743138423926,0.0693001988198012,0.040414844861997756,0.03544222301988209,0.04209555858320457,0.043789899712658675
isoTrapezoid,0.01921744112214885,0.05787319285506376,0.06864869903700843,0.07628340199980987,0.0,0.020151277844055904,0.01715484986912652,0.05643693879628897,0.05698219908179225,0.02344181674939516,0.03473605344507924
kite,0.01340491062084348,0.038504243210749634,0.05765110429602416,0.07649743138423926,0.020151277844055904,0.0,0.009792501158290223,0.05023135061128525,0.04869933535478388,0.037316140222826144,0.05714688513537114
rightKite,0.009156851656865195,0.0369667686006967,0.05024020695413467,0.0693001988198012,0.01715484986912652,0.009792501158290223,0.0,0.04548510774379755,0.04335326624034186,0.02126960192768723,0.04838079920066596
rustedHinge,0.0368213931707525,0.022979618697409943,0.03211575172171954,0.040414844861997756,0.05643693879628897,0.05023135061128525,0.04548510774379755,1.1102230246251565e-16,0.003630599513126387,0.03935098233707568,0.04942540732610068
hinge,0.0348246567141709,0.013922064220907915,0.022100499508306948,0.03544222301988209,0.05698219908179225,0.04869933535478388,0.04335326624034186,0.003630599513126387,0.0,0.03581924959930971,0.05041768168583094
trapezoid,0.022747328025576663,0.03932022581496275,0.037843305769821756,0.04209555858320457,0.02344181674939516,0.037316140222826144,0.02126960192768723,0.03935098233707568,0.03581924959930971,0.0,0.019869472120971232
random,0.046625986130943486,0.06558494654558056,0.059873968040600745,0.043789899712658675,0.03473605344507924,0.05714688513537114,0.04838079920066596,0.04942540732610068,0.05041768168583094,0.019869472120971232,1.1102230246251565e-16
