,square,rectangle,parallelogram,losange,isoTrapezoid,kite,rightKite,rustedHinge,hinge,trapezoid,random
square,0.0,0.021812978006649386,0.03330059975806421,0.047874760492436,0.012550734594250046,0.008754071157752508,0.005994374048118645,0.02380291253050848,0.02283267622677465,0.014394546517096374,0.02894988038720736
rectangle,0.021812978006649386,1.1102230246251565e-16,0.012097690637858594,0.02739871692806428,0.03874937923080246,0.025347223906519556,0.024171749877159088,0.014075914126402855,0.008787338693492908,0.02562095494063421,0.041036641639536575
parallelogram,0.03330059975806421,0.012097690637858594,0.0,0.013360864186448884,0.044024172913055604,0.037005752034159456,0.0318437704750929,0.020506002091159492,0.01480247677642621,0.02576139909200792,0.03858921994591369
losange,0.047874760492436,0.02739871692806428,0.013360864186448884,0.0,0.04928668364887179,0.04878699950578702,0.04483980837324297,0.025121577389962457,0.022726020664051494,0.02930581661919307,0.029364451628961175
isoTrapezoid,0.012550734594250046,0.03874937923080246,0.044024172913055604,0.04928668364887179,0.0,0.013702814319362155,0.012318383050527903,0.03736579635050319,0.03814467656778542,0.016550946765169994,0.02441763398867214
kite,0.008754071157752508,0.025347223906519556,0.037005752034159456,0.04878699950578702,0.013702814319362155,0.0,0.006400569969834291,0.03223652248302089,0.03165421325605833,0.023319284574266796,0.03560681857701764
rightKite,0.005994374048118645,0.024171749877159088,0.0318437704750929,0.04483980837324297,0.012318383050527903,0.006400569969834291,1.1102230246251565e-16,0.028993743870568744,0.027954646804645322,0.014189475244288041,0.031431686182671004
rustedHinge,0.02380291253050848,0.014075914126402855,0.020506002091159492,0.025121577389962457,0.03736579635050319,0.03223652248302089,0.028993743870568744,1.1102230246251565e-16,0.002314011893136403,0.025556503576679157,0.03152075516270281
hinge,0.02283267622677465,0.008787338693492908,0.01480247677642621,0.022726020664051494,0.03814467656778542,0.03165421325605833,0.027954646804645322,0.002314011893136403,0.0,0.023843917088866462,0.03263823192193105
trapezoid,0.014394546517096374,0.02562095494063421,0.02576139909200792,0.02930581661919307,0.016550946765169994,0.023319284574266796,0.014189475244288041,0.025556503576679157,0.023843917088866462,0.0,0.014317593759518021
random,0.02894988038720736,0.041036641639536575,0.03858921994591369,0.029364451628961175,0.02441763398867214,0.03560681857701764,0.031431686182671004,0.03152075516270281,0.03263823192193105,0.014317593759518021,1.1102230246251565e-16
