,square,rectangle,parallelogram,losange,isoTrapezoid,kite,rightKite,rustedHinge,hinge,trapezoid,random
square,0.0,0.008654240475348574,0.013647207455181443,0.020134976490048695,0.005415507569244582,0.0037642032372184886,0.0026985143202424844,0.010011992793992563,0.009367210334837894,0.006473788234211408,0.01282775828263727
rectangle,0.008654240475348574,0.0,0.005210714267398164,0.012041839855771785,0.015632496434425547,0.010377382333544238,0.009947051149018171,0.0062860494459821,0.003923670883182351,0.010789569420105782,0.017404575372176878
parallelogram,0.013647207455181443,0.005210714267398164,0.0,0.006103068122970345,0.01801946318719083,0.015513362787615281,0.013278184447249264,0.009054008453072249,0.006473109252734921,0.010584959896763446,0.01631250191533473
losange,0.020134976490048695,0.012041839855771785,0.006103068122970345,1.1102230246251565e-16,0.0204269707495931,0.02082624175898362,0.019154274746164046,0.010992236882678807,0.009941520362237277,0.012033144857314992,0.01196875620599347
isoTrapezoid,0.005415507569244582,0.015632496434425547,0.01801946318719083,0.0204269707495931,1.1102230246251565e-16,0.005840892552963273,0.005226621301831047,0.015567379276630433,0.015663173088307225,0.006913094851081714,0.010635690301051715
kite,0.0037642032372184886,0.010377382333544238,0.015513362787615281,0.02082624175898362,0.005840892552963273,0.0,0.002858618245450084,0.013788168605050721,0.013344709058952797,0.010402341870725307,0.015830137342304096
rightKite,0.0026985143202424844,0.009947051149018171,0.013278184447249264,0.019154274746164046,0.005226621301831047,0.002858618245450084,1.1102230246251565e-16,0.01254925785503247,0.011909261670509652,0.006371624012855515,0.014035124733017157
rustedHinge,0.010011992793992563,0.0062860494459821,0.009054008453072249,0.010992236882678807,0.015567379276630433,0.013788168605050721,0.01254925785503247,0.0,0.0010800581792750341,0.01110833785782983,0.013406307259298145
hinge,0.009367210334837894,0.003923670883182351,0.006473109252734921,0.009941520362237277,0.015663173088307225,0.013344709058952797,0.011909261670509652,0.0010800581792750341,0.0,0.010188187176743746,0.013780516300829992
trapezoid,0.006473788234211408,0.010789569420105782,0.010584959896763446,0.012033144857314992,0.006913094851081714,0.010402341870725307,0.006371624012855515,0.01110833785782983,0.010188187176743746,0.0,0.006276091404402551
random,0.01282775828263727,0.017404575372176878,0.01631250191533473,0.01196875620599347,0.010635690301051715,0.015830137342304096,0.014035124733017157,0.013406307259298145,0.013780516300829992,0.006276091404402551,0.0
