,square,rectangle,parallelogram,losange,isoTrapezoid,kite,rightKite,rustedHinge,hinge,trapezoid,random
square,0.0,0.011562282206877494,0.019776670907541316,0.02732049018455429,0.006461477472270771,0.004668041966386149,0.0028177803975287796,0.012729154610572335,0.012337805238825883,0.007822026498959911,0.01795019075404891
rectangle,0.011562282206877494,0.0,0.005351666123783683,0.015338103427982475,0.023055651771704877,0.0140074378513384,0.01313918614479248,0.008764571963959189,0.005399582712194317,0.013637814800207315,0.027001275597936525
parallelogram,0.019776670907541316,0.005351666123783683,0.0,0.005483113838144371,0.028157863344997924,0.022199383953126595,0.019516755156371746,0.011180581093982678,0.007396355226579554,0.013398137200989146,0.02327863071803915
losange,0.02732049018455429,0.015338103427982475,0.005483113838144371,0.0,0.030411030944506368,0.029324874350942998,0.025896764693239205,0.014754226788633362,0.012423012743218886,0.013986340081458049,0.015546240750902385
isoTrapezoid,0.006461477472270771,0.023055651771704877,0.028157863344997924,0.030411030944506368,0.0,0.007242979512090075,0.005646184116973929,0.021099923957931144,0.02215240625158943,0.008700388812811322,0.013372315586363759
kite,0.004668041966386149,0.0140074378513384,0.022199383953126595,0.029324874350942998,0.007242979512090075,0.0,0.003018730024211602,0.01960782821775553,0.01917931232394776,0.01374041359265843,0.023227812089911426
rightKite,0.0028177803975287796,0.01313918614479248,0.019516755156371746,0.025896764693239205,0.005646184116973929,0.003018730024211602,0.0,0.01698866969344881,0.016442963442036995,0.00768619891965161,0.018791304771760164
rustedHinge,0.012729154610572335,0.008764571963959189,0.011180581093982678,0.014754226788633362,0.021099923957931144,0.01960782821775553,0.01698866969344881,0.0,0.0010768715780353766,0.012750165489855858,0.018775104730131997
hinge,0.012337805238825883,0.005399582712194317,0.007396355226579554,0.012423012743218886,0.02215240625158943,0.01917931232394776,0.016442963442036995,0.0010768715780353766,0.0,0.0115792862212164,0.019420664681216615
trapezoid,0.007822026498959911,0.013637814800207315,0.013398137200989146,0.013986340081458049,0.008700388812811322,0.01374041359265843,0.00768619891965161,0.012750165489855858,0.0115792862212164,2.220446049250313e-16,0.006510034169389556
random,0.01795019075404891,0.027001275597936525,0.02327863071803915,0.015546240750902385,0.013372315586363759,0.023227812089911426,0.018791304771760164,0.018775104730131997,0.019420664681216615,0.006510034169389556,0.0
