,square,rectangle,parallelogram,losange,isoTrapezoid,kite,rightKite,rustedHinge,hinge,trapezoid,random
square,1.1102230246251565e-16,0.03796713767494608,0.06490694157553234,0.0917940573699888,0.02221868442740771,0.016249946888475142,0.011328657654357421,0.043595756757997095,0.04128514169280817,0.02785539175562224,0.05740890892043016
rectangle,0.03796713767494608,0.0,0.02163643704843521,0.05388992806341131,0.07421023048642716,0.04648965523400628,0.044336713516860415,0.028963234850947206,0.017971985549642744,0.04745178896231805,0.08434126813858966
parallelogram,0.06490694157553234,0.02163643704843521,0.0,0.022506979769276403,0.08883139303635623,0.07356439583889507,0.06341117382642181,0.04089438370774834,0.028383279343522916,0.04608128908061415,0.07532627273125092
losange,0.0917940573699888,0.05388992806341131,0.022506979769276403,0.0,0.09882420406454773,0.09711414255005124,0.08711276515824318,0.052059729143652866,0.04539627189694184,0.0501785722631094,0.05388706155578116
isoTrapezoid,0.02221868442740771,0.07421023048642716,0.08883139303635623,0.09882420406454773,0.0,0.024984719125854205,0.020763290871657403,0.0713659336129373,0.07292824887081195,0.03047876637542357,0.04591408205400327
kite,0.016249946888475142,0.04648965523400628,0.07356439583889507,0.09711414255005124,0.024984719125854205,1.1102230246251565e-16,0.01167393335039224,0.06332660079646435,0.06161814508568353,0.04688144186568399,0.07395900715186488
rightKite,0.011328657654357421,0.044336713516860415,0.06341117382642181,0.08711276515824318,0.020763290871657403,0.01167393335039224,1.1102230246251565e-16,0.057240709022834846,0.054695899827411854,0.027200109250887006,0.061995218090381554
rustedHinge,0.043595756757997095,0.028963234850947206,0.04089438370774834,0.052059729143652866,0.0713659336129373,0.06332660079646435,0.057240709022834846,0.0,0.0041889633033962426,0.04770002147326391,0.062110176270685935
hinge,0.04128514169280817,0.017971985549642744,0.028383279343522916,0.04539627189694184,0.07292824887081195,0.06161814508568353,0.054695899827411854,0.0041889633033962426,0.0,0.04346754321111834,0.06362534615128279
trapezoid,0.02785539175562224,0.04745178896231805,0.04608128908061415,0.0501785722631094,0.03047876637542357,0.04688144186568399,0.027200109250887006,0.04770002147326391,0.04346754321111834,0.0,0.02333686707843441
random,0.05740890892043016,0.08434126813858966,0.07532627273125092,0.05388706155578116,0.04591408205400327,0.07395900715186488,0.061995218090381554,0.062110176270685935,0.06362534615128279,0.02333686707843441,1.1102230246251565e-16
