,square,rectangle,parallelogram,losange,isoTrapezoid,kite,rightKite,rustedHinge,hinge,trapezoid,random
square,0.0,0.03358231276276524,0.08191867399197739,0.11739941778560958,0.052578731931991696,0.06552315014904408,0.05996964777391933,0.08490319553894154,0.077990283311828,0.06286502417408946,0.10889148915059432
rectangle,0.03358231276276524,1.1102230246251565e-16,0.045484489202539446,0.08946109114746614,0.09581508968674546,0.0882712869988771,0.08433004664427213,0.07508262337369553,0.061116696889105926,0.07909945304551447,0.13258970326643138
parallelogram,0.08191867399197739,0.045484489202539446,0.0,0.028970634220111036,0.11138871991456789,0.1186693963905856,0.10326644652278238,0.09124036787852574,0.07584839666190368,0.06370328333857334,0.10708829065530556
losange,0.11739941778560958,0.08946109114746614,0.028970634220111036,0.0,0.1255309605500894,0.14135916677416882,0.12421073580257047,0.10631180578686761,0.09733685716641005,0.06676264665290454,0.08574765032801734
isoTrapezoid,0.052578731931991696,0.09581508968674546,0.11138871991456789,0.1255309605500894,0.0,0.04800340135817127,0.04138847405723911,0.1044135917006298,0.10358210187824268,0.04087234368328607,0.06835757282672472
kite,0.06552315014904408,0.0882712869988771,0.1186693963905856,0.14135916677416882,0.04800340135817127,0.0,0.019641229907851,0.09439733370708048,0.0896663106477783,0.0808250504614032,0.1010854401508604
rightKite,0.05996964777391933,0.08433004664427213,0.10326644652278238,0.12421073580257047,0.04138847405723911,0.019641229907851,1.1102230246251565e-16,0.08724296383187224,0.0821316558984887,0.05061979923363491,0.07958850833737297
rustedHinge,0.08490319553894154,0.07508262337369553,0.09124036787852574,0.10631180578686761,0.1044135917006298,0.09439733370708048,0.08724296383187224,0.0,0.007968348919095036,0.08939461984339947,0.09003357505228315
hinge,0.077990283311828,0.061116696889105926,0.07584839666190368,0.09733685716641005,0.10358210187824268,0.0896663106477783,0.0821316558984887,0.007968348919095036,0.0,0.08257107748342463,0.08639638788548576
trapezoid,0.06286502417408946,0.07909945304551447,0.06370328333857334,0.06676264665290454,0.04087234368328607,0.0808250504614032,0.05061979923363491,0.08939461984339947,0.08257107748342463,0.0,0.036952299764922536
random,0.10889148915059432,0.13258970326643138,0.10708829065530556,0.08574765032801734,0.06835757282672472,0.1010854401508604,0.07958850833737297,0.09003357505228315,0.08639638788548576,0.036952299764922536,0.0
