,square,rectangle,parallelogram,losange,isoTrapezoid,kite,rightKite,rustedHinge,hinge,trapezoid,random
square,0.0,0.06889216765811057,0.10337108776470127,0.14318073253910657,0.041098895050149964,0.027614403764745776,0.02036845923870889,0.07162806790769793,0.07000000390726291,0.04409227377090286,0.09242302331347418
rectangle,0.06889216765811057,0.0,0.03593910122950972,0.08337849317665103,0.12454720008870823,0.07995769292566401,0.07455738322280014,0.04561749298363593,0.02972870762071833,0.07822355720833418,0.1361005160335288
parallelogram,0.10337108776470127,0.03593910122950972,0.0,0.03708158580292564,0.14138183968360452,0.11407998484506887,0.10005620030305218,0.061872737065692074,0.04458492174689499,0.07890418665100851,0.12409681470923195
losange,0.14318073253910657,0.08337849317665103,0.03708158580292564,0.0,0.15338321679111855,0.1483373102072686,0.13491872115550774,0.07768548196283431,0.06880972503758498,0.08468188686290168,0.08949964703640623
isoTrapezoid,0.041098895050149964,0.12454720008870823,0.14138183968360452,0.15338321679111855,0.0,0.04331084236137506,0.0370035606118394,0.11399021741013748,0.11918690996718007,0.05158914260883807,0.07532481460629614
kite,0.027614403764745776,0.07995769292566401,0.11407998484506887,0.1483373102072686,0.04331084236137506,0.0,0.019926374110372014,0.10102803874134403,0.0995252308704454,0.07034676280707841,0.11310467363502785
rightKite,0.02036845923870889,0.07455738322280014,0.10005620030305218,0.13491872115550774,0.0370035606118394,0.019926374110372014,2.220446049250313e-16,0.08849020323667933,0.0863249978889733,0.043328684129413486,0.09775835202272021
rustedHinge,0.07162806790769793,0.04561749298363593,0.061872737065692074,0.07768548196283431,0.11399021741013748,0.10102803874134403,0.08849020323667933,0.0,0.008873938407564563,0.07350448047012803,0.10014440078085185
hinge,0.07000000390726291,0.02972870762071833,0.04458492174689499,0.06880972503758498,0.11918690996718007,0.0995252308704454,0.0863249978889733,0.008873938407564563,0.0,0.06940281672493198,0.10442066706528608
trapezoid,0.04409227377090286,0.07822355720833418,0.07890418665100851,0.08468188686290168,0.05158914260883807,0.07034676280707841,0.043328684129413486,0.07350448047012803,0.06940281672493198,0.0,0.0435863318307802
random,0.09242302331347418,0.1361005160335288,0.12409681470923195,0.08949964703640623,0.07532481460629614,0.11310467363502785,0.09775835202272021,0.10014440078085185,0.10442066706528608,0.0435863318307802,2.220446049250313e-16
