,square,rectangle,parallelogram,losange,isoTrapezoid,kite,rightKite,rustedHinge,hinge,trapezoid,random
square,2.220446049250313e-16,0.03238510794368321,0.05644833619302636,0.08005071489236582,0.01953349801521842,0.014513366581813902,0.010375982906191572,0.03813313658388706,0.03576966950773541,0.02479577144222611,0.050490563077378536
rectangle,0.03238510794368321,0.0,0.019553172621812887,0.047973575075537456,0.06419889995920725,0.04042924998721853,0.03860296819831954,0.02589897403468866,0.0160746629748707,0.04152744751373194,0.07373557184924773
parallelogram,0.05644833619302636,0.019553172621812887,0.0,0.019495311896999934,0.07699080683577864,0.06462096247542148,0.05533191329517484,0.0369660330081969,0.02572650491083517,0.0393330492726387,0.06490833024205311
losange,0.08005071489236582,0.047973575075537456,0.019495311896999934,0.0,0.08592676448841252,0.0852024944214147,0.07593468702493567,0.04714017771044676,0.04108525978917521,0.04291751788616849,0.04668962722322412
isoTrapezoid,0.01953349801521842,0.06419889995920725,0.07699080683577864,0.08592676448841252,0.0,0.021946745216250507,0.018280036341809747,0.06267097070769578,0.06357789343080711,0.0266543777933701,0.03994702146395146
kite,0.014513366581813902,0.04042924998721853,0.06462096247542148,0.0852024944214147,0.021946745216250507,0.0,0.010495742482337533,0.055835882546775184,0.05413818660477432,0.04181680204157556,0.065318330864366
rightKite,0.010375982906191572,0.03860296819831954,0.05533191329517484,0.07593468702493567,0.018280036341809747,0.010495742482337533,0.0,0.050990597713789776,0.048469948866652235,0.024032895851822444,0.05430631588692869
rustedHinge,0.03813313658388706,0.02589897403468866,0.0369660330081969,0.04714017771044676,0.06267097070769578,0.055835882546775184,0.050990597713789776,0.0,0.003777883508404245,0.042728290250678036,0.055037080304631614
hinge,0.03576966950773541,0.0160746629748707,0.02572650491083517,0.04108525978917521,0.06357789343080711,0.05413818660477432,0.048469948866652235,0.003777883508404245,2.220446049250313e-16,0.038624733817465784,0.05593332152502095
trapezoid,0.02479577144222611,0.04152744751373194,0.0393330492726387,0.04291751788616849,0.0266543777933701,0.04181680204157556,0.024032895851822444,0.042728290250678036,0.038624733817465784,0.0,0.019830969270619447
random,0.050490563077378536,0.07373557184924773,0.06490833024205311,0.04668962722322412,0.03994702146395146,0.065318330864366,0.05430631588692869,0.055037080304631614,0.05593332152502095,0.019830969270619447,0.0
