,square,rectangle,parallelogram,losange,isoTrapezoid,kite,rightKite,rustedHinge,hinge,trapezoid,random
square,2.220446049250313e-16,0.04693454426156485,0.07856090351073564,0.11115313904239621,0.02692644280786971,0.01939783933498429,0.013086227964583586,0.05253994214320712,0.05034568684384644,0.033364633538610966,0.070614703507478
rectangle,0.04693454426156485,0.0,0.025062760987358934,0.06476318931817804,0.09138505242765804,0.05727634480579635,0.05403033424968562,0.03495663579123498,0.021665560136118645,0.05770060652892495,0.10436789220237852
parallelogram,0.07856090351073564,0.025062760987358934,2.220446049250313e-16,0.02707046344206443,0.1087396668561672,0.08911038945082517,0.07688366866984386,0.04805027215839952,0.032934396130728016,0.056572850478046166,0.0933205760993917
losange,0.11115313904239621,0.06476318931817804,0.02707046344206443,0.0,0.12031337053057767,0.1179030655080282,0.10571192169297872,0.06148866925500274,0.053388828501994445,0.061498462640523166,0.06564386603251915
isoTrapezoid,0.02692644280786971,0.09138505242765804,0.1087396668561672,0.12031337053057767,0.0,0.03018109456682394,0.024797552609977624,0.08610116167510173,0.0889556192608465,0.037025700009309936,0.056459640103261544
kite,0.01939783933498429,0.05727634480579635,0.08911038945082517,0.1179030655080282,0.03018109456682394,0.0,0.013666366811486363,0.0770776713961574,0.07537978181523264,0.05615317184330704,0.09046996553987119
rightKite,0.013086227964583586,0.05403033424968562,0.07688366866984386,0.10571192169297872,0.024797552609977624,0.013666366811486363,2.220446049250313e-16,0.06842559123778047,0.06577977685583813,0.03279520094940036,0.07595892381477909
rustedHinge,0.05253994214320712,0.03495663579123498,0.04805027215839952,0.06148866925500274,0.08610116167510173,0.0770776713961574,0.06842559123778047,0.0,0.005009636729016331,0.05603918723092138,0.0751978418484559
hinge,0.05034568684384644,0.021665560136118645,0.032934396130728016,0.053388828501994445,0.0889556192608465,0.07537978181523264,0.06577977685583813,0.005009636729016331,0.0,0.05150957822780755,0.07782757109249705
trapezoid,0.033364633538610966,0.05770060652892495,0.056572850478046166,0.061498462640523166,0.037025700009309936,0.05615317184330704,0.03279520094940036,0.05603918723092138,0.05150957822780755,0.0,0.029123527849618802
random,0.070614703507478,0.10436789220237852,0.0933205760993917,0.06564386603251915,0.056459640103261544,0.09046996553987119,0.07595892381477909,0.0751978418484559,0.07782757109249705,0.029123527849618802,0.0
