,square,rectangle,parallelogram,losange,isoTrapezoid,kite,rightKite,rustedHinge,hinge,trapezoid,random
square,0.0,0.0779387012839785,0.12097314762535727,0.1688631176840295,0.04811298150844345,0.033993748161172066,0.024273287009881184,0.0827563324374766,0.08043854311046228,0.053176063684746144,0.10716415310013616
rectangle,0.0779387012839785,0.0,0.046391159845068364,0.10134166155409696,0.1440503114626399,0.09489838454828725,0.08639048580832576,0.051975285872358556,0.03417252110923141,0.09125620481523056,0.1516637138578827
parallelogram,0.12097314762535727,0.046391159845068364,0.0,0.04563300209405152,0.1607179061046633,0.1368618702415122,0.11747864942289166,0.07486264364645401,0.055268652596208834,0.09448687156257107,0.14224500264860995
losange,0.1688631176840295,0.10134166155409696,0.04563300209405152,0.0,0.17676200303282452,0.17469254126353784,0.16007464475907496,0.0928259932522546,0.08390059869961664,0.1050849288220228,0.10669692272278675
isoTrapezoid,0.04811298150844345,0.1440503114626399,0.1607179061046633,0.17676200303282452,0.0,0.052593021094642145,0.04465319126746681,0.13185118000964335,0.13773373238668662,0.06349403315601843,0.09242584565831735
kite,0.033993748161172066,0.09489838454828725,0.1368618702415122,0.17469254126353784,0.052593021094642145,0.0,0.024243186190143096,0.11687487499780269,0.11603631569017925,0.08415981156758956,0.1301188769583047
rightKite,0.024273287009881184,0.08639048580832576,0.11747864942289166,0.16007464475907496,0.04465319126746681,0.024243186190143096,0.0,0.1011777373712266,0.09861457278762786,0.05300985592705054,0.11533737969342006
rustedHinge,0.0827563324374766,0.051975285872358556,0.07486264364645401,0.0928259932522546,0.13185118000964335,0.11687487499780269,0.1011777373712266,0.0,0.009676511577269897,0.08684595417713259,0.1122155869617324
hinge,0.08043854311046228,0.03417252110923141,0.055268652596208834,0.08390059869961664,0.13773373238668662,0.11603631569017925,0.09861457278762786,0.009676511577269897,0.0,0.08254764830354044,0.11799338133967818
trapezoid,0.053176063684746144,0.09125620481523056,0.09448687156257107,0.1050849288220228,0.06349403315601843,0.08415981156758956,0.05300985592705054,0.08684595417713259,0.08254764830354044,0.0,0.05168646179272629
random,0.10716415310013616,0.1516637138578827,0.14224500264860995,0.10669692272278675,0.09242584565831735,0.1301188769583047,0.11533737969342006,0.1122155869617324,0.11799338133967818,0.05168646179272629,0.0
