,square,rectangle,parallelogram,losange,isoTrapezoid,kite,rightKite,rustedHinge,hinge,trapezoid,random
square,0.0,0.020355129453283438,0.034546579217840434,0.048664660209512434,0.012183105319578447,0.00920161563492261,0.00704369227033419,0.02416971331549078,0.022282389256308432,0.014985876743670468,0.028208290453453966
rectangle,0.020355129453283438,0.0,0.013176039544718798,0.02742310974128137,0.03452768048989763,0.023312719477185828,0.022687372875058176,0.01486345617429874,0.009409900815949057,0.024115759276199467,0.03740936905728476
parallelogram,0.034546579217840434,0.013176039544718798,0.0,0.012912694283817694,0.04207078975905687,0.0363952793327732,0.031858547394696624,0.02211404422900809,0.016222975028835407,0.023935066560133444,0.03550180830029448
losange,0.048664660209512434,0.02742310974128137,0.012912694283817694,0.0,0.04815095764441635,0.04751575900986649,0.04425753249214193,0.02741505088970908,0.02460170903797565,0.027895865001556164,0.028706809507889952
isoTrapezoid,0.012183105319578447,0.03452768048989763,0.04207078975905687,0.04815095764441635,1.1102230246251565e-16,0.01355990257849915,0.011731759982218204,0.034975235026588725,0.034651861886216606,0.015509116491576158,0.02261954526564869
kite,0.00920161563492261,0.023312719477185828,0.0363952793327732,0.04751575900986649,0.01355990257849915,0.0,0.006807330754827867,0.030321629959059848,0.029156540699337485,0.02354427468307463,0.03358260765831489
rightKite,0.00704369227033419,0.022687372875058176,0.031858547394696624,0.04425753249214193,0.011731759982218204,0.006807330754827867,1.1102230246251565e-16,0.02832160395311545,0.026804601884190316,0.014341809157358276,0.02936120199823844
rustedHinge,0.02416971331549078,0.01486345617429874,0.02211404422900809,0.02741505088970908,0.034975235026588725,0.030321629959059848,0.02832160395311545,1.1102230246251565e-16,0.0026099925999469864,0.025648581522678793,0.02950675951010573
hinge,0.022282389256308432,0.009409900815949057,0.016222975028835407,0.02460170903797565,0.034651861886216606,0.029156540699337485,0.026804601884190316,0.0026099925999469864,1.1102230246251565e-16,0.023316186590565335,0.029721200016691873
trapezoid,0.014985876743670468,0.024115759276199467,0.023935066560133444,0.027895865001556164,0.015509116491576158,0.02354427468307463,0.014341809157358276,0.025648581522678793,0.023316186590565335,1.1102230246251565e-16,0.012636904952641692
random,0.028208290453453966,0.03740936905728476,0.03550180830029448,0.028706809507889952,0.02261954526564869,0.03358260765831489,0.02936120199823844,0.02950675951010573,0.029721200016691873,0.012636904952641692,0.0
