,square,rectangle,parallelogram,losange,isoTrapezoid,kite,rightKite,rustedHinge,hinge,trapezoid,random
square,0.0,0.04866319952974352,0.10009739984528399,0.14406501660667503,0.05792615277593316,0.04691640241160522,0.047019429630874465,0.07756657132218203,0.06657436115708526,0.06574170077610131,0.10294382091624255
rectangle,0.04866319952974352,0.0,0.04763732133021714,0.09995187465424793,0.11373771057431359,0.07895014694892688,0.08626187953773679,0.06308888290349468,0.039424296574118056,0.08783372659263589,0.12846528791262313
parallelogram,0.10009739984528399,0.04763732133021714,1.1102230246251565e-16,0.037159292018435264,0.13755405733512915,0.11833260828047976,0.11289626058795821,0.08624225467245394,0.06141387564725842,0.07615410339418072,0.10973790038852771
losange,0.14406501660667503,0.09995187465424793,0.037159292018435264,0.0,0.15757244828540629,0.15024291276589652,0.14566649831994904,0.1112757788619615,0.09613380763348423,0.08814885339636547,0.095463377733083
isoTrapezoid,0.05792615277593316,0.11373771057431359,0.13755405733512915,0.15757244828540629,0.0,0.04569327711266413,0.03875889665205323,0.11398626617623553,0.11388025422475911,0.054663732468088755,0.0738522103172301
kite,0.04691640241160522,0.07895014694892688,0.11833260828047976,0.15024291276589652,0.04569327711266413,0.0,0.02489812516637313,0.1072622834403455,0.1011259919938362,0.08932040964463228,0.11752068406078442
rightKite,0.047019429630874465,0.08626187953773679,0.11289626058795821,0.14566649831994904,0.03875889665205323,0.02489812516637313,0.0,0.10611704421699175,0.10286226339961924,0.055292429267763565,0.09829275192876052
rustedHinge,0.07756657132218203,0.06308888290349468,0.08624225467245394,0.1112757788619615,0.11398626617623553,0.1072622834403455,0.10611704421699175,0.0,0.010064210361375392,0.09401138252051067,0.09820962238804021
hinge,0.06657436115708526,0.039424296574118056,0.06141387564725842,0.09613380763348423,0.11388025422475911,0.1011259919938362,0.10286226339961924,0.010064210361375392,1.1102230246251565e-16,0.08675434012321137,0.09827425586568816
trapezoid,0.06574170077610131,0.08783372659263589,0.07615410339418072,0.08814885339636547,0.054663732468088755,0.08932040964463228,0.055292429267763565,0.09401138252051067,0.08675434012321137,2.220446049250313e-16,0.0338728481449303
random,0.10294382091624255,0.12846528791262313,0.10973790038852771,0.095463377733083,0.0738522103172301,0.11752068406078442,0.09829275192876052,0.09820962238804021,0.09827425586568816,0.0338728481449303,0.0
