,square,rectangle,parallelogram,losange,isoTrapezoid,kite,rightKite,rustedHinge,hinge,trapezoid,random
square,0.0,0.13427453347589646,0.24721473192449284,0.30639802826210527,0.23321249066219207,0.21792906615218421,0.20062697163826126,0.2659129540565456,0.22908132804711756,0.22888852064599174,0.3078597030970407
rectangle,0.13427453347589646,2.220446049250313e-16,0.19814985390455808,0.30165157201672077,0.30194747290135837,0.28130816222911414,0.27199529753694296,0.26212101433294954,0.19699191467062083,0.26390508560639236,0.35294233436201905
parallelogram,0.24721473192449284,0.19814985390455808,0.0,0.08289595214019496,0.2638435364784959,0.25583439883909354,0.24106416315266865,0.21960308403143247,0.1806341567074955,0.17393122589277232,0.24244879827311694
losange,0.30639802826210527,0.30165157201672077,0.08289595214019496,1.1102230246251565e-16,0.28898885595791535,0.29348577808561294,0.2816070016999769,0.2525186149487052,0.23645961516313307,0.19178736165992383,0.2211667016621648
isoTrapezoid,0.23321249066219207,0.30194747290135837,0.2638435364784959,0.28898885595791535,0.0,0.12681229714999986,0.10277814020760623,0.22435282664715472,0.21717773900335136,0.10080374994625729,0.16113520589898123
kite,0.21792906615218421,0.28130816222911414,0.25583439883909354,0.29348577808561294,0.12681229714999986,0.0,0.049554465644071954,0.19279634918859645,0.1856671340297209,0.17047468348648298,0.20023950087949738
rightKite,0.20062697163826126,0.27199529753694296,0.24106416315266865,0.2816070016999769,0.10277814020760623,0.049554465644071954,0.0,0.17098321572790875,0.16184398247671494,0.11726883339801764,0.17714677016022495
rustedHinge,0.2659129540565456,0.26212101433294954,0.21960308403143247,0.2525186149487052,0.22435282664715472,0.19279634918859645,0.17098321572790875,0.0,0.030832887779361107,0.19208231960655098,0.18643613222126565
hinge,0.22908132804711756,0.19699191467062083,0.1806341567074955,0.23645961516313307,0.21717773900335136,0.1856671340297209,0.16184398247671494,0.030832887779361107,0.0,0.17532946540896976,0.1956257721841721
trapezoid,0.22888852064599174,0.26390508560639236,0.17393122589277232,0.19178736165992383,0.10080374994625729,0.17047468348648298,0.11726883339801764,0.19208231960655098,0.17532946540896976,1.1102230246251565e-16,0.09537874299617555
random,0.3078597030970407,0.35294233436201905,0.24244879827311694,0.2211667016621648,0.16113520589898123,0.20023950087949738,0.17714677016022495,0.18643613222126565,0.1956257721841721,0.09537874299617555,0.0
