,square,rectangle,parallelogram,losange,isoTrapezoid,kite,rightKite,rustedHinge,hinge,trapezoid,random
square,0.0,0.08501571594996982,0.21615835874951173,0.2777657075015699,0.18028072403564033,0.1677708747601382,0.15865998137800763,0.2247377807436346,0.19166030451206473,0.17174031736300388,0.27113875918141017
rectangle,0.08501571594996982,0.0,0.15639781699514832,0.24593391871751524,0.2512289157642005,0.21482081792600904,0.21141827672043634,0.20127006748173504,0.1493752885080626,0.20885783827001403,0.3023564922406541
parallelogram,0.21615835874951173,0.15639781699514832,0.0,0.06931767373109177,0.2700913982996045,0.24407431514805733,0.24217416596097674,0.2137905196909251,0.17517148536120009,0.1620469030562217,0.23866876656139513
losange,0.2777657075015699,0.24593391871751524,0.06931767373109177,0.0,0.28683951128562446,0.2722839224534094,0.27243258207052046,0.24531652966309936,0.22659763433859803,0.16750828258157147,0.20203720324276153
isoTrapezoid,0.18028072403564033,0.2512289157642005,0.2700913982996045,0.28683951128562446,0.0,0.11264999933563435,0.0886960703167694,0.21534541045587607,0.2098257740102326,0.09526051093869325,0.16476679238035852
kite,0.1677708747601382,0.21482081792600904,0.24407431514805733,0.2722839224534094,0.11264999933563435,0.0,0.0564534580298891,0.19265876416167382,0.18469499062026618,0.1618117192931554,0.20446125008975413
rightKite,0.15865998137800763,0.21141827672043634,0.24217416596097674,0.27243258207052046,0.0886960703167694,0.0564534580298891,1.1102230246251565e-16,0.17596613327600252,0.16384607333243018,0.11848859260462352,0.19607446500424386
rustedHinge,0.2247377807436346,0.20127006748173504,0.2137905196909251,0.24531652966309936,0.21534541045587607,0.19265876416167382,0.17596613327600252,0.0,0.026709971430274315,0.19028403229101254,0.1912636701017686
hinge,0.19166030451206473,0.1493752885080626,0.17517148536120009,0.22659763433859803,0.2098257740102326,0.18469499062026618,0.16384607333243018,0.026709971430274315,0.0,0.17557453589984262,0.2003067699419876
trapezoid,0.17174031736300388,0.20885783827001403,0.1620469030562217,0.16750828258157147,0.09526051093869325,0.1618117192931554,0.11848859260462352,0.19028403229101254,0.17557453589984262,0.0,0.0963199198926512
random,0.27113875918141017,0.3023564922406541,0.23866876656139513,0.20203720324276153,0.16476679238035852,0.20446125008975413,0.19607446500424386,0.1912636701017686,0.2003067699419876,0.0963199198926512,0.0
