,square,rectangle,parallelogram,losange,isoTrapezoid,kite,rightKite,rustedHinge,hinge,trapezoid,random
square,2.220446049250313e-16,0.006211102958939119,0.009618620329095662,0.01345247336624733,0.0036229370141734885,0.002628006974080721,0.002185060990005927,0.0067604611891833866,0.006259308708350453,0.003989741470785457,0.007656746482306409
rectangle,0.006211102958939119,0.0,0.003500344934557309,0.007206865971563725,0.009744480316782766,0.006979715552431043,0.006992073392162679,0.0041835936070683255,0.0025067597562487,0.006960026090641613,0.010463436041537655
parallelogram,0.009618620329095662,0.003500344934557309,0.0,0.0037791720111878258,0.011815854074211929,0.010147798293208221,0.009259267836284724,0.006077012163060225,0.004380158763499953,0.00724318790195444,0.010475869586643038
losange,0.01345247336624733,0.007206865971563725,0.0037791720111878258,0.0,0.013139416999993547,0.01313210207269988,0.012581665775581286,0.0070878104533335096,0.006357855204515261,0.008213733090217556,0.008234210847570478
isoTrapezoid,0.0036229370141734885,0.009744480316782766,0.011815854074211929,0.013139416999993547,2.220446049250313e-16,0.003569138216140577,0.003301913691765135,0.009319416773953093,0.009438446953426327,0.004177329499170157,0.005891612345864439
kite,0.002628006974080721,0.006979715552431043,0.010147798293208221,0.01313210207269988,0.003569138216140577,0.0,0.0019373542554078638,0.008104523427350352,0.008022711184414555,0.006310430524518962,0.008913892275158486
rightKite,0.002185060990005927,0.006992073392162679,0.009259267836284724,0.012581665775581286,0.003301913691765135,0.0019373542554078638,0.0,0.007635228674724992,0.00754814967927897,0.004033530025979393,0.008143431821528213
rustedHinge,0.0067604611891833866,0.0041835936070683255,0.006077012163060225,0.0070878104533335096,0.009319416773953093,0.008104523427350352,0.007635228674724992,0.0,0.0008929952420537735,0.006994740473607042,0.008052956195928607
hinge,0.006259308708350453,0.0025067597562487,0.004380158763499953,0.006357855204515261,0.009438446953426327,0.008022711184414555,0.00754814967927897,0.0008929952420537735,0.0,0.006437470272840251,0.008250256536798228
trapezoid,0.003989741470785457,0.006960026090641613,0.00724318790195444,0.008213733090217556,0.004177329499170157,0.006310430524518962,0.004033530025979393,0.006994740473607042,0.006437470272840251,0.0,0.0038258334973159114
random,0.007656746482306409,0.010463436041537655,0.010475869586643038,0.008234210847570478,0.005891612345864439,0.008913892275158486,0.008143431821528213,0.008052956195928607,0.008250256536798228,0.0038258334973159114,2.220446049250313e-16
