,square,rectangle,parallelogram,losange,isoTrapezoid,kite,rightKite,rustedHinge,hinge,trapezoid,random
square,0.0,0.07477881512138274,0.14171538633966718,0.17757640038431322,0.15121386203565845,0.12221727055587528,0.11475664906805683,0.15153760531490468,0.13363585859591431,0.12974529143742097,0.17723569245873694
rectangle,0.07477881512138274,0.0,0.1169220292036719,0.17839297345005067,0.19011460348956244,0.15482800848876366,0.15104370792397337,0.14588343147963734,0.11295606710906791,0.15153217399261054,0.19948916523823956
parallelogram,0.14171538633966718,0.1169220292036719,0.0,0.051923043839292915,0.17756696017266516,0.1521217835931269,0.1475969775683008,0.1428424592206905,0.1168805918181568,0.10674883089361054,0.14972633090553622
losange,0.17757640038431322,0.17839297345005067,0.051923043839292915,0.0,0.1935368709100661,0.17239125181318327,0.16815498950220686,0.1629374874886339,0.15216620001053305,0.11723042647547777,0.13685919061172092
isoTrapezoid,0.15121386203565845,0.19011460348956244,0.17756696017266516,0.1935368709100661,0.0,0.09107400621793338,0.07261209833359816,0.15626147065365925,0.14953700482292054,0.06534316659444817,0.10989334223429659
kite,0.12221727055587528,0.15482800848876366,0.1521217835931269,0.17239125181318327,0.09107400621793338,0.0,0.032875769274037236,0.11863339132775819,0.11328742067605657,0.10024106426661994,0.11415274854289448
rightKite,0.11475664906805683,0.15104370792397337,0.1475969775683008,0.16815498950220686,0.07261209833359816,0.032875769274037236,0.0,0.10958209032636534,0.10249363782939469,0.07398336591733956,0.11012446537321818
rustedHinge,0.15153760531490468,0.14588343147963734,0.1428424592206905,0.1629374874886339,0.15626147065365925,0.11863339132775819,0.10958209032636534,0.0,0.02108686088889733,0.12742638092671188,0.11788358844028568
hinge,0.13363585859591431,0.11295606710906791,0.1168805918181568,0.15216620001053305,0.14953700482292054,0.11328742067605657,0.10249363782939469,0.02108686088889733,0.0,0.11567594264834435,0.12284723185822066
trapezoid,0.12974529143742097,0.15153217399261054,0.10674883089361054,0.11723042647547777,0.06534316659444817,0.10024106426661994,0.07398336591733956,0.12742638092671188,0.11567594264834435,2.220446049250313e-16,0.06250404816362565
random,0.17723569245873694,0.19948916523823956,0.14972633090553622,0.13685919061172092,0.10989334223429659,0.11415274854289448,0.11012446537321818,0.11788358844028568,0.12284723185822066,0.06250404816362565,2.220446049250313e-16
