,square,rectangle,parallelogram,losange,isoTrapezoid,kite,rightKite,rustedHinge,hinge,trapezoid,random
square,2.220446049250313e-16,0.04534903849104399,0.11860116813870725,0.16667187067861444,0.10775910644829867,0.08838908642097554,0.09189892356827056,0.12320831979100144,0.10291485936007738,0.10611009879558986,0.15621716235127325
rectangle,0.04534903849104399,0.0,0.07296554926756404,0.13413593515716749,0.1543975043316329,0.11858509699372843,0.12556728645965443,0.1111204155632437,0.08077787267946779,0.12435807476690819,0.18067782449869185
parallelogram,0.11860116813870725,0.07296554926756404,0.0,0.04083555905218628,0.16774302015835407,0.14519278500391852,0.14504134136236058,0.12113923477206334,0.09250983918288869,0.09736653606984225,0.14226673751362873
losange,0.16667187067861444,0.13413593515716749,0.04083555905218628,0.0,0.18980696710991207,0.17766613036212975,0.17714608369858487,0.14851284831071532,0.13092070136991618,0.10815990115079166,0.12427801052716025
isoTrapezoid,0.10775910644829867,0.1543975043316329,0.16774302015835407,0.18980696710991207,2.220446049250313e-16,0.06630911689336905,0.056186852005781884,0.15574852607016965,0.15166876609105373,0.06156445647498554,0.098293102836285
kite,0.08838908642097554,0.11858509699372843,0.14519278500391852,0.17766613036212975,0.06630911689336905,2.220446049250313e-16,0.031179142842906238,0.13025199273859522,0.12067208992288192,0.10681072425257532,0.13334414328167754
rightKite,0.09189892356827056,0.12556728645965443,0.14504134136236058,0.17714608369858487,0.056186852005781884,0.031179142842906238,2.220446049250313e-16,0.12545549149892254,0.11906207566726701,0.07227957755958869,0.11538257954370035
rustedHinge,0.12320831979100144,0.1111204155632437,0.12113923477206334,0.14851284831071532,0.15574852607016965,0.13025199273859522,0.12545549149892254,0.0,0.014240669607484602,0.13473146666736746,0.12957236127123117
hinge,0.10291485936007738,0.08077787267946779,0.09250983918288869,0.13092070136991618,0.15166876609105373,0.12067208992288192,0.11906207566726701,0.014240669607484602,0.0,0.1236666882742703,0.12978396356134492
trapezoid,0.10611009879558986,0.12435807476690819,0.09736653606984225,0.10815990115079166,0.06156445647498554,0.10681072425257532,0.07227957755958869,0.13473146666736746,0.1236666882742703,2.220446049250313e-16,0.05274838177877472
random,0.15621716235127325,0.18067782449869185,0.14226673751362873,0.12427801052716025,0.098293102836285,0.13334414328167754,0.11538257954370035,0.12957236127123117,0.12978396356134492,0.05274838177877472,2.220446049250313e-16
