,square,rectangle,parallelogram,losange,isoTrapezoid,kite,rightKite,rustedHinge,hinge,trapezoid,random
square,0.0,0.006650279860505148,0.009384983502202293,0.013158559154032967,0.003878143149692037,0.0026175654718424424,0.001995365025745488,0.0066008787801409285,0.006345281102738132,0.004161394142699559,0.008150393419860458
rectangle,0.006650279860505148,1.1102230246251565e-16,0.003460565800235016,0.006790541164054642,0.009569673192808215,0.006936965597454381,0.006795902493717865,0.0036597244570956144,0.0024005041169082864,0.007193726804928691,0.010193920326483585
parallelogram,0.009384983502202293,0.003460565800235016,1.1102230246251565e-16,0.0034915909172906767,0.010806677458574332,0.009505827808418243,0.008554535885797021,0.005228597191807238,0.004016013964413867,0.007077585571131029,0.00967510742594313
losange,0.013158559154032967,0.006790541164054642,0.0034915909172906767,1.1102230246251565e-16,0.012094584216417958,0.012381113813650146,0.011918857050122411,0.006411104131963996,0.0060099450793972276,0.00800892372633788,0.007522871934187547
isoTrapezoid,0.003878143149692037,0.009569673192808215,0.010806677458574332,0.012094584216417958,0.0,0.0037506529481615702,0.0034242101006702885,0.00894833593700517,0.009058481312820277,0.004210909810862584,0.006042625193927953
kite,0.0026175654718424424,0.006936965597454381,0.009505827808418243,0.012381113813650146,0.0037506529481615702,0.0,0.0020781498493220862,0.007849898848363623,0.007682545250138451,0.006295441388491474,0.00894488781772318
rightKite,0.001995365025745488,0.006795902493717865,0.008554535885797021,0.011918857050122411,0.0034242101006702885,0.0020781498493220862,0.0,0.007272061204464886,0.0070213704741708405,0.003979707062427229,0.008252464696315687
rustedHinge,0.0066008787801409285,0.0036597244570956144,0.005228597191807238,0.006411104131963996,0.00894833593700517,0.007849898848363623,0.007272061204464886,1.1102230246251565e-16,0.0008403958281498758,0.006721326495874758,0.007748910229880002
hinge,0.006345281102738132,0.0024005041169082864,0.004016013964413867,0.0060099450793972276,0.009058481312820277,0.007682545250138451,0.0070213704741708405,0.0008403958281498758,0.0,0.00640958133444558,0.008012776064250438
trapezoid,0.004161394142699559,0.007193726804928691,0.007077585571131029,0.00800892372633788,0.004210909810862584,0.006295441388491474,0.003979707062427229,0.006721326495874758,0.00640958133444558,0.0,0.004106726571438846
random,0.008150393419860458,0.010193920326483585,0.00967510742594313,0.007522871934187547,0.006042625193927953,0.00894488781772318,0.008252464696315687,0.007748910229880002,0.008012776064250438,0.004106726571438846,0.0
