,square,rectangle,parallelogram,losange,isoTrapezoid,kite,rightKite,rustedHinge,hinge,trapezoid,random
square,0.0,0.12514431079210653,0.23384247278861192,0.292167888674415,0.2369289087718106,0.1906576091169755,0.17585755288638338,0.25531718214713994,0.21650944805759964,0.22176512155370898,0.29823728329157384
rectangle,0.12514431079210653,1.1102230246251565e-16,0.17843693851579345,0.2731513369494224,0.2817550340892576,0.227524866138771,0.21819347609308481,0.22251687886618587,0.1585703480032672,0.23851618334178915,0.3119542853416408
parallelogram,0.23384247278861192,0.17843693851579345,0.0,0.07687940094527135,0.27618990328509463,0.23261868931862617,0.2342943971877267,0.22857464316795995,0.19127708620703687,0.1822269148270098,0.235625389129403
losange,0.292167888674415,0.2731513369494224,0.07687940094527135,0.0,0.3015295531944656,0.2668997953264427,0.27279572207020697,0.2733260213834552,0.25675284889820915,0.19943623862713722,0.22179962484827132
isoTrapezoid,0.2369289087718106,0.2817550340892576,0.27618990328509463,0.3015295531944656,1.1102230246251565e-16,0.12206924203345038,0.0941548695369564,0.2433309152812847,0.23961604833294958,0.08875098839211437,0.1561904180118685
kite,0.1906576091169755,0.227524866138771,0.23261868931862617,0.2668997953264427,0.12206924203345038,0.0,0.04792395437908237,0.1874999341234267,0.18054793748923137,0.1551657125964795,0.18593844106699375
rightKite,0.17585755288638338,0.21819347609308481,0.2342943971877267,0.27279572207020697,0.0941548695369564,0.04792395437908237,0.0,0.17606864393663801,0.16519941125256543,0.11120703199974691,0.17382946385636489
rustedHinge,0.25531718214713994,0.22251687886618587,0.22857464316795995,0.2733260213834552,0.2433309152812847,0.1874999341234267,0.17606864393663801,2.220446049250313e-16,0.03204172377767689,0.21526552510018493,0.20435343756773172
hinge,0.21650944805759964,0.1585703480032672,0.19127708620703687,0.25675284889820915,0.23961604833294958,0.18054793748923137,0.16519941125256543,0.03204172377767689,0.0,0.20100882279783494,0.214814035092308
trapezoid,0.22176512155370898,0.23851618334178915,0.1822269148270098,0.19943623862713722,0.08875098839211437,0.1551657125964795,0.11120703199974691,0.21526552510018493,0.20100882279783494,0.0,0.09308836638837326
random,0.29823728329157384,0.3119542853416408,0.235625389129403,0.22179962484827132,0.1561904180118685,0.18593844106699375,0.17382946385636489,0.20435343756773172,0.214814035092308,0.09308836638837326,0.0
