,square,rectangle,parallelogram,losange,isoTrapezoid,kite,rightKite,rustedHinge,hinge,trapezoid,random
square,0.0,0.03752659001443803,0.06984677987995225,0.0951167290181989,0.027776320994694847,0.02213996619290204,0.018433592979371638,0.05186867567672271,0.04635640511239414,0.0352555393551407,0.06601778964276339
rectangle,0.03752659001443803,0.0,0.03441729830433282,0.06546351841220399,0.06954223873028886,0.04825223431923298,0.04799727888951322,0.03602900057873015,0.024007104727520212,0.05431824651349837,0.08692058076400688
parallelogram,0.06984677987995225,0.03441729830433282,1.1102230246251565e-16,0.024487002491755727,0.08490310777243282,0.0806618720105341,0.0667976035088862,0.05391820907008826,0.040262860118972954,0.04446539607999822,0.07055530974029167
losange,0.0951167290181989,0.06546351841220399,0.024487002491755727,0.0,0.09279496149173294,0.10013870989784868,0.0891982712869882,0.06453522879013818,0.05754124539155381,0.0492837247740211,0.05332951534875874
isoTrapezoid,0.027776320994694847,0.06954223873028886,0.08490310777243282,0.09279496149173294,0.0,0.027344960553463138,0.025817698131059164,0.07494080959667793,0.07371593621070105,0.03466386080015116,0.05027294928157633
kite,0.02213996619290204,0.04825223431923298,0.0806618720105341,0.10013870989784868,0.027344960553463138,0.0,0.017255801758762956,0.06792129453659168,0.06539396451247381,0.05780778263986108,0.08243959745982554
rightKite,0.018433592979371638,0.04799727888951322,0.0667976035088862,0.0891982712869882,0.025817698131059164,0.017255801758762956,1.1102230246251565e-16,0.06896833616732767,0.06440866308687909,0.032512106536699115,0.06808298735430574
rustedHinge,0.05186867567672271,0.03602900057873015,0.05391820907008826,0.06453522879013818,0.07494080959667793,0.06792129453659168,0.06896833616732767,0.0,0.005270677669835022,0.06136977094063878,0.06999026881376313
hinge,0.04635640511239414,0.024007104727520212,0.040262860118972954,0.05754124539155381,0.07371593621070105,0.06539396451247381,0.06440866308687909,0.005270677669835022,0.0,0.05453210569466438,0.06830223005077274
trapezoid,0.0352555393551407,0.05431824651349837,0.04446539607999822,0.0492837247740211,0.03466386080015116,0.05780778263986108,0.032512106536699115,0.06136977094063878,0.05453210569466438,0.0,0.024446670512992652
random,0.06601778964276339,0.08692058076400688,0.07055530974029167,0.05332951534875874,0.05027294928157633,0.08243959745982554,0.06808298735430574,0.06999026881376313,0.06830223005077274,0.024446670512992652,1.1102230246251565e-16
