,square,rectangle,parallelogram,losange,isoTrapezoid,kite,rightKite,rustedHinge,hinge,trapezoid,random
square,0.0,0.062193766193882505,0.1695771380516855,0.22565622676542152,0.13049645042940172,0.1065124871592471,0.10530509524799392,0.17893951478713233,0.14572692520957897,0.1315941727987454,0.1943910946744728
rectangle,0.062193766193882505,0.0,0.11292768385187335,0.1835086503112947,0.18880891844804637,0.14634615197213363,0.1463247926025537,0.16168076166480383,0.11583799104031633,0.15669307828450652,0.22302972832671142
parallelogram,0.1695771380516855,0.11292768385187335,0.0,0.05899255390740432,0.21690349257286345,0.19590816677560496,0.1925704171503806,0.1929697699617594,0.15100792201065127,0.1283466355904347,0.18330866711623772
losange,0.22565622676542152,0.1835086503112947,0.05899255390740432,2.220446049250313e-16,0.23958146896456223,0.22964456460326577,0.22773532007667485,0.2198448211287668,0.19417009242254302,0.13854918288217,0.15533435874326973
isoTrapezoid,0.13049645042940172,0.18880891844804637,0.21690349257286345,0.23958146896456223,0.0,0.07790408080306244,0.06419336040985313,0.19153682563046204,0.178885476673599,0.07754968351375624,0.12261924290119519
kite,0.1065124871592471,0.14634615197213363,0.19590816677560496,0.22964456460326577,0.07790408080306244,0.0,0.037952885923813295,0.16654821998348812,0.15062484646904517,0.1318165668602418,0.16223538439449003
rightKite,0.10530509524799392,0.1463247926025537,0.1925704171503806,0.22773532007667485,0.06419336040985313,0.037952885923813295,0.0,0.14905339386540484,0.13556155648453116,0.09176379886235697,0.14327095456553585
rustedHinge,0.17893951478713233,0.16168076166480383,0.1929697699617594,0.2198448211287668,0.19153682563046204,0.16654821998348812,0.14905339386540484,0.0,0.02011731428994501,0.17326271074624533,0.1640224110737143
hinge,0.14572692520957897,0.11583799104031633,0.15100792201065127,0.19417009242254302,0.178885476673599,0.15062484646904517,0.13556155648453116,0.02011731428994501,0.0,0.15193215990581332,0.16103329733024008
trapezoid,0.1315941727987454,0.15669307828450652,0.1283466355904347,0.13854918288217,0.07754968351375624,0.1318165668602418,0.09176379886235697,0.17326271074624533,0.15193215990581332,0.0,0.06755185288354693
random,0.1943910946744728,0.22302972832671142,0.18330866711623772,0.15533435874326973,0.12261924290119519,0.16223538439449003,0.14327095456553585,0.1640224110737143,0.16103329733024008,0.06755185288354693,0.0
