,square,rectangle,parallelogram,losange,isoTrapezoid,kite,rightKite,rustedHinge,hinge,trapezoid,random
square,0.0,0.018100708051477787,0.027760723453014502,0.03953530258747728,0.010261330567822524,0.007311378696200244,0.0050288579341857265,0.019495847828485346,0.018379681110321844,0.012002240531633457,0.023137155889982775
rectangle,0.018100708051477787,0.0,0.00923074288493786,0.020066302513060075,0.028379114581875697,0.020064651638926012,0.01935718179757906,0.011590398715511263,0.007213277729182566,0.020044048139718273,0.030557857143105882
parallelogram,0.027760723453014502,0.00923074288493786,2.220446049250313e-16,0.009835747817644513,0.034084401490774185,0.029482243949983,0.026153856931996677,0.016292696144243224,0.011615707760162408,0.020014842050622317,0.029173369314408504
losange,0.03953530258747728,0.020066302513060075,0.009835747817644513,0.0,0.038778725411604986,0.0391705619719922,0.03654397013967836,0.01996846759471438,0.017595820713247168,0.02299062579872435,0.02301329000733565
isoTrapezoid,0.010261330567822524,0.028379114581875697,0.034084401490774185,0.038778725411604986,0.0,0.010947711145297245,0.009436514137000529,0.027582920404177647,0.027586155228751075,0.012110775423463727,0.01753908274715077
kite,0.007311378696200244,0.020064651638926012,0.029482243949983,0.0391705619719922,0.010947711145297245,0.0,0.0055322043018499745,0.025274516326105112,0.024351547416331942,0.019414624764049537,0.028008797805463614
rightKite,0.0050288579341857265,0.01935718179757906,0.026153856931996677,0.03654397013967836,0.009436514137000529,0.0055322043018499745,0.0,0.023049481846562414,0.02186911332768471,0.011556765967586369,0.024445696336929057
rustedHinge,0.019495847828485346,0.011590398715511263,0.016292696144243224,0.01996846759471438,0.027582920404177647,0.025274516326105112,0.023049481846562414,0.0,0.0020572691821588718,0.019730671010493417,0.023035954067878506
hinge,0.018379681110321844,0.007213277729182566,0.011615707760162408,0.017595820713247168,0.027586155228751075,0.024351547416331942,0.02186911332768471,0.0020572691821588718,0.0,0.018052817358256146,0.02331022661090909
trapezoid,0.012002240531633457,0.020044048139718273,0.020014842050622317,0.02299062579872435,0.012110775423463727,0.019414624764049537,0.011556765967586369,0.019730671010493417,0.018052817358256146,2.220446049250313e-16,0.010731218387530217
random,0.023137155889982775,0.030557857143105882,0.029173369314408504,0.02301329000733565,0.01753908274715077,0.028008797805463614,0.024445696336929057,0.023035954067878506,0.02331022661090909,0.010731218387530217,2.220446049250313e-16
