,square,rectangle,parallelogram,losange,isoTrapezoid,kite,rightKite,rustedHinge,hinge,trapezoid,random
square,0.0,0.10333243395998515,0.13954811142149093,0.16879474666600436,0.1458905460500569,0.14110382637779406,0.12943942959172716,0.16992061760562527,0.15249406761592688,0.1424340896179862,0.19323139302767534
rectangle,0.10333243395998515,0.0,0.12700965764081396,0.182686213579192,0.18142759469819214,0.17688128124603397,0.16956288105144368,0.16947861795288877,0.1350144989704407,0.1529206948173123,0.21267174111878495
parallelogram,0.13954811142149093,0.12700965764081396,0.0,0.04948375839338359,0.15263846930685632,0.14349045685602846,0.14320665153412893,0.1379741226822766,0.11800580197351596,0.10126126729487328,0.14331852906082132
losange,0.16879474666600436,0.182686213579192,0.04948375839338359,0.0,0.1685473167361491,0.16449363721775923,0.16570160722734562,0.15961619538360616,0.15323706601641374,0.11291717199313722,0.1355014478527502
isoTrapezoid,0.1458905460500569,0.18142759469819214,0.15263846930685632,0.1685473167361491,0.0,0.08917465604431218,0.068620191797223,0.14812573144816554,0.13622405318044384,0.06117753852989771,0.10741443194356115
kite,0.14110382637779406,0.17688128124603397,0.14349045685602846,0.16449363721775923,0.08917465604431218,0.0,0.034524609760031466,0.11330724962470529,0.10651736406306178,0.09867623053810948,0.10531586081204058
rightKite,0.12943942959172716,0.16956288105144368,0.14320665153412893,0.16570160722734562,0.068620191797223,0.034524609760031466,0.0,0.10819006998733294,0.0982651589236817,0.0773688053992293,0.10893199184268398
rustedHinge,0.16992061760562527,0.16947861795288877,0.1379741226822766,0.15961619538360616,0.14812573144816554,0.11330724962470529,0.10819006998733294,0.0,0.023441715802569152,0.1301463945476301,0.11499596929841915
hinge,0.15249406761592688,0.1350144989704407,0.11800580197351596,0.15323706601641374,0.13622405318044384,0.10651736406306178,0.0982651589236817,0.023441715802569152,2.220446049250313e-16,0.11554430664394921,0.1177276524977684
trapezoid,0.1424340896179862,0.1529206948173123,0.10126126729487328,0.11291717199313722,0.06117753852989771,0.09867623053810948,0.0773688053992293,0.1301463945476301,0.11554430664394921,0.0,0.07122410283456959
random,0.19323139302767534,0.21267174111878495,0.14331852906082132,0.1355014478527502,0.10741443194356115,0.10531586081204058,0.10893199184268398,0.11499596929841915,0.1177276524977684,0.07122410283456959,0.0
