,square,rectangle,parallelogram,losange,isoTrapezoid,kite,rightKite,rustedHinge,hinge,trapezoid,random
square,2.220446049250313e-16,0.09615270556433986,0.19541417483069357,0.237746471626484,0.21390024850595435,0.19779839047734782,0.19422234068648758,0.22650118834288557,0.20049500013206856,0.1924499201434534,0.2620834199809393
rectangle,0.09615270556433986,0.0,0.16532246522081995,0.23519815705283487,0.26449705665630463,0.24637521067920132,0.24555353673614144,0.23022192063966684,0.18286031815391346,0.2209922250403823,0.29437240163515876
parallelogram,0.19541417483069357,0.16532246522081995,0.0,0.05811463115627824,0.2267506434811032,0.19886659024476783,0.20265476063948473,0.19464039471994632,0.16270339511862308,0.1447714302013977,0.19475404168212862
losange,0.237746471626484,0.23519815705283487,0.05811463115627824,0.0,0.24251269440588397,0.21888433506189797,0.22238174595443416,0.21096439320606186,0.1988344658432647,0.15306328095290544,0.17408357105030592
isoTrapezoid,0.21390024850595435,0.26449705665630463,0.2267506434811032,0.24251269440588397,0.0,0.10542118172617754,0.08247724215552044,0.19581220675839883,0.1836506852997687,0.07280787919606646,0.13034283173371908
kite,0.19779839047734782,0.24637521067920132,0.19886659024476783,0.21888433506189797,0.10542118172617754,0.0,0.038785296040816375,0.14453437594776675,0.13703712153451464,0.12361172771729301,0.1265421214612923
rightKite,0.19422234068648758,0.24555353673614144,0.20265476063948473,0.22238174595443416,0.08247724215552044,0.038785296040816375,1.1102230246251565e-16,0.13660753296001837,0.12689384902063283,0.09621339786915395,0.12715182968718386
rustedHinge,0.22650118834288557,0.23022192063966684,0.19464039471994632,0.21096439320606186,0.19581220675839883,0.14453437594776675,0.13660753296001837,2.220446049250313e-16,0.026617975116308035,0.17324174814235782,0.14349091423436255
hinge,0.20049500013206856,0.18286031815391346,0.16270339511862308,0.1988344658432647,0.1836506852997687,0.13703712153451464,0.12689384902063283,0.026617975116308035,0.0,0.1551253172324959,0.14977123692059902
trapezoid,0.1924499201434534,0.2209922250403823,0.1447714302013977,0.15306328095290544,0.07280787919606646,0.12361172771729301,0.09621339786915395,0.17324174814235782,0.1551253172324959,0.0,0.08449626885437123
random,0.2620834199809393,0.29437240163515876,0.19475404168212862,0.17408357105030592,0.13034283173371908,0.1265421214612923,0.12715182968718386,0.14349091423436255,0.14977123692059902,0.08449626885437123,0.0
