,square,rectangle,parallelogram,losange,isoTrapezoid,kite,rightKite,rustedHinge,hinge,trapezoid,random
square,1.1102230246251565e-16,0.04416149248311585,0.06309925799882443,0.07828955270519478,0.07166950273471151,0.06259680092825237,0.0591982911689114,0.07752458359559122,0.06627354634020632,0.06092101034114994,0.08471005474900217
rectangle,0.04416149248311585,0.0,0.04972202998657094,0.07234587054247965,0.08395684496120537,0.07123954550074563,0.07351569577149786,0.06754837551044346,0.05163818226282402,0.06381047691963315,0.08582289728359183
parallelogram,0.06309925799882443,0.04972202998657094,0.0,0.02100624958054842,0.07384280023303091,0.059012966575514136,0.06301899688978996,0.057598017342486596,0.04697017001941173,0.04472714355089935,0.060576444405487706
losange,0.07828955270519478,0.07234587054247965,0.02100624958054842,0.0,0.07942679301921596,0.06733799434641297,0.07079430150262067,0.06566707547660566,0.06077950030587276,0.04868347539592777,0.05696450247395157
isoTrapezoid,0.07166950273471151,0.08395684496120537,0.07384280023303091,0.07942679301921596,0.0,0.04069493318862627,0.029962999302144078,0.06793114336866746,0.0626272589430471,0.027076096342862455,0.04951405540112819
kite,0.06259680092825237,0.07123954550074563,0.059012966575514136,0.06733799434641297,0.04069493318862627,0.0,0.015534318195975061,0.051586354104957044,0.0473706646262092,0.03891750079589107,0.04581668829606855
rightKite,0.0591982911689114,0.07351569577149786,0.06301899688978996,0.07079430150262067,0.029962999302144078,0.015534318195975061,0.0,0.052844331667212696,0.0480607002789305,0.03171666638475645,0.04929552866625497
rustedHinge,0.07752458359559122,0.06754837551044346,0.057598017342486596,0.06566707547660566,0.06793114336866746,0.051586354104957044,0.052844331667212696,0.0,0.010172573749506642,0.05336117030807974,0.04691083098288684
hinge,0.06627354634020632,0.05163818226282402,0.04697017001941173,0.06077950030587276,0.0626272589430471,0.0473706646262092,0.0480607002789305,0.010172573749506642,0.0,0.04682419174473007,0.048510512278557516
trapezoid,0.06092101034114994,0.06381047691963315,0.04472714355089935,0.04868347539592777,0.027076096342862455,0.03891750079589107,0.03171666638475645,0.05336117030807974,0.04682419174473007,1.1102230246251565e-16,0.028320228030704553
random,0.08471005474900217,0.08582289728359183,0.060576444405487706,0.05696450247395157,0.04951405540112819,0.04581668829606855,0.04929552866625497,0.04691083098288684,0.048510512278557516,0.028320228030704553,0.0
