,square,rectangle,parallelogram,losange,isoTrapezoid,kite,rightKite,rustedHinge,hinge,trapezoid,random
square,0.0,0.007143143697981302,0.0319054173156601,0.03326209983035644,0.02152813436302259,0.02419609598852146,0.01714806686951753,0.027288964226682588,0.02343906146867447,0.023115797921222758,0.03224403540178067
rectangle,0.007143143697981302,1.1102230246251565e-16,0.02129082645044289,0.028578452518657205,0.030320734516033565,0.025830666248823464,0.01925045057907082,0.023342165332226994,0.0164331078785247,0.025721310317899593,0.03943721903615938
parallelogram,0.0319054173156601,0.02129082645044289,2.220446049250313e-16,0.007821482976217098,0.03865299214635931,0.03701466793235997,0.026071701956199123,0.028415636704577252,0.020101361965679798,0.018472994756595806,0.03396783436305029
losange,0.03326209983035644,0.028578452518657205,0.007821482976217098,0.0,0.03640419839524023,0.04223851902435172,0.029097495338273882,0.030120684523973762,0.02458378337924494,0.01673125587260893,0.024660561794881963
isoTrapezoid,0.02152813436302259,0.030320734516033565,0.03865299214635931,0.03640419839524023,0.0,0.01854001193838173,0.012044440102249143,0.03737017601659376,0.03458680517278223,0.013040862937667597,0.018530680555376766
kite,0.02419609598852146,0.025830666248823464,0.03701466793235997,0.04223851902435172,0.01854001193838173,1.1102230246251565e-16,0.008807413716694357,0.03703223150412982,0.03118267535006869,0.029204276202643098,0.0420866587752613
rightKite,0.01714806686951753,0.01925045057907082,0.026071701956199123,0.029097495338273882,0.012044440102249143,0.008807413716694357,0.0,0.024385288557814966,0.020881691062454966,0.015720671318425583,0.026420615957081006
rustedHinge,0.027288964226682588,0.023342165332226994,0.028415636704577252,0.030120684523973762,0.03737017601659376,0.03703223150412982,0.024385288557814966,0.0,0.0037010105698694895,0.028891211771455594,0.031483220097695
hinge,0.02343906146867447,0.0164331078785247,0.020101361965679798,0.02458378337924494,0.03458680517278223,0.03118267535006869,0.020881691062454966,0.0037010105698694895,0.0,0.02413111918270161,0.030120433442858086
trapezoid,0.023115797921222758,0.025721310317899593,0.018472994756595806,0.01673125587260893,0.013040862937667597,0.029204276202643098,0.015720671318425583,0.028891211771455594,0.02413111918270161,1.1102230246251565e-16,0.008754107493349705
random,0.03224403540178067,0.03943721903615938,0.03396783436305029,0.024660561794881963,0.018530680555376766,0.0420866587752613,0.026420615957081006,0.031483220097695,0.030120433442858086,0.008754107493349705,1.1102230246251565e-16
