,square,rectangle,parallelogram,losange,isoTrapezoid,kite,rightKite,rustedHinge,hinge,trapezoid,random
square,2.220446049250313e-16,0.0280795812581488,0.10492012724609112,0.12472463735403672,0.19801283415425897,0.20025119244585277,0.20223435715546467,0.23408919966646868,0.21416130073548867,0.15621045121340515,0.2180864514072397
rectangle,0.0280795812581488,1.1102230246251565e-16,0.09829275602122045,0.12690940130506678,0.21181211082348117,0.20275578621152657,0.21087880618214283,0.22933030309643387,0.20376143349366194,0.15667733689896723,0.22115402843483245
parallelogram,0.10492012724609112,0.09829275602122045,0.0,0.019732893826824527,0.16940145160453346,0.14738398918152984,0.1657960797070468,0.19986910996310558,0.1748348431664979,0.07885607316819743,0.14124788533188248
losange,0.12472463735403672,0.12690940130506678,0.019732893826824527,2.220446049250313e-16,0.16536609452049245,0.14689642741715037,0.16254988967316386,0.19216849470794717,0.17100551785527152,0.07496050361918583,0.1182910479793351
isoTrapezoid,0.19801283415425897,0.21181211082348117,0.16940145160453346,0.16536609452049245,1.1102230246251565e-16,0.08119995629715593,0.0737860419211337,0.17649440224243296,0.15817587090994045,0.0803954276470592,0.10687354846237485
kite,0.20025119244585277,0.20275578621152657,0.14738398918152984,0.14689642741715037,0.08119995629715593,0.0,0.022655118565681143,0.1078945156030201,0.07686349683893923,0.08269596802043933,0.07047348137336795
rightKite,0.20223435715546467,0.21087880618214283,0.1657960797070468,0.16254988967316386,0.0737860419211337,0.022655118565681143,0.0,0.08729679472468421,0.06604332768608079,0.09501269661162315,0.07812543901770463
rustedHinge,0.23408919966646868,0.22933030309643387,0.19986910996310558,0.19216849470794717,0.17649440224243296,0.1078945156030201,0.08729679472468421,0.0,0.021824802601456583,0.15783671563744106,0.11964727434623168
hinge,0.21416130073548867,0.20376143349366194,0.1748348431664979,0.17100551785527152,0.15817587090994045,0.07686349683893923,0.06604332768608079,0.021824802601456583,0.0,0.1375568563017856,0.10018947677867396
trapezoid,0.15621045121340515,0.15667733689896723,0.07885607316819743,0.07496050361918583,0.0803954276470592,0.08269596802043933,0.09501269661162315,0.15783671563744106,0.1375568563017856,0.0,0.04859450628640072
random,0.2180864514072397,0.22115402843483245,0.14124788533188248,0.1182910479793351,0.10687354846237485,0.07047348137336795,0.07812543901770463,0.11964727434623168,0.10018947677867396,0.04859450628640072,2.220446049250313e-16
