,square,rectangle,parallelogram,losange,isoTrapezoid,kite,rightKite,rustedHinge,hinge,trapezoid,random
square,0.0,0.031102429080814953,0.1368062087558789,0.16021564066397964,0.24434869823118743,0.2238718975456524,0.21423190697885786,0.24146504197562624,0.2159798926557872,0.20483020750306713,0.26254752497235667
rectangle,0.031102429080814953,0.0,0.12525461523326964,0.16063089111897244,0.2613527862528139,0.22738506322270258,0.22380412427947782,0.23924264489678126,0.20740157352223265,0.20937718207408595,0.27097559869461385
parallelogram,0.1368062087558789,0.12525461523326964,0.0,0.02509751754229783,0.220778887326733,0.17742923906195773,0.19027133930298645,0.2028365249726075,0.1790244666971177,0.10653596630160544,0.1730847570254067
losange,0.16021564066397964,0.16063089111897244,0.02509751754229783,1.1102230246251565e-16,0.2173798749807494,0.18412137563826236,0.19060388790730676,0.19532925575138183,0.17791844736490148,0.09993974754085522,0.14548036054973756
isoTrapezoid,0.24434869823118743,0.2613527862528139,0.220778887326733,0.2173798749807494,0.0,0.08631653476988765,0.07603050213789908,0.1734983112594538,0.1602690396323877,0.0927457704717084,0.11628615432705314
kite,0.2238718975456524,0.22738506322270258,0.17742923906195773,0.18412137563826236,0.08631653476988765,0.0,0.028006681762511643,0.10996105845448068,0.08412491905494779,0.09454162488186979,0.09336711569943734
rightKite,0.21423190697885786,0.22380412427947782,0.19027133930298645,0.19060388790730676,0.07603050213789908,0.028006681762511643,0.0,0.08127975201902327,0.06607942865566563,0.10173165905493597,0.09060552374460307
rustedHinge,0.24146504197562624,0.23924264489678126,0.2028365249726075,0.19532925575138183,0.1734983112594538,0.10996105845448068,0.08127975201902327,0.0,0.0192636519503514,0.15067339733713903,0.11322166509827314
hinge,0.2159798926557872,0.20740157352223265,0.1790244666971177,0.17791844736490148,0.1602690396323877,0.08412491905494779,0.06607942865566563,0.0192636519503514,0.0,0.13523847439579562,0.1031155834114168
trapezoid,0.20483020750306713,0.20937718207408595,0.10653596630160544,0.09993974754085522,0.0927457704717084,0.09454162488186979,0.10173165905493597,0.15067339733713903,0.13523847439579562,0.0,0.05325014531424577
random,0.26254752497235667,0.27097559869461385,0.1730847570254067,0.14548036054973756,0.11628615432705314,0.09336711569943734,0.09060552374460307,0.11322166509827314,0.1031155834114168,0.05325014531424577,2.220446049250313e-16
