,square,rectangle,parallelogram,losange,isoTrapezoid,kite,rightKite,rustedHinge,hinge,trapezoid,random
square,0.0,0.014093722507696582,0.021326606288262107,0.029989582798471637,0.008220169051301296,0.005713898548163621,0.0037260350031115275,0.014785670405296436,0.014385625105255762,0.009251796023579839,0.019058243424734278
rectangle,0.014093722507696582,2.220446049250313e-16,0.007604293320763178,0.017007398616515235,0.02497442376781356,0.01661493513208534,0.015588958784915952,0.00891726697145867,0.005626028229939295,0.01631977322545286,0.026430531568197746
parallelogram,0.021326606288262107,0.007604293320763178,2.220446049250313e-16,0.007612553402660982,0.027860940035242865,0.02384805043890781,0.020551447907549147,0.01283540361476676,0.009293491780773433,0.01610805623509559,0.02416979431380817
losange,0.029989582798471637,0.017007398616515235,0.007612553402660982,0.0,0.030703523721289816,0.030860602779982038,0.02831476571412672,0.016200140001605412,0.014487746504906251,0.01814841946057444,0.018197033691673026
isoTrapezoid,0.008220169051301296,0.02497442376781356,0.027860940035242865,0.030703523721289816,0.0,0.008865109602319898,0.007781856085352534,0.02328784262772643,0.02402386198923978,0.010424765401096825,0.015420845979948417
kite,0.005713898548163621,0.01661493513208534,0.02384805043890781,0.030860602779982038,0.008865109602319898,0.0,0.0040827494755232285,0.020626779966003705,0.020450099954964385,0.014970678037744212,0.023027796452531724
rightKite,0.0037260350031115275,0.015588958784915952,0.020551447907549147,0.02831476571412672,0.007781856085352534,0.0040827494755232285,2.220446049250313e-16,0.018132102491559166,0.0177067472375384,0.009022972505044469,0.02023618365016966
rustedHinge,0.014785670405296436,0.00891726697145867,0.01283540361476676,0.016200140001605412,0.02328784262772643,0.020626779966003705,0.018132102491559166,0.0,0.0014441959118715042,0.015831644560273417,0.020019737761962753
hinge,0.014385625105255762,0.005626028229939295,0.009293491780773433,0.014487746504906251,0.02402386198923978,0.020450099954964385,0.0177067472375384,0.0014441959118715042,0.0,0.014822813822507386,0.02069520437445105
trapezoid,0.009251796023579839,0.01631977322545286,0.01610805623509559,0.01814841946057444,0.010424765401096825,0.014970678037744212,0.009022972505044469,0.015831644560273417,0.014822813822507386,0.0,0.0090624863689297
random,0.019058243424734278,0.026430531568197746,0.02416979431380817,0.018197033691673026,0.015420845979948417,0.023027796452531724,0.02023618365016966,0.020019737761962753,0.02069520437445105,0.0090624863689297,0.0
