,square,rectangle,parallelogram,losange,isoTrapezoid,kite,rightKite,rustedHinge,hinge,trapezoid,random
square,1.1102230246251565e-16,0.008327558608870134,0.01829445560867493,0.022747052126182554,0.010542820950485421,0.010235330185172975,0.00929868000823042,0.012433542515732143,0.012295316008023915,0.010328273527121845,0.018646081587402108
rectangle,0.008327558608870134,0.0,0.007972815415240198,0.016517328887023952,0.02588585478655403,0.020857851356110624,0.0198096346393416,0.013040065790632771,0.009890821203184852,0.017516792386755187,0.032488285597350286
parallelogram,0.01829445560867493,0.007972815415240198,0.0,0.006003372459832179,0.03211709248558425,0.027453397808384405,0.02361148975412375,0.016657814555499972,0.011898897766475347,0.016277745324339454,0.03172919806848418
losange,0.022747052126182554,0.016517328887023952,0.006003372459832179,0.0,0.032737306753540585,0.029785563999199405,0.024391995413681977,0.019021422725534753,0.01575443843930202,0.014731532860698504,0.025095010559283315
isoTrapezoid,0.010542820950485421,0.02588585478655403,0.03211709248558425,0.032737306753540585,0.0,0.006518542111321413,0.0068280888662343164,0.02066919550222157,0.02093945838782696,0.007847298342137599,0.009297809692298431
kite,0.010235330185172975,0.020857851356110624,0.027453397808384405,0.029785563999199405,0.006518542111321413,0.0,0.0029242890474744376,0.018166506859159104,0.017862316715371307,0.012396898473282292,0.01778184759030721
rightKite,0.00929868000823042,0.0198096346393416,0.02361148975412375,0.024391995413681977,0.0068280888662343164,0.0029242890474744376,2.220446049250313e-16,0.01703946279634061,0.017113978287137788,0.008459609592936124,0.013962510538129691
rustedHinge,0.012433542515732143,0.013040065790632771,0.016657814555499972,0.019021422725534753,0.02066919550222157,0.018166506859159104,0.01703946279634061,0.0,0.0017214880999421034,0.017345246788852187,0.02243541416704653
hinge,0.012295316008023915,0.009890821203184852,0.011898897766475347,0.01575443843930202,0.02093945838782696,0.017862316715371307,0.017113978287137788,0.0017214880999421034,0.0,0.015533262145927207,0.022339226041826366
trapezoid,0.010328273527121845,0.017516792386755187,0.016277745324339454,0.014731532860698504,0.007847298342137599,0.012396898473282292,0.008459609592936124,0.017345246788852187,0.015533262145927207,2.220446049250313e-16,0.006198177238620817
random,0.018646081587402108,0.032488285597350286,0.03172919806848418,0.025095010559283315,0.009297809692298431,0.01778184759030721,0.013962510538129691,0.02243541416704653,0.022339226041826366,0.006198177238620817,0.0
