,square,rectangle,parallelogram,losange,isoTrapezoid,kite,rightKite,rustedHinge,hinge,trapezoid,random
square,1.1102230246251565e-16,0.04216551556095316,0.06380746126377135,0.09286411031896236,0.028043003743769,0.019976898102449403,0.014160693591202533,0.049032013585479595,0.045130469704136034,0.03197373937067516,0.06307744013998706
rectangle,0.04216551556095316,1.1102230246251565e-16,0.02723468040713284,0.06185946099875839,0.08707357004517524,0.05333982573133722,0.04991385145970628,0.03229406750074282,0.019890051387175922,0.05451328722668758,0.09204309932369281
parallelogram,0.06380746126377135,0.02723468040713284,0.0,0.029231640627644606,0.09142049612381786,0.07526690894191057,0.062102299915810066,0.04642053536687907,0.0333655636832525,0.046882190182421124,0.07960286040803355
losange,0.09286411031896236,0.06185946099875839,0.029231640627644606,1.1102230246251565e-16,0.09948677116444427,0.09721937113195311,0.08710405848612934,0.05667790615539736,0.05160512311356147,0.052104941351673095,0.05696224866185151
isoTrapezoid,0.028043003743769,0.08707357004517524,0.09142049612381786,0.09948677116444427,1.1102230246251565e-16,0.03083271736879878,0.027341608797768147,0.08433524306701701,0.08457038065118083,0.036621179765340295,0.054153037688690286
kite,0.019976898102449403,0.05333982573133722,0.07526690894191057,0.09721937113195311,0.03083271736879878,0.0,0.015064138890266476,0.06933314953563086,0.06704796786322942,0.05216128715852719,0.07807881438958864
rightKite,0.014160693591202533,0.04991385145970628,0.062102299915810066,0.08710405848612934,0.027341608797768147,0.015064138890266476,1.1102230246251565e-16,0.061851368649354366,0.058404104005359,0.030974475560686443,0.06887905132508065
rustedHinge,0.049032013585479595,0.03229406750074282,0.04642053536687907,0.05667790615539736,0.08433524306701701,0.06933314953563086,0.061851368649354366,0.0,0.00516841983149241,0.05633407919288891,0.07066021597901273
hinge,0.045130469704136034,0.019890051387175922,0.0333655636832525,0.05160512311356147,0.08457038065118083,0.06704796786322942,0.058404104005359,0.00516841983149241,0.0,0.05107826142837957,0.07228523727880354
trapezoid,0.03197373937067516,0.05451328722668758,0.046882190182421124,0.052104941351673095,0.036621179765340295,0.05216128715852719,0.030974475560686443,0.05633407919288891,0.05107826142837957,0.0,0.029657259632648092
random,0.06307744013998706,0.09204309932369281,0.07960286040803355,0.05696224866185151,0.054153037688690286,0.07807881438958864,0.06887905132508065,0.07066021597901273,0.07228523727880354,0.029657259632648092,0.0
