,square,rectangle,parallelogram,losange,isoTrapezoid,kite,rightKite,rustedHinge,hinge,trapezoid,random
square,1.1102230246251565e-16,0.0058179940020357535,0.030705482938386708,0.03455640010960248,0.04664163278996636,0.030498121408959578,0.02103345445193794,0.01913484775115948,0.01808878445646278,0.013377171396250942,0.06323991368669046
rectangle,0.0058179940020357535,0.0,0.019554470773985644,0.025968918544330255,0.05718456292484542,0.030703019299819223,0.02506403101785659,0.02186455443200397,0.02046627335361839,0.019879651015949906,0.07239685425069275
parallelogram,0.030705482938386708,0.019554470773985644,0.0,0.004438741706887073,0.057024023837699334,0.05346343482103666,0.05204405471765705,0.043087727239459084,0.03393155637184864,0.028539297386824147,0.06927279225199023
losange,0.03455640010960248,0.025968918544330255,0.004438741706887073,0.0,0.059921906334906905,0.053020334366610355,0.05458235132107114,0.0487429655351036,0.04084251778908676,0.030652794398435046,0.06850500292204298
isoTrapezoid,0.04664163278996636,0.05718456292484542,0.057024023837699334,0.059921906334906905,0.0,0.07731220714505638,0.05389199700306602,0.05417064976695196,0.045246663174690616,0.022716093555858574,0.01009392504944584
kite,0.030498121408959578,0.030703019299819223,0.05346343482103666,0.053020334366610355,0.07731220714505638,0.0,0.010193888363937975,0.06810019177961213,0.07003641351084755,0.051067337626375275,0.1035041528001388
rightKite,0.02103345445193794,0.02506403101785659,0.05204405471765705,0.05458235132107114,0.05389199700306602,0.010193888363937975,0.0,0.04040134071094281,0.044565132078397074,0.030209527370807843,0.07495844637747384
rustedHinge,0.01913484775115948,0.02186455443200397,0.043087727239459084,0.0487429655351036,0.05417064976695196,0.06810019177961213,0.04040134071094281,0.0,0.0027757944298036907,0.017751776510436246,0.0632747800220883
hinge,0.01808878445646278,0.02046627335361839,0.03393155637184864,0.04084251778908676,0.045246663174690616,0.07003641351084755,0.044565132078397074,0.0027757944298036907,0.0,0.013637148803251065,0.05402686398666989
trapezoid,0.013377171396250942,0.019879651015949906,0.028539297386824147,0.030652794398435046,0.022716093555858574,0.051067337626375275,0.030209527370807843,0.017751776510436246,0.013637148803251065,0.0,0.03176777137225073
random,0.06323991368669046,0.07239685425069275,0.06927279225199023,0.06850500292204298,0.01009392504944584,0.1035041528001388,0.07495844637747384,0.0632747800220883,0.05402686398666989,0.03176777137225073,1.1102230246251565e-16
