,square,rectangle,parallelogram,losange,isoTrapezoid,kite,rightKite,rustedHinge,hinge,trapezoid,random
square,1.1102230246251565e-16,0.0048710682484410794,0.028051460418227037,0.030427107696773703,0.042116106989649515,0.02736858710559309,0.017629526284582364,0.014624904176261277,0.014414526725984311,0.01028636096402269,0.05728996344615933
rectangle,0.0048710682484410794,0.0,0.017643815899367588,0.022130439904667676,0.05242175238926572,0.027601511491976205,0.021701283515524916,0.01801244182574857,0.017595119179140695,0.016675171871934125,0.0667008892419253
parallelogram,0.028051460418227037,0.017643815899367588,0.0,0.003241831711316978,0.05271694068611188,0.04997953131928934,0.04828846577951251,0.03893043499527493,0.030735962847582954,0.025852854523490953,0.06439037714392959
losange,0.030427107696773703,0.022130439904667676,0.003241831711316978,0.0,0.05531080241164532,0.04892108517268123,0.05025431742909048,0.044111973164628115,0.03684187355238966,0.027827113264347503,0.06415682254999944
isoTrapezoid,0.042116106989649515,0.05242175238926572,0.05271694068611188,0.05531080241164532,0.0,0.07514559659257769,0.05233226410717484,0.050521033721368847,0.04170826822439,0.021446198211981238,0.007888268194435333
kite,0.02736858710559309,0.027601511491976205,0.04997953131928934,0.04892108517268123,0.07514559659257769,0.0,0.009729915181161397,0.06570279481526031,0.06809852409622108,0.04944291179349658,0.10037206039831048
rightKite,0.017629526284582364,0.021701283515524916,0.04828846577951251,0.05025431742909048,0.05233226410717484,0.009729915181161397,1.1102230246251565e-16,0.038295233932538864,0.04268994137559767,0.02895479617240826,0.072241137030163
rustedHinge,0.014624904176261277,0.01801244182574857,0.03893043499527493,0.044111973164628115,0.050521033721368847,0.06570279481526031,0.038295233932538864,0.0,0.0024090371250184983,0.014958231175494885,0.05975966577320113
hinge,0.014414526725984311,0.017595119179140695,0.030735962847582954,0.03684187355238966,0.04170826822439,0.06809852409622108,0.04268994137559767,0.0024090371250184983,0.0,0.011107617602598485,0.05062141743353399
trapezoid,0.01028636096402269,0.016675171871934125,0.025852854523490953,0.027827113264347503,0.021446198211981238,0.04944291179349658,0.02895479617240826,0.014958231175494885,0.011107617602598485,0.0,0.029730079279080446
random,0.05728996344615933,0.0667008892419253,0.06439037714392959,0.06415682254999944,0.007888268194435333,0.10037206039831048,0.072241137030163,0.05975966577320113,0.05062141743353399,0.029730079279080446,0.0
