,square,rectangle,parallelogram,losange,isoTrapezoid,kite,rightKite,rustedHinge,hinge,trapezoid,random
square,1.1102230246251565e-16,0.06777216703600453,0.10148893525911062,0.14591440569524095,0.043275655106683186,0.030783445917216157,0.021979271426180613,0.0769295129340557,0.07216205761933703,0.04935755053359325,0.09601366458971472
rectangle,0.06777216703600453,0.0,0.04251146613476986,0.09383203851010857,0.13473096231912474,0.08366343606486082,0.07888091490928295,0.04803568055021479,0.030057986698539874,0.08480541808873154,0.13910036720509822
parallelogram,0.10148893525911062,0.04251146613476986,0.0,0.04627110820429803,0.1425714817992394,0.11806269831319571,0.09829217639312948,0.07059870511735278,0.05142922019533003,0.07652654435233175,0.12424026290109746
losange,0.14591440569524095,0.09383203851010857,0.04627110820429803,0.0,0.15565231355489995,0.1519440333916794,0.13775406500943155,0.08502027286415181,0.07774917267329695,0.08495526386405305,0.09050441414935617
isoTrapezoid,0.043275655106683186,0.13473096231912474,0.1425714817992394,0.15565231355489995,0.0,0.04821109027374115,0.04309860903244345,0.12990476537888163,0.13130602245019107,0.057330628503680536,0.08410529376589804
kite,0.030783445917216157,0.08366343606486082,0.11806269831319571,0.1519440333916794,0.04821109027374115,0.0,0.02327316968155191,0.10778145099901704,0.1051488002685722,0.0796805751446319,0.11880105961357634
rightKite,0.021979271426180613,0.07888091490928295,0.09829217639312948,0.13775406500943155,0.04309860903244345,0.02327316968155191,1.1102230246251565e-16,0.09665599070123354,0.09227602005723368,0.04842295573749533,0.10608370384953536
rustedHinge,0.0769295129340557,0.04803568055021479,0.07059870511735278,0.08502027286415181,0.12990476537888163,0.10778145099901704,0.09665599070123354,0.0,0.007899281778230738,0.08702421967772256,0.10771444489996573
hinge,0.07216205761933703,0.030057986698539874,0.05142922019533003,0.07774917267329695,0.13130602245019107,0.1051488002685722,0.09227602005723368,0.007899281778230738,0.0,0.0796467887317378,0.1102464340688365
trapezoid,0.04935755053359325,0.08480541808873154,0.07652654435233175,0.08495526386405305,0.057330628503680536,0.0796805751446319,0.04842295573749533,0.08702421967772256,0.0796467887317378,0.0,0.047476791399584495
random,0.09601366458971472,0.13910036720509822,0.12424026290109746,0.09050441414935617,0.08410529376589804,0.11880105961357634,0.10608370384953536,0.10771444489996573,0.1102464340688365,0.047476791399584495,0.0
