,square,rectangle,parallelogram,losange,isoTrapezoid,kite,rightKite,rustedHinge,hinge,trapezoid,random
square,0.0,0.05224665999999578,0.14106741289564317,0.22467064395090142,0.2319978329100436,0.18796176698139033,0.20170415139092523,0.26089746250569246,0.2239678034646706,0.19596466986904604,0.31235572088347074
rectangle,0.05224665999999578,0.0,0.0981125242012798,0.20484927932450214,0.2751349325610666,0.2071126664070747,0.22440524091273828,0.237579483685316,0.19038938479546752,0.21539638573357878,0.33263213492237853
parallelogram,0.14106741289564317,0.0981125242012798,0.0,0.05390380520380211,0.23982025215157765,0.20369469697664033,0.20887716494053055,0.21732922627494478,0.1813093620716698,0.1528173394342608,0.253756224873426
losange,0.22467064395090142,0.20484927932450214,0.05390380520380211,2.220446049250313e-16,0.24706711870832299,0.23313382416811035,0.23262387072224489,0.24342000008400866,0.22381852055672702,0.1511028477998283,0.21565241841065075
isoTrapezoid,0.2319978329100436,0.2751349325610666,0.23982025215157765,0.24706711870832299,2.220446049250313e-16,0.08529285989185409,0.0672045889656655,0.1858155139196611,0.19336162230271325,0.06511154629054983,0.11942241802635856
kite,0.18796176698139033,0.2071126664070747,0.20369469697664033,0.23313382416811035,0.08529285989185409,0.0,0.02931720928255499,0.1533837525891053,0.14259782650956032,0.10274483368382004,0.15265795754149203
rightKite,0.20170415139092523,0.22440524091273828,0.20887716494053055,0.23262387072224489,0.0672045889656655,0.02931720928255499,0.0,0.13974519363276716,0.13663904780571523,0.07213443777785922,0.133542405543997
rustedHinge,0.26089746250569246,0.237579483685316,0.21732922627494478,0.24342000008400866,0.1858155139196611,0.1533837525891053,0.13974519363276716,1.1102230246251565e-16,0.020201633369834715,0.1691355729113534,0.16988030651985409
hinge,0.2239678034646706,0.19038938479546752,0.1813093620716698,0.22381852055672702,0.19336162230271325,0.14259782650956032,0.13663904780571523,0.020201633369834715,0.0,0.15993473051734464,0.16786559570309145
trapezoid,0.19596466986904604,0.21539638573357878,0.1528173394342608,0.1511028477998283,0.06511154629054983,0.10274483368382004,0.07213443777785922,0.1691355729113534,0.15993473051734464,2.220446049250313e-16,0.08155111193935105
random,0.31235572088347074,0.33263213492237853,0.253756224873426,0.21565241841065075,0.11942241802635856,0.15265795754149203,0.133542405543997,0.16988030651985409,0.16786559570309145,0.08155111193935105,2.220446049250313e-16
