,square,rectangle,parallelogram,losange,isoTrapezoid,kite,rightKite,rustedHinge,hinge,trapezoid,random
square,0.0,0.005833103228831571,0.030774521505310237,0.03476322926687836,0.04668474357646735,0.030439505541276612,0.021014116910807457,0.019123760842701842,0.018026189154320416,0.01345815942891404,0.06339382587181308
rectangle,0.005833103228831571,0.0,0.01966058744701127,0.026279033349368985,0.05746017895774724,0.030800738731259325,0.025210566877539975,0.021962371809251535,0.0204765715098002,0.02008454745297661,0.07277535429222237
parallelogram,0.030774521505310237,0.01966058744701127,0.0,0.004512417828572701,0.05733141435336908,0.053624071121043726,0.05225177041498941,0.043245196108176676,0.03401664961244644,0.02871077117587373,0.0696355674619491
losange,0.03476322926687836,0.026279033349368985,0.004512417828572701,0.0,0.06021026102908289,0.053306666179096185,0.054883065311541857,0.04900971188939285,0.04107017241458377,0.030796585439565538,0.06877453611972728
isoTrapezoid,0.04668474357646735,0.05746017895774724,0.05733141435336908,0.06021026102908289,1.1102230246251565e-16,0.07728384372682229,0.05391540606106715,0.05446037837244588,0.045577213192417365,0.02276210770282916,0.010245743295279386
kite,0.030439505541276612,0.030800738731259325,0.053624071121043726,0.053306666179096185,0.07728384372682229,0.0,0.010188171782815947,0.06813146290355354,0.07004898745997723,0.0511146498361742,0.10363655140839012
rightKite,0.021014116910807457,0.025210566877539975,0.05225177041498941,0.054883065311541857,0.05391540606106715,0.010188171782815947,0.0,0.04052869221342126,0.04468373262525205,0.0302730671669017,0.07512362391231708
rustedHinge,0.019123760842701842,0.021962371809251535,0.043245196108176676,0.04900971188939285,0.05446037837244588,0.06813146290355354,0.04052869221342126,0.0,0.0027931202093530727,0.017943181884186865,0.06356333456972274
hinge,0.018026189154320416,0.0204765715098002,0.03401664961244644,0.04107017241458377,0.045577213192417365,0.07004898745997723,0.04468373262525205,0.0027931202093530727,1.1102230246251565e-16,0.013825887755775201,0.05433305823767942
trapezoid,0.01345815942891404,0.02008454745297661,0.02871077117587373,0.030796585439565538,0.02276210770282916,0.0511146498361742,0.0302730671669017,0.017943181884186865,0.013825887755775201,0.0,0.03185124661625682
random,0.06339382587181308,0.07277535429222237,0.0696355674619491,0.06877453611972728,0.010245743295279386,0.10363655140839012,0.07512362391231708,0.06356333456972274,0.05433305823767942,0.03185124661625682,0.0
