,square,rectangle,parallelogram,losange,isoTrapezoid,kite,rightKite,rustedHinge,hinge,trapezoid,random
square,0.0,0.0058457207980840975,0.030748005633193465,0.0344621622009863,0.04642678084223595,0.030468359218609686,0.02094609565129124,0.019029467520339405,0.018004503976145614,0.013247940089066823,0.06294815520396302
rectangle,0.0058457207980840975,0.0,0.019515113881987567,0.025701132225816825,0.056820700945398483,0.030568808083957122,0.024872498825248113,0.02169667493500904,0.02034371017356218,0.019640583987871163,0.0718912924571008
parallelogram,0.030748005633193465,0.019515113881987567,0.0,0.004412720113427859,0.05678397402497104,0.05341102761614558,0.051912232223490506,0.04301671633921467,0.03389852733115717,0.028447792120239734,0.06894635979367802
losange,0.0344621622009863,0.025701132225816825,0.004412720113427859,0.0,0.05976705566086615,0.05288529314792867,0.054428543638377236,0.04862469983055984,0.040736169113721354,0.030627538880714122,0.06833812626963398
isoTrapezoid,0.04642678084223595,0.056820700945398483,0.05678397402497104,0.05976705566086615,0.0,0.0773236374598073,0.0538777469531313,0.05401605538259613,0.0450404087270333,0.022744871942862344,0.010086123180462092
kite,0.030468359218609686,0.030568808083957122,0.05341102761614558,0.05288529314792867,0.0773236374598073,0.0,0.0102480252866195,0.06814804712358336,0.07010565230817578,0.05110394879169222,0.10341718814347567
rightKite,0.02094609565129124,0.024872498825248113,0.051912232223490506,0.054428543638377236,0.0538777469531313,0.0102480252866195,1.1102230246251565e-16,0.04041305586993349,0.04455105105591772,0.030203716743864906,0.07485288376133059
rustedHinge,0.019029467520339405,0.02169667493500904,0.04301671633921467,0.04862469983055984,0.05401605538259613,0.06814804712358336,0.04041305586993349,0.0,0.002764376251426559,0.017697710858115223,0.06305178376444776
hinge,0.018004503976145614,0.02034371017356218,0.03389852733115717,0.040736169113721354,0.0450404087270333,0.07010565230817578,0.04455105105591772,0.002764376251426559,0.0,0.013556742323282966,0.05379798310999728
trapezoid,0.013247940089066823,0.019640583987871163,0.028447792120239734,0.030627538880714122,0.022744871942862344,0.05110394879169222,0.030203716743864906,0.017697710858115223,0.013556742323282966,1.1102230246251565e-16,0.031724072714121476
random,0.06294815520396302,0.0718912924571008,0.06894635979367802,0.06833812626963398,0.010086123180462092,0.10341718814347567,0.07485288376133059,0.06305178376444776,0.05379798310999728,0.031724072714121476,0.0
