,square,rectangle,parallelogram,losange,isoTrapezoid,kite,rightKite,rustedHinge,hinge,trapezoid,random
square,0.0,0.06658180179582474,0.17179155055114814,0.1839532510132028,0.20526776017716175,0.19499319500924106,0.18731731767434345,0.21095158106738243,0.1926673760369242,0.1807548383494555,0.22162011077720867
rectangle,0.06658180179582474,0.0,0.15185791685067174,0.17811838322460782,0.19558894385357273,0.18781976312980342,0.18080045798726985,0.1918429543838508,0.1708171769028516,0.16009958158456472,0.21260305545223168
parallelogram,0.17179155055114814,0.15185791685067174,0.0,0.018040435007558142,0.109801013942183,0.09521431829899274,0.10379467935760578,0.12198679487170871,0.10956898573614493,0.04635979275268609,0.0998265511559383
losange,0.1839532510132028,0.17811838322460782,0.018040435007558142,2.220446049250313e-16,0.108849243371271,0.09525114313209304,0.10572228831532526,0.11767000544524775,0.11386142452127823,0.055872656871346016,0.0891789813980538
isoTrapezoid,0.20526776017716175,0.19558894385357273,0.109801013942183,0.108849243371271,0.0,0.0434485844849668,0.03972013104648353,0.07303102611578438,0.07650663018076964,0.04738392478379405,0.050507701179107634
kite,0.19499319500924106,0.18781976312980342,0.09521431829899274,0.09525114313209304,0.0434485844849668,2.220446049250313e-16,0.01137601901116958,0.053787846287277175,0.045378584157706015,0.04926903398120208,0.03488071094694489
rightKite,0.18731731767434345,0.18080045798726985,0.10379467935760578,0.10572228831532526,0.03972013104648353,0.01137601901116958,0.0,0.05066597787025062,0.04312933745027592,0.05094219548118639,0.04366719232987992
rustedHinge,0.21095158106738243,0.1918429543838508,0.12198679487170871,0.11767000544524775,0.07303102611578438,0.053787846287277175,0.05066597787025062,0.0,0.015469485340995015,0.08531559914899345,0.05627202035702705
hinge,0.1926673760369242,0.1708171769028516,0.10956898573614493,0.11386142452127823,0.07650663018076964,0.045378584157706015,0.04312933745027592,0.015469485340995015,0.0,0.07878339798860456,0.056787959601371396
trapezoid,0.1807548383494555,0.16009958158456472,0.04635979275268609,0.055872656871346016,0.04738392478379405,0.04926903398120208,0.05094219548118639,0.08531559914899345,0.07878339798860456,0.0,0.04416565556878904
random,0.22162011077720867,0.21260305545223168,0.0998265511559383,0.0891789813980538,0.050507701179107634,0.03488071094694489,0.04366719232987992,0.05627202035702705,0.056787959601371396,0.04416565556878904,2.220446049250313e-16
