,square,rectangle,parallelogram,losange,isoTrapezoid,kite,rightKite,rustedHinge,hinge,trapezoid,random
square,0.0,0.08151393508037419,0.24532079276437158,0.3966937170871845,0.27127448036142376,0.12822228568063476,0.14095354465452403,0.2904158860133871,0.21929762633009942,0.22881765575867985,0.35109347974141736
rectangle,0.08151393508037419,2.220446049250313e-16,0.180310354033701,0.3885600286583254,0.35774439362353905,0.1862684160883742,0.20017400424004805,0.26346012998022894,0.1743727649209057,0.28630956973651844,0.41576860090544754
parallelogram,0.24532079276437158,0.180310354033701,1.1102230246251565e-16,0.15998615604634647,0.34239554063246014,0.25428492186471996,0.22468913084298314,0.2678009430819618,0.2086553626391805,0.18125403089814995,0.30680812825548
losange,0.3966937170871845,0.3885600286583254,0.15998615604634647,0.0,0.3803425375630942,0.3590650527516568,0.33143937321651396,0.3601420466395472,0.3529130179486357,0.19987750678447824,0.25219494423275113
isoTrapezoid,0.27127448036142376,0.35774439362353905,0.34239554063246014,0.3803425375630942,0.0,0.1757376581868434,0.1341514111739408,0.3454005884372714,0.3400058351410574,0.13273794795729577,0.16349537505194867
kite,0.12822228568063476,0.1862684160883742,0.25428492186471996,0.3590650527516568,0.1757376581868434,0.0,0.05645694091044173,0.2669172350399952,0.2298410705903281,0.2145021985717258,0.29080505090325925
rightKite,0.14095354465452403,0.20017400424004805,0.22468913084298314,0.33143937321651396,0.1341514111739408,0.05645694091044173,2.220446049250313e-16,0.2608958121205722,0.23036686130976036,0.1297458696342496,0.23921481159807134
rustedHinge,0.2904158860133871,0.26346012998022894,0.2678009430819618,0.3601420466395472,0.3454005884372714,0.2669172350399952,0.2608958121205722,0.0,0.029781511912057135,0.3071974703027879,0.29856124317587285
hinge,0.21929762633009942,0.1743727649209057,0.2086553626391805,0.3529130179486357,0.3400058351410574,0.2298410705903281,0.23036686130976036,0.029781511912057135,0.0,0.2861826790590911,0.31237003255035956
trapezoid,0.22881765575867985,0.28630956973651844,0.18125403089814995,0.19987750678447824,0.13273794795729577,0.2145021985717258,0.1297458696342496,0.3071974703027879,0.2861826790590911,0.0,0.10738862132785909
random,0.35109347974141736,0.41576860090544754,0.30680812825548,0.25219494423275113,0.16349537505194867,0.29080505090325925,0.23921481159807134,0.29856124317587285,0.31237003255035956,0.10738862132785909,0.0
