,square,rectangle,parallelogram,losange,isoTrapezoid,kite,rightKite,rustedHinge,hinge,trapezoid,random
square,2.220446049250313e-16,0.015600355934438204,0.029706211555962203,0.039336476792207975,0.020257684762944095,0.010300021633114387,0.00821138055821058,0.020089181338438955,0.016666111831884267,0.013830555024398672,0.035509607049243774
rectangle,0.015600355934438204,0.0,0.0099379751401103,0.026718621352108785,0.05637185034047676,0.029173763387486007,0.030178136438195335,0.02674037731861867,0.014615953162781414,0.029039081152879342,0.06658086594047918
parallelogram,0.029706211555962203,0.0099379751401103,0.0,0.010457887377784636,0.06900516414198576,0.04739693939021994,0.042761002604684295,0.034805630666115306,0.020454555691310383,0.025794461006015568,0.06049695903565855
losange,0.039336476792207975,0.026718621352108785,0.010457887377784636,0.0,0.07006362811822486,0.056802302640466706,0.04951275627831797,0.03777827275169732,0.028345695106105184,0.023381992069149593,0.044716989849619804
isoTrapezoid,0.020257684762944095,0.05637185034047676,0.06900516414198576,0.07006362811822486,0.0,0.012698814731834651,0.013826313989383388,0.04798257473575929,0.04893341385598393,0.01934072412988863,0.022066006164859986
kite,0.010300021633114387,0.029173763387486007,0.04739693939021994,0.056802302640466706,0.012698814731834651,2.220446049250313e-16,0.0048501625613537325,0.03925354112320856,0.03656664180630853,0.023124464863894523,0.04428552509489969
rightKite,0.00821138055821058,0.030178136438195335,0.042761002604684295,0.04951275627831797,0.013826313989383388,0.0048501625613537325,0.0,0.0409760781191838,0.038019221958186744,0.014931308961326883,0.0363649359688607
rustedHinge,0.020089181338438955,0.02674037731861867,0.034805630666115306,0.03777827275169732,0.04798257473575929,0.03925354112320856,0.0409760781191838,0.0,0.0034200287170730315,0.031056955671941444,0.04484190177420444
hinge,0.016666111831884267,0.014615953162781414,0.020454555691310383,0.028345695106105184,0.04893341385598393,0.03656664180630853,0.038019221958186744,0.0034200287170730315,0.0,0.02585306585011382,0.04570289964090124
trapezoid,0.013830555024398672,0.029039081152879342,0.025794461006015568,0.023381992069149593,0.01934072412988863,0.023124464863894523,0.014931308961326883,0.031056955671941444,0.02585306585011382,2.220446049250313e-16,0.012518473997608859
random,0.035509607049243774,0.06658086594047918,0.06049695903565855,0.044716989849619804,0.022066006164859986,0.04428552509489969,0.0363649359688607,0.04484190177420444,0.04570289964090124,0.012518473997608859,0.0
