,square,rectangle,parallelogram,losange,isoTrapezoid,kite,rightKite,rustedHinge,hinge,trapezoid,random
square,0.0,730.9777256549404,971.3232962269681,1157.3339340504333,568.5290756751867,511.49870543319554,403.68079924050426,783.398241542388,758.8099818364992,640.5207488064337,911.7717337005657
rectangle,730.9777256549404,0.0,555.5470305227619,874.6395911023259,1010.7450175769039,818.8317609410327,780.1979487553117,645.7740871529455,508.9784174223663,802.173863380055,1060.8680804640842
parallelogram,971.3232962269681,555.5470305227619,0.0,538.328638455507,1109.3310458138437,1025.0717402440437,951.2209522987226,733.4196726380372,605.337923602383,777.054942237513,981.0048355650498
losange,1157.3339340504333,874.6395911023259,538.328638455507,0.0,1174.075853967449,1158.8768270519827,1105.5178411596899,826.3357413203877,775.62019101724,842.0667798005705,826.2784962207826
isoTrapezoid,568.5290756751867,1010.7450175769039,1109.3310458138437,1174.075853967449,0.0,613.2137682638235,540.0193387991706,974.6896829884928,988.3084254680671,665.9821371057376,817.0815444180439
kite,511.49870543319554,818.8317609410327,1025.0717402440437,1158.8768270519827,613.2137682638235,0.0,418.8459875761503,933.9557413674773,927.1723868277968,846.4574622335207,1028.2407468753713
rightKite,403.68079924050426,780.1979487553117,951.2209522987226,1105.5178411596899,540.0193387991706,418.8459875761503,0.0,876.9776801297435,856.6927985638299,643.308882434754,949.2398618425688
rustedHinge,783.398241542388,645.7740871529455,733.4196726380372,826.3357413203877,974.6896829884928,933.9557413674773,876.9776801297435,0.0,233.65014119407604,785.5816919013225,865.0437994143358
hinge,758.8099818364992,508.9784174223663,605.337923602383,775.62019101724,988.3084254680671,927.1723868277968,856.6927985638299,233.65014119407604,0.0,745.2126572402942,883.9211008132867
trapezoid,640.5207488064337,802.173863380055,777.054942237513,842.0667798005705,665.9821371057376,846.4574622335207,643.308882434754,785.5816919013225,745.2126572402942,0.0,552.5918956334632
random,911.7717337005657,1060.8680804640842,981.0048355650498,826.2784962207826,817.0815444180439,1028.2407468753713,949.2398618425688,865.0437994143358,883.9211008132867,552.5918956334632,0.0
