,square,rectangle,parallelogram,losange,isoTrapezoid,kite,rightKite,rustedHinge,hinge,trapezoid,random
square,0.0,180.2027281005226,217.63888402813063,262.6410243530693,135.25098827025982,112.19802101777005,94.32676139654123,185.21899449860058,180.62311166541124,145.90513966423597,201.33896956186481
rectangle,180.2027281005226,0.0,133.38290337796323,195.70541733160903,231.97509366950956,191.2509731309672,187.43470598227697,138.88158532716733,110.65950621839012,191.59780595418755,231.33950632034134
parallelogram,217.63888402813063,133.38290337796323,0.0,141.1834994162505,242.25545600953484,225.54613279891225,211.22784056366075,169.81841775046095,146.4922460282957,192.93329698392134,229.1862907615757
losange,262.6410243530693,195.70541733160903,141.1834994162505,0.0,258.6008033909919,258.3687681032017,253.46928086662743,187.06263836870346,180.95646907073694,212.10386696034732,204.42614079184042
isoTrapezoid,135.25098827025982,231.97509366950956,242.25545600953484,258.6008033909919,0.0,141.3063508609653,134.79425053374794,225.73642420086225,226.96805684010553,155.0087133642197,186.79072115807364
kite,112.19802101777005,191.2509731309672,225.54613279891225,258.3687681032017,141.3063508609653,0.0,98.15491075188503,208.76236785586738,206.69194124628999,180.36969389401312,216.18397308651495
rightKite,94.32676139654123,187.43470598227697,211.22784056366075,253.46928086662743,134.79425053374794,98.15491075188503,0.0,198.60480623125963,194.49189513253808,144.48993548189267,210.3976815704721
rustedHinge,185.21899449860058,138.88158532716733,169.81841775046095,187.06263836870346,225.73642420086225,208.76236785586738,198.60480623125963,0.0,56.98591182660359,190.9117325557227,203.81781987844474
hinge,180.62311166541124,110.65950621839012,146.4922460282957,180.95646907073694,226.96805684010553,206.69194124628999,194.49189513253808,56.98591182660359,0.0,185.0289280344558,208.2913918809954
trapezoid,145.90513966423597,191.59780595418755,192.93329698392134,212.10386696034732,155.0087133642197,180.36969389401312,144.48993548189267,190.9117325557227,185.0289280344558,0.0,148.1996426932098
random,201.33896956186481,231.33950632034134,229.1862907615757,204.42614079184042,186.79072115807364,216.18397308651495,210.3976815704721,203.81781987844474,208.2913918809954,148.1996426932098,0.0
