,square,rectangle,parallelogram,losange,isoTrapezoid,kite,rightKite,rustedHinge,hinge,trapezoid,random
square,0.0,0.01913856194261765,0.05014485760894527,0.06635825995634426,0.055080655226732,0.05227735838146741,0.0443005960174393,0.06705807134609088,0.05993009388258963,0.05393164095295622,0.07885410335089549
rectangle,0.01913856194261765,0.0,0.040517841644446384,0.06119912762889601,0.06115313703993053,0.05713673519109075,0.050352042312484246,0.05957882880267695,0.04923950065835758,0.055138889500670474,0.07931113537653522
parallelogram,0.05014485760894527,0.040517841644446384,0.0,0.017056274001051808,0.07209482896306929,0.06110067525427465,0.0584727856969367,0.062141304502361216,0.05438677962231531,0.04258200489127817,0.06466083280030521
losange,0.06635825995634426,0.06119912762889601,0.017056274001051808,0.0,0.08318079318819105,0.07423875916113976,0.07233788360382942,0.07391632157933548,0.06949016897701554,0.047319887525114845,0.06008750629538906
isoTrapezoid,0.055080655226732,0.06115313703993053,0.07209482896306929,0.08318079318819105,0.0,0.041215765741200894,0.03534124288456941,0.05528733236412631,0.053483049444040476,0.032585592399439256,0.050847362026440024
kite,0.05227735838146741,0.05713673519109075,0.06110067525427465,0.07423875916113976,0.041215765741200894,1.1102230246251565e-16,0.01234673068078651,0.049383425846104556,0.04300328915992313,0.04302033150267437,0.052719453215361645
rightKite,0.0443005960174393,0.050352042312484246,0.0584727856969367,0.07233788360382942,0.03534124288456941,0.01234673068078651,0.0,0.04348556809942239,0.03865295883235098,0.034532577928135355,0.04904202911708844
rustedHinge,0.06705807134609088,0.05957882880267695,0.062141304502361216,0.07391632157933548,0.05528733236412631,0.049383425846104556,0.04348556809942239,1.1102230246251565e-16,0.00741072202764903,0.04802048507758627,0.04839600115636389
hinge,0.05993009388258963,0.04923950065835758,0.05438677962231531,0.06949016897701554,0.053483049444040476,0.04300328915992313,0.03865295883235098,0.00741072202764903,1.1102230246251565e-16,0.04257031474647288,0.04498144980014207
trapezoid,0.05393164095295622,0.055138889500670474,0.04258200489127817,0.047319887525114845,0.032585592399439256,0.04302033150267437,0.034532577928135355,0.04802048507758627,0.04257031474647288,0.0,0.025650061195151896
random,0.07885410335089549,0.07931113537653522,0.06466083280030521,0.06008750629538906,0.050847362026440024,0.052719453215361645,0.04904202911708844,0.04839600115636389,0.04498144980014207,0.025650061195151896,0.0
