,square,rectangle,parallelogram,losange,isoTrapezoid,kite,rightKite,rustedHinge,hinge,trapezoid,random
square,0.0,0.016744604561786725,0.04300294788499348,0.057318294562450745,0.05229698904202751,0.0418071836504893,0.0356771304466017,0.05623527995703115,0.04751749705022634,0.045668583406123675,0.06597935600466087
rectangle,0.016744604561786725,0.0,0.03525635783934433,0.05406691574298328,0.05865373299896259,0.047045498052338375,0.04131938736512497,0.05200784951107795,0.04021825326847139,0.0484759448007005,0.06894719970046326
parallelogram,0.04300294788499348,0.03525635783934433,0.0,0.014180473182663689,0.06065800591973236,0.04585296968619468,0.04176176085668504,0.046890465244693424,0.0387319681093089,0.03170793347027023,0.051059760096540674
losange,0.057318294562450745,0.05406691574298328,0.014180473182663689,0.0,0.07150070156705579,0.05850917714426074,0.05336826542357953,0.05806362035693602,0.05264097582326377,0.03632278110613163,0.048470205914812436
isoTrapezoid,0.05229698904202751,0.05865373299896259,0.06065800591973236,0.07150070156705579,0.0,0.03357542705468397,0.02986243610846695,0.05007344772528455,0.04639377927732935,0.03179774544761094,0.044859565206023855
kite,0.0418071836504893,0.047045498052338375,0.04585296968619468,0.05850917714426074,0.03357542705468397,0.0,0.009764350628640672,0.04035628136162506,0.03447850641687855,0.03472698107661232,0.044756046979752995
rightKite,0.0356771304466017,0.04131938736512497,0.04176176085668504,0.05336826542357953,0.02986243610846695,0.009764350628640672,0.0,0.03603727662456069,0.030934583863717724,0.027640303913784026,0.03993991675470143
rustedHinge,0.05623527995703115,0.05200784951107795,0.046890465244693424,0.05806362035693602,0.05007344772528455,0.04035628136162506,0.03603727662456069,0.0,0.007660563694000144,0.04127877996435736,0.04240363088635524
hinge,0.04751749705022634,0.04021825326847139,0.0387319681093089,0.05264097582326377,0.04639377927732935,0.03447850641687855,0.030934583863717724,0.007660563694000144,0.0,0.0349636968110707,0.038735112840358465
trapezoid,0.045668583406123675,0.0484759448007005,0.03170793347027023,0.03632278110613163,0.03179774544761094,0.03472698107661232,0.027640303913784026,0.04127877996435736,0.0349636968110707,1.1102230246251565e-16,0.022283694448360314
random,0.06597935600466087,0.06894719970046326,0.051059760096540674,0.048470205914812436,0.044859565206023855,0.044756046979752995,0.03993991675470143,0.04240363088635524,0.038735112840358465,0.022283694448360314,1.1102230246251565e-16
