,square,rectangle,parallelogram,losange,isoTrapezoid,kite,rightKite,rustedHinge,hinge,trapezoid,random
square,0.0,0.0005425121106003017,0.0010792395188269355,0.0016438393039255317,0.0004059386033755663,0.0003472636696809639,0.0002573549747236781,0.0007415273687646495,0.0006605284658053323,0.0005291450763157401,0.0010207642046055065
rectangle,0.0005425121106003017,0.0,0.00044253121923032435,0.0010940931257726882,0.0012425447313145765,0.0007800900047451043,0.0007284472796401653,0.0005790330738063565,0.0003695740568887551,0.0008061430982888584,0.0015128162345996454
parallelogram,0.0010792395188269355,0.00044253121923032435,1.1102230246251565e-16,0.00040380742342804865,0.0015538511447121817,0.0013471039070999113,0.001090601168594274,0.0008585236941250907,0.0006032047889915626,0.0006712247311109198,0.0012789347719280864
losange,0.0016438393039255317,0.0010940931257726882,0.00040380742342804865,0.0,0.0018378162121218677,0.0018213375367456264,0.0015689019437723495,0.0011277473999136145,0.0009747087051075187,0.0007956160095915488,0.0009695932119292427
isoTrapezoid,0.0004059386033755663,0.0012425447313145765,0.0015538511447121817,0.0018378162121218677,1.1102230246251565e-16,0.00045331059036335386,0.0003886410528195494,0.0012926502858410238,0.0012601628891544259,0.0005677120130134217,0.0008177810735104929
kite,0.0003472636696809639,0.0007800900047451043,0.0013471039070999113,0.0018213375367456264,0.00045331059036335386,0.0,0.0002253541852004215,0.0011584877228661972,0.0011024424752491546,0.0009262223373677214,0.0013740361053746764
rightKite,0.0002573549747236781,0.0007284472796401653,0.001090601168594274,0.0015689019437723495,0.0003886410528195494,0.0002253541852004215,0.0,0.0010629972472752103,0.0009795120803982593,0.0005170710410753454,0.001110058964401306
rustedHinge,0.0007415273687646495,0.0005790330738063565,0.0008585236941250907,0.0011277473999136145,0.0012926502858410238,0.0011584877228661972,0.0010629972472752103,1.1102230246251565e-16,7.838334275300785e-05,0.0009014905920321503,0.0011207473668543022
hinge,0.0006605284658053323,0.0003695740568887551,0.0006032047889915626,0.0009747087051075187,0.0012601628891544259,0.0011024424752491546,0.0009795120803982593,7.838334275300785e-05,0.0,0.0007758821867596133,0.0011027375748180468
trapezoid,0.0005291450763157401,0.0008061430982888584,0.0006712247311109198,0.0007956160095915488,0.0005677120130134217,0.0009262223373677214,0.0005170710410753454,0.0009014905920321503,0.0007758821867596133,1.1102230246251565e-16,0.0003724256110143598
random,0.0010207642046055065,0.0015128162345996454,0.0012789347719280864,0.0009695932119292427,0.0008177810735104929,0.0013740361053746764,0.001110058964401306,0.0011207473668543022,0.0011027375748180468,0.0003724256110143598,0.0
