,square,rectangle,parallelogram,losange,isoTrapezoid,kite,rightKite,rustedHinge,hinge,trapezoid,random
square,2.220446049250313e-16,0.0042412331492942545,0.01355504340993674,0.018132603770311784,0.010931977809806703,0.014407943531180467,0.011860295792941344,0.016440146977420578,0.01457855804185415,0.012946336582564388,0.02106689783676896
rectangle,0.0042412331492942545,2.220446049250313e-16,0.0095502708814722,0.015042736954608893,0.015152056498306532,0.01650620935789604,0.014419010105978014,0.014777156767446065,0.012092479226981423,0.014152352562173287,0.022959108734005973
parallelogram,0.01355504340993674,0.0095502708814722,0.0,0.004846409337327384,0.0177581060763633,0.019954332747026404,0.01789266843954096,0.016471010631404326,0.014003432566570329,0.010959815001431839,0.019165954507417204
losange,0.018132603770311784,0.015042736954608893,0.004846409337327384,0.0,0.02077677077719653,0.0237806458834271,0.021807853325804816,0.019217985842757468,0.01758541749549858,0.012270829635848024,0.017050539417693633
isoTrapezoid,0.010931977809806703,0.015152056498306532,0.0177581060763633,0.02077677077719653,0.0,0.00977129070749716,0.008038481180196233,0.016362431999083826,0.015956086086193033,0.007270214800298991,0.013498707795959852
kite,0.014407943531180467,0.01650620935789604,0.019954332747026404,0.0237806458834271,0.00977129070749716,0.0,0.003640712599937701,0.015681794459511345,0.014363449887481616,0.013408709653870976,0.01633790757643072
rightKite,0.011860295792941344,0.014419010105978014,0.01789266843954096,0.021807853325804816,0.008038481180196233,0.003640712599937701,0.0,0.013904168442817832,0.012852290425775181,0.009478355158335838,0.014339626233988656
rustedHinge,0.016440146977420578,0.014777156767446065,0.016471010631404326,0.019217985842757468,0.016362431999083826,0.015681794459511345,0.013904168442817832,0.0,0.001607764594052985,0.01387381216571626,0.014264600919114745
hinge,0.01457855804185415,0.012092479226981423,0.014003432566570329,0.01758541749549858,0.015956086086193033,0.014363449887481616,0.012852290425775181,0.001607764594052985,0.0,0.012408100640964204,0.013236711185423022
trapezoid,0.012946336582564388,0.014152352562173287,0.010959815001431839,0.012270829635848024,0.007270214800298991,0.013408709653870976,0.009478355158335838,0.01387381216571626,0.012408100640964204,0.0,0.006932337021883117
random,0.02106689783676896,0.022959108734005973,0.019165954507417204,0.017050539417693633,0.013498707795959852,0.01633790757643072,0.014339626233988656,0.014264600919114745,0.013236711185423022,0.006932337021883117,2.220446049250313e-16
