,square,rectangle,parallelogram,losange,isoTrapezoid,kite,rightKite,rustedHinge,hinge,trapezoid,random
square,2.220446049250313e-16,0.0006396146237355183,0.0013023752884075979,0.002000211268622376,0.0004892370586484507,0.00043391947385806873,0.0003284237721844496,0.0009190934124285732,0.0008078104133578679,0.0006466608369253279,0.001250854292974779
rectangle,0.0006396146237355183,0.0,0.0005429255567656055,0.0013423780237618033,0.0014739871486608713,0.0009514994629734597,0.0008928347095463751,0.0007292561526937025,0.00046401089034942,0.0009720844211942303,0.0018378307276829542
parallelogram,0.0013023752884075979,0.0005429255567656055,2.220446049250313e-16,0.0004967761155696415,0.0018799810312285503,0.001657524123551024,0.0013437878786326518,0.0010732014531023015,0.0007532603835012086,0.0008142665093581192,0.0015703995493759892
losange,0.002000211268622376,0.0013423780237618033,0.0004967761155696415,0.0,0.0022545299958663945,0.002256362300434467,0.0019399508416662048,0.0014205899329583493,0.001225290178638705,0.0009736445102836999,0.001203498226890365
isoTrapezoid,0.0004892370586484507,0.0014739871486608713,0.0018799810312285503,0.0022545299958663945,0.0,0.0005354065216549575,0.0004666395156116554,0.0015837864399522728,0.0015334221554563765,0.0006897277670492308,0.001006933922011899
kite,0.00043391947385806873,0.0009514994629734597,0.001657524123551024,0.002256362300434467,0.0005354065216549575,0.0,0.000277848581376805,0.0014346331290596703,0.0013564195287772973,0.0011332120007587765,0.0016850628877809193
rightKite,0.0003284237721844496,0.0008928347095463751,0.0013437878786326518,0.0019399508416662048,0.0004666395156116554,0.000277848581376805,2.220446049250313e-16,0.001316505001765611,0.0012072164497648474,0.0006297883472039523,0.0013525014664717006
rustedHinge,0.0009190934124285732,0.0007292561526937025,0.0010732014531023015,0.0014205899329583493,0.0015837864399522728,0.0014346331290596703,0.001316505001765611,2.220446049250313e-16,9.907493966487824e-05,0.001121244641269059,0.0013884634219410996
hinge,0.0008078104133578679,0.00046401089034942,0.0007532603835012086,0.001225290178638705,0.0015334221554563765,0.0013564195287772973,0.0012072164497648474,9.907493966487824e-05,2.220446049250313e-16,0.0009577209108148077,0.0013547677175413941
trapezoid,0.0006466608369253279,0.0009720844211942303,0.0008142665093581192,0.0009736445102836999,0.0006897277670492308,0.0011332120007587765,0.0006297883472039523,0.001121244641269059,0.0009577209108148077,0.0,0.0004593266545577235
random,0.001250854292974779,0.0018378307276829542,0.0015703995493759892,0.001203498226890365,0.001006933922011899,0.0016850628877809193,0.0013525014664717006,0.0013884634219410996,0.0013547677175413941,0.0004593266545577235,0.0
