,square,rectangle,parallelogram,losange,isoTrapezoid,kite,rightKite,rustedHinge,hinge,trapezoid,random
square,0.0,0.016950338199738457,0.043384741665882465,0.056098368485144934,0.048526226003032136,0.04691535533120805,0.039552173112122224,0.059536879498100714,0.0536516973127793,0.04796108701326274,0.06956091988087187
rectangle,0.016950338199738457,2.220446049250313e-16,0.03447284212530899,0.05148982117688283,0.05378725641570892,0.05117458145507425,0.0451777515317513,0.052306483102375845,0.043852505643717454,0.0488982543691211,0.06958846454451861
parallelogram,0.043384741665882465,0.03447284212530899,2.220446049250313e-16,0.01481227571037691,0.0647362711614613,0.055712784334359,0.05347662439303802,0.056628653193579015,0.04981922307360587,0.03890042762140855,0.05873602638832709
losange,0.056098368485144934,0.05148982117688283,0.01481227571037691,0.0,0.07349293587379457,0.06626030135529914,0.06460148767518192,0.0659208442250876,0.06200359094096264,0.04214397142051041,0.053904662403669756
isoTrapezoid,0.048526226003032136,0.05378725641570892,0.0647362711614613,0.07349293587379457,0.0,0.036471482914504416,0.03095056284930986,0.04964246795407756,0.04840792690693907,0.0281060806020339,0.04497337448647376
kite,0.04691535533120805,0.05117458145507425,0.055712784334359,0.06626030135529914,0.036471482914504416,0.0,0.011083042205398352,0.04442288752724932,0.0393349673500446,0.03857546389661293,0.046834219364096374
rightKite,0.039552173112122224,0.0451777515317513,0.05347662439303802,0.06460148767518192,0.03095056284930986,0.011083042205398352,0.0,0.03884665236973506,0.035319881216090865,0.030658879257888905,0.0432778110237938
rustedHinge,0.059536879498100714,0.052306483102375845,0.056628653193579015,0.0659208442250876,0.04964246795407756,0.04442288752724932,0.03884665236973506,0.0,0.006091648751097134,0.042884652950314295,0.04268065958184908
hinge,0.0536516973127793,0.043852505643717454,0.04981922307360587,0.06200359094096264,0.04840792690693907,0.0393349673500446,0.035319881216090865,0.006091648751097134,0.0,0.03852655975953312,0.03991415587856051
trapezoid,0.04796108701326274,0.0488982543691211,0.03890042762140855,0.04214397142051041,0.0281060806020339,0.03857546389661293,0.030658879257888905,0.042884652950314295,0.03852655975953312,0.0,0.022347716170612597
random,0.06956091988087187,0.06958846454451861,0.05873602638832709,0.053904662403669756,0.04497337448647376,0.046834219364096374,0.0432778110237938,0.04268065958184908,0.03991415587856051,0.022347716170612597,2.220446049250313e-16
