,square,rectangle,parallelogram,losange,isoTrapezoid,kite,rightKite,rustedHinge,hinge,trapezoid,random
square,0.0,0.0932987604876726,0.12968500934535576,0.1910939929969402,0.04855486172102064,0.02824969000021782,0.02178853548416937,0.09742132440689621,0.09610701047660886,0.057003233016748034,0.11454630743149186
rectangle,0.0932987604876726,0.0,0.04396985031766454,0.10536240002894848,0.16335747763453323,0.09712124621882834,0.09801657293403943,0.05163009498913751,0.031886378648797065,0.09936158581046162,0.16292456795348864
parallelogram,0.12968500934535576,0.04396985031766454,2.220446049250313e-16,0.05408981913019539,0.17485039826310111,0.13443288031265732,0.11830903034327245,0.07087743639153388,0.05234321459694158,0.09945736753210155,0.15412986369781811
losange,0.1910939929969402,0.10536240002894848,0.05408981913019539,0.0,0.1969362011008432,0.18278248134549024,0.1740804460575136,0.08891172411784298,0.08353447653765012,0.11714580123744345,0.11410290522714561
isoTrapezoid,0.04855486172102064,0.16335747763453323,0.17485039826310111,0.1969362011008432,0.0,0.054823772467368914,0.04663099784326519,0.15048067750450345,0.15827050928429287,0.06770691947826302,0.09629641424718982
kite,0.02824969000021782,0.09712124621882834,0.13443288031265732,0.18278248134549024,0.054823772467368914,0.0,0.020500256450920018,0.11914592880662223,0.11814437432839064,0.08126032845935938,0.12874663594703506
rightKite,0.02178853548416937,0.09801657293403943,0.11830903034327245,0.1740804460575136,0.04663099784326519,0.020500256450920018,0.0,0.11030361474116035,0.10889350217853011,0.052382538601069006,0.12197097648205868
rustedHinge,0.09742132440689621,0.05163009498913751,0.07087743639153388,0.08891172411784298,0.15048067750450345,0.11914592880662223,0.11030361474116035,0.0,0.007907473598501746,0.0939934271141647,0.1207692231406412
hinge,0.09610701047660886,0.031886378648797065,0.05234321459694158,0.08353447653765012,0.15827050928429287,0.11814437432839064,0.10889350217853011,0.007907473598501746,0.0,0.09141032132025284,0.12855457781403368
trapezoid,0.057003233016748034,0.09936158581046162,0.09945736753210155,0.11714580123744345,0.06770691947826302,0.08126032845935938,0.052382538601069006,0.0939934271141647,0.09141032132025284,0.0,0.0556917713897741
random,0.11454630743149186,0.16292456795348864,0.15412986369781811,0.11410290522714561,0.09629641424718982,0.12874663594703506,0.12197097648205868,0.1207692231406412,0.12855457781403368,0.0556917713897741,0.0
