,square,rectangle,parallelogram,losange,isoTrapezoid,kite,rightKite,rustedHinge,hinge,trapezoid,random
square,0.0,0.010308164468888936,0.028920168015153958,0.036813468112419145,0.030579857418083556,0.033303269271006686,0.028840908433230283,0.04012779532441868,0.036139435934914976,0.03178197184992404,0.04666786743995621
rectangle,0.010308164468888936,1.1102230246251565e-16,0.021783570598629343,0.03236791578714027,0.035243483366573014,0.036224564555915495,0.032626807079792375,0.03507609995905259,0.029554814365054694,0.032755691892252026,0.04771525040949598
parallelogram,0.028920168015153958,0.021783570598629343,0.0,0.009597040412441915,0.04316306690020033,0.04050736815974465,0.038981992027143364,0.038707291371547825,0.03372250874716742,0.026215593774625123,0.04044698571344574
losange,0.036813468112419145,0.03236791578714027,0.009597040412441915,0.0,0.048921271131183164,0.04680716904802762,0.045822795108869774,0.04436308160186153,0.04127546835594731,0.028147234001401844,0.036558209668101416
isoTrapezoid,0.030579857418083556,0.035243483366573014,0.04316306690020033,0.048921271131183164,0.0,0.024888339260248915,0.02104988209535419,0.03514668977447777,0.03435382422914057,0.0180707928774112,0.03033780949950826
kite,0.033303269271006686,0.036224564555915495,0.04050736815974465,0.04680716904802762,0.024888339260248915,0.0,0.007863762279919695,0.03236862250761985,0.028844380546652393,0.027141086435902517,0.03235677775526391
rightKite,0.028840908433230283,0.032626807079792375,0.038981992027143364,0.045822795108869774,0.02104988209535419,0.007863762279919695,0.0,0.0283989146561201,0.025951609963954736,0.021192548315204784,0.02995467887574521
rustedHinge,0.04012779532441868,0.03507609995905259,0.038707291371547825,0.04436308160186153,0.03514668977447777,0.03236862250761985,0.0283989146561201,1.1102230246251565e-16,0.003946495242775128,0.030007443387429333,0.030198644191106516
hinge,0.036139435934914976,0.029554814365054694,0.03372250874716742,0.04127546835594731,0.03435382422914057,0.028844380546652393,0.025951609963954736,0.003946495242775128,0.0,0.026988633595878664,0.028074739645931657
trapezoid,0.03178197184992404,0.032755691892252026,0.026215593774625123,0.028147234001401844,0.0180707928774112,0.027141086435902517,0.021192548315204784,0.030007443387429333,0.026988633595878664,0.0,0.014437489829198458
random,0.04666786743995621,0.04771525040949598,0.04044698571344574,0.036558209668101416,0.03033780949950826,0.03235677775526391,0.02995467887574521,0.030198644191106516,0.028074739645931657,0.014437489829198458,0.0
