,square,rectangle,parallelogram,losange,isoTrapezoid,kite,rightKite,rustedHinge,hinge,trapezoid,random
square,0.0,3370.8882768019025,5374.050188270542,6142.996577153503,5665.329211046631,5573.619844674091,5145.5093188374385,6272.969355480732,5957.047125751853,5635.03993413409,6786.9712896998735
rectangle,3370.8882768019025,0.0,4767.280109493229,5863.129477349478,5929.6628724889,5787.903415567414,5475.663248816657,5849.900018232423,5358.311862561234,5658.188668052769,6755.487259864794
parallelogram,5374.050188270542,4767.280109493229,0.0,3140.8508670093265,6470.8681941971745,6008.094274521388,5934.759608834038,6055.3254600324235,5680.496669179904,5021.294510667757,6177.783882286806
losange,6142.996577153503,5863.129477349478,3140.8508670093265,0.0,6951.2971602686885,6605.892810178924,6565.523730744835,6587.3734181904265,6389.962453527207,5274.05150544768,5966.909847264246
isoTrapezoid,5665.329211046631,5929.6628724889,6470.8681941971745,6951.2971602686885,0.0,4832.919004687554,4501.449256323306,5636.317042376672,5566.512944207203,4242.858847186692,5376.438924391236
kite,5573.619844674091,5787.903415567414,6008.094274521388,6605.892810178924,4832.919004687554,0.0,2705.4316185366497,5336.723722569978,5022.456276621404,4975.13061803497,5491.1611426477575
rightKite,5145.5093188374385,5475.663248816657,5934.759608834038,6565.523730744835,4501.449256323306,2705.4316185366497,0.0,5041.820993627428,4808.763728712472,4482.225273961123,5327.611598031563
rustedHinge,6272.969355480732,5849.900018232423,6055.3254600324235,6587.3734181904265,5636.317042376672,5336.723722569978,5041.820993627428,0.0,1975.772309722267,5243.767430041148,5240.302098173903
hinge,5957.047125751853,5358.311862561234,5680.496669179904,6389.962453527207,5566.512944207203,5022.456276621404,4808.763728712472,1975.772309722267,0.0,4970.800613824666,5068.229068901305
trapezoid,5635.03993413409,5658.188668052769,5021.294510667757,5274.05150544768,4242.858847186692,4975.13061803497,4482.225273961123,5243.767430041148,4970.800613824666,0.0,3793.535279006396
random,6786.9712896998735,6755.487259864794,6177.783882286806,5966.909847264246,5376.438924391236,5491.1611426477575,5327.611598031563,5240.302098173903,5068.229068901305,3793.535279006396,0.0
