,square,rectangle,parallelogram,losange,isoTrapezoid,kite,rightKite,rustedHinge,hinge,trapezoid,random
square,0.0,202.3455027327477,245.51954714460655,297.2504542742328,162.22751547917753,135.92056921457066,108.22492410709708,211.84977040557982,205.68087232609312,177.23000095759795,249.71229311271048
rectangle,202.3455027327477,0.0,148.6850519229689,237.18793748606316,298.7089486183966,228.10247889651512,217.38926634466372,167.68089623273883,131.63089313187945,224.75653550989094,302.3324936325367
parallelogram,245.51954714460655,148.6850519229689,0.0,151.21779902665992,298.9979581989931,264.7234732079252,241.56333938931482,196.61360297625427,166.18607948182483,199.61549354567393,273.6837781890782
losange,297.2504542742328,237.18793748606316,151.21779902665992,0.0,312.17713122474277,303.1570662786527,286.9249589297844,227.5816082728249,216.37403197983488,210.27525781010078,226.8452940074956
isoTrapezoid,162.22751547917753,298.7089486183966,298.9979581989931,312.17713122474277,0.0,171.58578753415188,155.57241967219628,283.2205050497117,287.5758472170496,187.75965287703445,230.32000566872443
kite,135.92056921457066,228.10247889651512,264.7234732079252,303.1570662786527,171.58578753415188,0.0,113.61655184533679,255.6490379784982,253.31193133255354,223.32817029554735,276.188369788218
rightKite,108.22492410709708,217.38926634466372,241.56333938931482,286.9249589297844,155.57241967219628,113.61655184533679,0.0,237.98005836188048,232.91025341495038,172.0691900130637,260.24099661233737
rustedHinge,211.84977040557982,167.68089623273883,196.61360297625427,227.5816082728249,283.2205050497117,255.6490379784982,237.98005836188048,0.0,62.038613546808556,219.86252688098472,256.0902414570612
hinge,205.68087232609312,131.63089313187945,166.18607948182483,216.37403197983488,287.5758472170496,253.31193133255354,232.91025341495038,62.038613546808556,0.0,210.57732400143354,261.15798638917175
trapezoid,177.23000095759795,224.75653550989094,199.61549354567393,210.27525781010078,187.75965287703445,223.32817029554735,172.0691900130637,219.86252688098472,210.57732400143354,0.0,164.34555067672542
random,249.71229311271048,302.3324936325367,273.6837781890782,226.8452940074956,230.32000566872443,276.188369788218,260.24099661233737,256.0902414570612,261.15798638917175,164.34555067672542,0.0
