,square,rectangle,parallelogram,losange,isoTrapezoid,kite,rightKite,rustedHinge,hinge,trapezoid,random
square,0.0,296.2109172760923,422.60567176855704,523.680964129406,259.07302630436646,244.03679484722218,212.28526113087102,355.0948360049301,332.8790597532207,297.8399793288585,414.158131227241
rectangle,296.2109172760923,0.0,272.8113309400988,428.9193961952249,449.6010744773376,361.3232970030181,349.9606513589735,316.2515323008365,252.23388993832714,365.0136360964921,501.8461588350877
parallelogram,422.60567176855704,272.8113309400988,0.0,260.8296346901079,507.64424128674506,476.8049975735402,429.2634165979886,383.5820379723725,321.3094887545571,333.9405153901499,463.7292499040838
losange,523.680964129406,428.9193961952249,260.8296346901079,0.0,555.8868934564301,556.2617077220636,515.7249357612682,441.2910572751422,409.7702664515248,365.13764319807484,405.9283400704014
isoTrapezoid,259.07302630436646,449.6010744773376,507.64424128674506,555.8868934564301,0.0,271.05636731450545,253.0155455484306,466.08308964594016,458.56329099124565,307.5192898767874,371.53477447367135
kite,244.03679484722218,361.3232970030181,476.8049975735402,556.2617077220636,271.05636731450545,0.0,195.27421052609813,443.6843564818956,431.38915773645954,394.2771493922254,480.73209770123134
rightKite,212.28526113087102,349.9606513589735,429.2634165979886,515.7249357612682,253.0155455484306,195.27421052609813,0.0,424.97934895937425,406.922362587405,293.9249280020235,430.63980393361487
rustedHinge,355.0948360049301,316.2515323008365,383.5820379723725,441.2910572751422,466.08308964594016,443.6843564818956,424.97934895937425,0.0,116.57731385258057,392.06724881890375,436.26892990856754
hinge,332.8790597532207,252.23388993832714,321.3094887545571,409.7702664515248,458.56329099124565,431.38915773645954,406.922362587405,116.57731385258057,0.0,362.28940863166014,430.8661121363551
trapezoid,297.8399793288585,365.0136360964921,333.9405153901499,365.13764319807484,307.5192898767874,394.2771493922254,293.9249280020235,392.06724881890375,362.28940863166014,0.0,250.7878761200748
random,414.158131227241,501.8461588350877,463.7292499040838,405.9283400704014,371.53477447367135,480.73209770123134,430.63980393361487,436.26892990856754,430.8661121363551,250.7878761200748,0.0
