,square,rectangle,parallelogram,losange,isoTrapezoid,kite,rightKite,rustedHinge,hinge,trapezoid,random
square,0.0,353.76787077991554,514.2067205538729,637.8229205022739,328.27970308325087,324.182183625342,291.6157757293521,448.09594381676857,418.49113811406266,376.01589286321314,522.2498229070673
rectangle,353.76787077991554,0.0,339.32469027222345,527.1966080084492,545.3346602410869,453.89868791465886,444.1506041552858,406.95815714099274,330.18581705045966,451.0990024598821,622.2891526071627
parallelogram,514.2067205538729,339.32469027222345,0.0,317.64107206559737,614.8106559955702,590.6179131222469,536.3477305628192,482.5161361130115,407.74002971143364,409.68440465476425,574.5503278600487
losange,637.8229205022739,527.1966080084492,317.64107206559737,0.0,676.4076702330373,689.3180822857415,638.6140084569299,551.3545975434287,510.6660797032108,446.08353883868125,508.3721780867042
isoTrapezoid,328.27970308325087,545.3346602410869,614.8106559955702,676.4076702330373,0.0,343.0180915364826,318.5787678031492,571.5043305656211,562.6188788414546,373.75909218121,462.3349439704456
kite,324.182183625342,453.89868791465886,590.6179131222469,689.3180822857415,343.0180915364826,0.0,241.5565818330207,555.3922274095141,540.0690267965023,493.8030365255046,601.7161514588246
rightKite,291.6157757293521,444.1506041552858,536.3477305628192,638.6140084569299,318.5787678031492,241.5565818330207,0.0,530.4789289208989,511.2458920328964,374.8796343578268,538.2912982302629
rustedHinge,448.09594381676857,406.95815714099274,482.5161361130115,551.3545975434287,571.5043305656211,555.3922274095141,530.4789289208989,0.0,147.60998218765283,491.3425535882121,540.3521249183676
hinge,418.49113811406266,330.18581705045966,407.74002971143364,510.6660797032108,562.6188788414546,540.0690267965023,511.2458920328964,147.60998218765283,0.0,453.77000169021875,530.1904954601192
trapezoid,376.01589286321314,451.0990024598821,409.68440465476425,446.08353883868125,373.75909218121,493.8030365255046,374.8796343578268,491.3425535882121,453.77000169021875,0.0,318.1162468973744
random,522.2498229070673,622.2891526071627,574.5503278600487,508.3721780867042,462.3349439704456,601.7161514588246,538.2912982302629,540.3521249183676,530.1904954601192,318.1162468973744,0.0
