,square,rectangle,parallelogram,losange,isoTrapezoid,kite,rightKite,rustedHinge,hinge,trapezoid,random
square,0.0,4595.390784134632,7376.650327229816,8562.874931204697,7973.464123552332,7499.459142222852,6937.044714037535,8591.15385425909,8072.722235517063,7722.672667396531,9299.099083539328
rectangle,4595.390784134632,0.0,6609.7107223327885,8211.967005684694,8302.49452724218,7788.158504447873,7382.8679680146115,8070.347719989284,7293.106356658369,7760.289840243151,9252.522875840545
parallelogram,7376.650327229816,6609.7107223327885,0.0,4348.319431005729,8778.54117282459,7876.83264235612,7774.567030710473,7998.579083753621,7428.145363063388,6669.222582176572,8252.781234159316
losange,8562.874931204697,8211.967005684694,4348.319431005729,0.0,9490.061290956342,8789.254586941843,8707.672357499176,8802.390766449964,8494.201204068155,7121.61716779269,8051.409735363673
isoTrapezoid,7973.464123552332,8302.49452724218,8778.54117282459,9490.061290956342,0.0,6461.796131925202,6126.466636538946,7508.798389146038,7365.749965320766,5902.545627979321,7229.700870769652
kite,7499.459142222852,7788.158504447873,7876.83264235612,8789.254586941843,6461.796131925202,0.0,3624.298422757617,7069.385384246144,6569.960051391973,6621.082009195153,7371.736258976495
rightKite,6937.044714037535,7382.8679680146115,7774.567030710473,8707.672357499176,6126.466636538946,3624.298422757617,0.0,6768.469954670278,6349.46044544915,6030.138800843021,7182.642587053305
rustedHinge,8591.15385425909,8070.347719989284,7998.579083753621,8802.390766449964,7508.798389146038,7069.385384246144,6768.469954670278,0.0,2817.3518804469763,7027.190407646721,7011.932180528675
hinge,8072.722235517063,7293.106356658369,7428.145363063388,8494.201204068155,7365.749965320766,6569.960051391973,6349.46044544915,2817.3518804469763,0.0,6575.112532917589,6755.267832661541
trapezoid,7722.672667396531,7760.289840243151,6669.222582176572,7121.61716779269,5902.545627979321,6621.082009195153,6030.138800843021,7027.190407646721,6575.112532917589,0.0,5225.304102396108
random,9299.099083539328,9252.522875840545,8252.781234159316,8051.409735363673,7229.700870769652,7371.736258976495,7182.642587053305,7011.932180528675,6755.267832661541,5225.304102396108,0.0
