,square,rectangle,parallelogram,losange,isoTrapezoid,kite,rightKite,rustedHinge,hinge,trapezoid,random
square,0.0,2696.0095376709273,4493.997826711123,5108.684101961812,4664.006807656449,4750.903769292528,4407.834834719688,5263.181513909391,4988.1211760747265,4721.018663067944,5699.148321457052
rectangle,2696.0095376709273,0.0,3942.8189319469375,4826.977890487696,4954.23320666656,4941.476255976174,4686.118486870484,4922.6389184494265,4512.40097655802,4776.6647256629,5729.438117994627
parallelogram,4493.997826711123,3942.8189319469375,0.0,2581.61396348825,5410.566429752789,5115.71363687032,5057.212417593208,5079.094574762053,4744.178125105093,4181.588653517505,5182.406160975647
losange,5108.684101961812,4826.977890487696,2581.61396348825,0.0,5774.0288563963695,5554.320588859521,5535.824503681945,5479.902938563039,5292.239190836905,4353.990391097652,4955.47460742786
isoTrapezoid,4664.006807656449,4954.23320666656,5410.566429752789,5774.0288563963695,0.0,4103.348702880688,3828.7219704927106,4826.906173223943,4774.198496998047,3562.8758011746395,4514.445300629929
kite,4750.903769292528,4941.476255976174,5115.71363687032,5554.320588859521,4103.348702880688,0.0,2324.3433227146347,4566.927764591565,4309.962655651814,4220.862846767169,4641.765749383966
rightKite,4407.834834719688,4686.118486870484,5057.212417593208,5535.824503681945,3828.7219704927106,2324.3433227146347,0.0,4318.4416714371,4123.253509939491,3799.993203509927,4522.132550093187
rustedHinge,5263.181513909391,4922.6389184494265,5079.094574762053,5479.902938563039,4826.906173223943,4566.927764591565,4318.4416714371,0.0,1637.1932865809483,4449.302562580391,4463.33753245443
hinge,4988.1211760747265,4512.40097655802,4744.178125105093,5292.239190836905,4774.198496998047,4309.962655651814,4123.253509939491,1637.1932865809483,0.0,4226.4917620869455,4320.201919729696
trapezoid,4721.018663067944,4776.6647256629,4181.588653517505,4353.990391097652,3562.8758011746395,4220.862846767169,3799.993203509927,4449.302562580391,4226.4917620869455,0.0,3128.3775802279642
random,5699.148321457052,5729.438117994627,5182.406160975647,4955.47460742786,4514.445300629929,4641.765749383966,4522.132550093187,4463.33753245443,4320.201919729696,3128.3775802279642,0.0
