,square,rectangle,parallelogram,losange,isoTrapezoid,kite,rightKite,rustedHinge,hinge,trapezoid,random
square,0.0,325.91692539573734,466.97966377188146,579.4864426069977,289.36818151856363,278.6604879055002,245.36459601475235,397.84866891287584,373.56837050508204,334.4240012082797,465.48752400686317
rectangle,325.91692539573734,0.0,303.20914174278596,477.44313526803467,495.47330301054785,404.65806161139335,393.7917953032078,356.7619560659648,286.7900623237853,407.0612354801865,560.6995251775721
parallelogram,466.97966377188146,303.20914174278596,0.0,288.24494619703086,559.956660362202,531.5359261416759,480.5470818478876,429.5149515770898,360.84972262182856,370.3814064341282,517.5604210714899
losange,579.4864426069977,477.44313526803467,288.24494619703086,0.0,614.1213038416322,621.0875143805067,575.7675448672295,494.2109896753289,458.1977290103196,402.95832656751844,453.36485664627696
isoTrapezoid,289.36818151856363,495.47330301054785,559.956660362202,614.1213038416322,0.0,305.317415693788,283.3078876103946,518.1871224547367,510.2098877920951,338.84978542859267,416.10208639710356
kite,278.6604879055002,404.65806161139335,531.5359261416759,621.0875143805067,305.317415693788,0.0,217.5171753279052,498.3265275948426,485.0399032858332,443.3099786650731,541.9509089224879
rightKite,245.36459601475235,393.7917953032078,480.5470818478876,575.7675448672295,283.3078876103946,217.5171753279052,0.0,477.3350005192266,458.9432757607308,333.0332986039429,485.3036870821751
rustedHinge,397.84866891287584,356.7619560659648,429.5149515770898,494.2109896753289,518.1871224547367,498.3265275948426,477.3350005192266,0.0,130.45810867300722,440.33211001585977,488.08211074051445
hinge,373.56837050508204,286.7900623237853,360.84972262182856,458.1977290103196,510.2098877920951,485.0399032858332,458.9432757607308,130.45810867300722,0.0,407.3042390289563,481.12593806850896
trapezoid,334.4240012082797,407.0612354801865,370.3814064341282,402.95832656751844,338.84978542859267,443.3099786650731,333.0332986039429,440.33211001585977,407.3042390289563,0.0,281.794454290682
random,465.48752400686317,560.6995251775721,517.5604210714899,453.36485664627696,416.10208639710356,541.9509089224879,485.3036870821751,488.08211074051445,481.12593806850896,281.794454290682,0.0
