,square,rectangle,parallelogram,losange,isoTrapezoid,kite,rightKite,rustedHinge,hinge,trapezoid,random
square,0.0,228.2747059354177,275.5130958112052,332.9886779815881,181.94953109494935,152.2198890213076,120.77765020150777,238.31908805913423,231.56184017262828,197.3285901009881,279.6825326695504
rectangle,228.2747059354177,0.0,165.19943121266505,265.12475614121684,336.5650886156968,256.29319933589295,244.28552342582333,187.61416411863053,147.57978593376907,251.5854850976099,339.94009315448164
parallelogram,275.5130958112052,165.19943121266505,0.0,169.26297910442636,336.22645665964757,296.11772130189235,270.64167701540765,218.6597267363254,184.68397380021204,223.6742688161836,307.0091976729522
losange,332.9886779815881,265.12475614121684,169.26297910442636,0.0,350.0085446652581,338.6023128255785,320.4776778236275,253.05858676228036,240.3161344132333,235.82385768568616,254.1927258896365
isoTrapezoid,181.94953109494935,336.5650886156968,336.22645665964757,350.0085446652581,0.0,192.3301448419932,174.35334122271573,318.6645984046304,323.5321045974543,209.98804957074356,257.5868539602666
kite,152.2198890213076,256.29319933589295,296.11772130189235,338.6023128255785,192.3301448419932,0.0,126.42782216290081,286.9323524864161,283.9611284623972,248.8010686711867,308.6068540201603
rightKite,120.77765020150777,244.28552342582333,270.64167701540765,320.4776778236275,174.35334122271573,126.42782216290081,0.0,267.1329115226391,261.3548412286126,191.58948907213986,290.96606921833364
rustedHinge,238.31908805913423,187.61416411863053,218.6597267363254,253.05858676228036,318.6645984046304,286.9323524864161,267.1329115226391,0.0,69.10283714116053,245.6883480019135,288.11345135558093
hinge,231.56184017262828,147.57978593376907,184.68397380021204,240.3161344132333,323.5321045974543,283.9611284623972,261.3548412286126,69.10283714116053,0.0,235.25845155060767,293.3777847983706
trapezoid,197.3285901009881,251.5854850976099,223.6742688161836,235.82385768568616,209.98804957074356,248.8010686711867,191.58948907213986,245.6883480019135,235.25845155060767,0.0,183.5715620577453
random,279.6825326695504,339.94009315448164,307.0091976729522,254.1927258896365,257.5868539602666,308.6068540201603,290.96606921833364,288.11345135558093,293.3777847983706,183.5715620577453,0.0
