,square,rectangle,parallelogram,losange,isoTrapezoid,kite,rightKite,rustedHinge,hinge,trapezoid,random
square,0.0,162.78341205062736,202.47782238434198,247.4311957148038,131.5805897661892,114.91767770580061,92.3652039448451,174.2325219794787,167.54806944564854,145.64950625108065,205.51371689962434
rectangle,162.78341205062736,0.0,125.83681800629365,199.39812591601813,239.44143700938642,185.25685654913133,176.8185426146296,142.94409085636053,112.6638685364342,182.874920775491,246.34196535159356
parallelogram,202.47782238434198,125.83681800629365,0.0,128.01065274906,244.0490896499029,219.71957812620698,200.0356352439967,165.985604142737,140.1141944304569,162.99580633456287,222.36221494687476
losange,247.4311957148038,199.39812591601813,128.01065274906,0.0,258.13392902242106,252.22924227410678,238.95674052838478,189.52229738692617,180.5226101892974,175.81898454736833,186.45549342597747
isoTrapezoid,131.5805897661892,239.44143700938642,244.0490896499029,258.13392902242106,0.0,140.41970763231515,127.43439758454228,229.08944908638782,231.23875829663007,155.2764486925598,190.09062356312873
kite,114.91767770580061,185.25685654913133,219.71957812620698,252.22924227410678,140.41970763231515,0.0,94.9738937915106,210.13682401401002,207.67002116430123,186.80645713210205,229.46645373965393
rightKite,92.3652039448451,176.8185426146296,200.0356352439967,238.95674052838478,127.43439758454228,94.9738937915106,0.0,197.06240509099294,191.6400817615065,143.99348652513376,214.94256202873137
rustedHinge,174.2325219794787,142.94409085636053,165.985604142737,189.52229738692617,229.08944908638782,210.13682401401002,197.06240509099294,0.0,52.788377753359946,180.83709493478938,206.42282378426395
hinge,167.54806944564854,112.6638685364342,140.1141944304569,180.5226101892974,231.23875829663007,207.67002116430123,191.6400817615065,52.788377753359946,0.0,172.21208849009147,211.06019847679028
trapezoid,145.64950625108065,182.874920775491,162.99580633456287,175.81898454736833,155.2764486925598,186.80645713210205,143.99348652513376,180.83709493478938,172.21208849009147,0.0,133.36578855108843
random,205.51371689962434,246.34196535159356,222.36221494687476,186.45549342597747,190.09062356312873,229.46645373965393,214.94256202873137,206.42282378426395,211.06019847679028,133.36578855108843,0.0
