,square,rectangle,parallelogram,losange,isoTrapezoid,kite,rightKite,rustedHinge,hinge,trapezoid,random
square,0.0,177.83254760265177,231.86311322094517,285.0689478159501,146.8961589591203,131.58474695956104,107.89502191821066,195.8101777897823,186.41768664626966,165.67240804416238,231.773578714278
rectangle,177.83254760265177,0.0,146.68488696690258,230.88933500936022,264.6922927120418,205.63974979295455,196.73348715619068,164.88869166371694,130.17817186291038,206.74194006615352,279.9420357471793
parallelogram,231.86311322094517,146.68488696690258,0.0,143.20704986737928,278.47747789163867,254.02535418527953,229.47855198218917,194.9665255334296,163.49916523723184,183.60317932598136,250.9735919449696
losange,285.0689478159501,230.88933500936022,143.20704986737928,0.0,298.86810033000916,292.75219057918565,275.11321158413034,222.98411874215196,210.57259350909598,200.6990873820568,215.15163669997582
isoTrapezoid,146.8961589591203,264.6922927120418,278.47747789163867,298.86810033000916,0.0,157.73658319078137,142.6883262424085,258.19805745360884,258.33916454682316,175.1951486139031,213.42194940899068
kite,131.58474695956104,205.63974979295455,254.02535418527953,292.75219057918565,157.73658319078137,0.0,108.93919113565926,238.62495170830772,235.1253960003525,216.01819656453708,263.66489951676937
rightKite,107.89502191821066,196.73348715619068,229.47855198218917,275.11321158413034,142.6883262424085,108.93919113565926,0.0,225.92655758343258,218.28805462640463,163.8700288571909,242.41520377043946
rustedHinge,195.8101777897823,164.88869166371694,194.9665255334296,222.98411874215196,258.19805745360884,238.62495170830772,225.92655758343258,0.0,62.25900953247249,207.98570774991248,235.7655848214606
hinge,186.41768664626966,130.17817186291038,163.49916523723184,210.57259350909598,258.33916454682316,235.1253960003525,218.28805462640463,62.25900953247249,0.0,196.134236997382,238.99178969677183
trapezoid,165.67240804416238,206.74194006615352,183.60317932598136,200.6990873820568,175.1951486139031,216.01819656453708,163.8700288571909,207.98570774991248,196.134236997382,0.0,144.49633876842702
random,231.773578714278,279.9420357471793,250.9735919449696,215.15163669997582,213.42194940899068,263.66489951676937,242.41520377043946,235.7655848214606,238.99178969677183,144.49633876842702,0.0
