,square,rectangle,parallelogram,losange,isoTrapezoid,kite,rightKite,rustedHinge,hinge,trapezoid,random
square,0.0,5331.735041722368,8429.373010336623,9925.694867671482,9371.495125129539,8525.573015266093,7880.198631673519,9822.469865662255,9166.180751922742,8882.256921940609,10690.367029503856
rectangle,5331.735041722368,0.0,7645.417836453335,9644.916352025835,9807.654926190417,8958.676126903287,8496.421032339933,9363.520100841595,8384.637280320163,9016.113113910262,10728.805446002816
parallelogram,8429.373010336623,7645.417836453335,0.0,5096.241216032742,10151.831525095791,8881.430918388585,8729.768858208117,9164.657420595035,8422.845553250856,7574.866929551526,9419.40432211897
losange,9925.694867671482,9644.916352025835,5096.241216032742,0.0,11093.028036478494,10032.515027566047,9885.071793465382,10200.85322488913,9774.236534646841,8225.74928309898,9300.472622659176
isoTrapezoid,9371.495125129539,9807.654926190417,10151.831525095791,11093.028036478494,0.0,7397.725529895801,7041.162069982357,8698.210623756344,8458.45063095057,6910.895318448496,8305.307438947802
kite,8525.573015266093,8958.676126903287,8881.430918388585,10032.515027566047,7397.725529895801,0.0,4110.718538649968,8045.592130700636,7393.425551776942,7492.206546412488,8355.74514607848
rightKite,7880.198631673519,8496.421032339933,8729.768858208117,9885.071793465382,7041.162069982357,4110.718538649968,0.0,7745.569318954128,7189.048484654045,6836.065660843602,8147.630374091772
rustedHinge,9822.469865662255,9363.520100841595,9164.657420595035,10200.85322488913,8698.210623756344,8045.592130700636,7745.569318954128,0.0,3378.7457030562978,8109.579032654896,8116.433156114158
hinge,9166.180751922742,8384.637280320163,8422.845553250856,9774.236534646841,8458.45063095057,7393.425551776942,7189.048484654045,3378.7457030562978,0.0,7492.895306205568,7715.921120975906
trapezoid,8882.256921940609,9016.113113910262,7574.866929551526,8225.74928309898,6910.895318448496,7492.206546412488,6836.065660843602,8109.579032654896,7492.895306205568,0.0,6028.843480191155
random,10690.367029503856,10728.805446002816,9419.40432211897,9300.472622659176,8305.307438947802,8355.74514607848,8147.630374091772,8116.433156114158,7715.921120975906,6028.843480191155,0.0
