,square,rectangle,parallelogram,losange,isoTrapezoid,kite,rightKite,rustedHinge,hinge,trapezoid,random
square,0.0,170.98617910843376,220.42099945012697,271.6781402866244,140.6945412273846,125.0136632064837,101.89503422134162,187.20318397780824,178.3267382526564,158.5488695892689,222.2953644025162
rectangle,170.98617910843376,0.0,138.25822824469134,219.56974035944455,253.2956646887266,196.1272296183647,188.09108618091864,156.6337633638196,123.30791357489196,197.27619052808262,267.33331294522145
parallelogram,220.42099945012697,138.25822824469134,0.0,138.70256031787602,264.82648194459455,240.25953831291918,217.77292466689116,183.74179752699686,153.78072817390873,175.13429095088495,240.40243461057858
losange,271.6781402866244,219.56974035944455,138.70256031787602,0.0,283.8648272139907,277.83586297991735,262.1481953199133,210.61687001876817,199.23547918504067,191.53807815475037,204.2689105459872
isoTrapezoid,140.6945412273846,253.2956646887266,264.82648194459455,283.8648272139907,0.0,149.6825757386507,135.53082644960668,246.1969321241374,246.6948357660917,167.24380293210305,204.55172789935583
kite,125.0136632064837,196.1272296183647,240.25953831291918,277.83586297991735,149.6825757386507,0.0,103.62151856477458,226.29504093223784,222.88328947972298,205.24678140209718,250.9702030466242
rightKite,101.89503422134162,188.09108618091864,217.77292466689116,262.1481953199133,135.53082644960668,103.62151856477458,0.0,214.38435933309103,207.20762505794056,156.17584805976108,232.12730906853378
rustedHinge,187.20318397780824,156.6337633638196,183.74179752699686,210.61687001876817,246.1969321241374,226.29504093223784,214.38435933309103,0.0,58.9711277461322,197.10588148434593,224.07981806996773
hinge,178.3267382526564,123.30791357489196,153.78072817390873,199.23547918504067,246.6948357660917,222.88328947972298,207.20762505794056,58.9711277461322,0.0,186.23250580271613,227.95346218331485
trapezoid,158.5488695892689,197.27619052808262,175.13429095088495,191.53807815475037,167.24380293210305,205.24678140209718,156.17584805976108,197.10588148434593,186.23250580271613,0.0,139.86229018388283
random,222.2953644025162,267.33331294522145,240.40243461057858,204.2689105459872,204.55172789935583,250.9702030466242,232.12730906853378,224.07981806996773,227.95346218331485,139.86229018388283,0.0
