,square,rectangle,parallelogram,losange,isoTrapezoid,kite,rightKite,rustedHinge,hinge,trapezoid,random
square,0.0,6125.440726183779,9793.34337435024,11684.765726144471,10829.061510034731,9818.793093946053,9111.431383772218,11209.738769264732,10413.798935067323,10261.046782028732,12263.630127842118
rectangle,6125.440726183779,0.0,8936.5646064961,11431.735844024322,11235.431379458847,10276.625495737726,9739.415337142927,10677.909178108528,9506.081162115308,10410.424582327578,12324.578691430093
parallelogram,9793.34337435024,8936.5646064961,0.0,6055.818607766163,11700.470821474353,10225.997627685101,9993.291088354881,10449.879193001469,9622.620630394415,8727.958606573155,10851.119195476589
losange,11684.765726144471,11431.735844024322,6055.818607766163,0.0,12967.409612446174,11719.060327860774,11486.010730327758,11854.46865923268,11408.231648725958,9585.386813217408,10850.748309497209
isoTrapezoid,10829.061510034731,11235.431379458847,11700.470821474353,12967.409612446174,0.0,8470.794613163,8056.902157678464,9878.4145291587,9570.896369080501,8000.557761170612,9522.377011580926
kite,9818.793093946053,10276.625495737726,10225.997627685101,11719.060327860774,8470.794613163,0.0,4701.732669799938,9206.608687348647,8463.334438388732,8657.84666524077,9667.109190292205
rightKite,9111.431383772218,9739.415337142927,9993.291088354881,11486.010730327758,8056.902157678464,4701.732669799938,0.0,8813.06151859961,8175.040077346803,7880.511499600109,9350.229595455288
rustedHinge,11209.738769264732,10677.909178108528,10449.879193001469,11854.46865923268,9878.4145291587,9206.608687348647,8813.06151859961,0.0,3951.5261571835244,9319.738550900356,9405.89429683822
hinge,10413.798935067323,9506.081162115308,9622.620630394415,11408.231648725958,9570.896369080501,8463.334438388732,8175.040077346803,3951.5261571835244,0.0,8600.44708431491,8920.77256564157
trapezoid,10261.046782028732,10410.424582327578,8727.958606573155,9585.386813217408,8000.557761170612,8657.84666524077,7880.511499600109,9319.738550900356,8600.44708431491,0.0,6923.74265797905
random,12263.630127842118,12324.578691430093,10851.119195476589,10850.748309497209,9522.377011580926,9667.109190292205,9350.229595455288,9405.89429683822,8920.77256564157,6923.74265797905,0.0
