,square,rectangle,parallelogram,losange,isoTrapezoid,kite,rightKite,rustedHinge,hinge,trapezoid,random
square,0.0,1122.354092259169,2006.9156629952565,2326.298034534949,1800.4951853051446,2074.915155981919,1881.3398796092372,2213.9204604047195,2083.5173484386496,1958.9851945752407,2508.4979104191166
rectangle,1122.354092259169,0.0,1682.1239163638695,2116.6701236158488,2115.7721461786145,2218.5186738098723,2072.1168462308096,2096.5990449693218,1895.2965819699348,2044.4561191874327,2615.711413971016
parallelogram,2006.9156629952565,1682.1239163638695,0.0,1202.7454369333216,2292.188718263585,2440.0765138315314,2309.1175277706784,2214.523359309806,2040.561183498788,1800.6433233739233,2391.207237677643
losange,2326.298034534949,2116.6701236158488,1202.7454369333216,0.0,2485.9408995519925,2668.644056576108,2554.159029610586,2396.834866536219,2291.5612767414887,1911.1380305397208,2259.5233577532204
isoTrapezoid,1800.4951853051446,2115.7721461786145,2292.188718263585,2485.9408995519925,0.0,1707.2422346099615,1547.4357856041001,2204.981119439876,2175.7640189717804,1464.1218172117633,2005.5261720551678
kite,2074.915155981919,2218.5186738098723,2440.0765138315314,2668.644056576108,1707.2422346099615,0.0,1044.1023292458408,2166.1370800124246,2072.111346075766,1998.897595165525,2212.659796246358
rightKite,1881.3398796092372,2072.1168462308096,2309.1175277706784,2554.159029610586,1547.4357856041001,1044.1023292458408,0.0,2038.484626456513,1958.851866115939,1679.8751482211183,2071.8655884520413
rustedHinge,2213.9204604047195,2096.5990449693218,2214.523359309806,2396.834866536219,2204.981119439876,2166.1370800124246,2038.484626456513,0.0,692.6639014424528,2030.400675397407,2065.7818219535457
hinge,2083.5173484386496,1895.2965819699348,2040.561183498788,2291.5612767414887,2175.7640189717804,2072.111346075766,1958.851866115939,692.6639014424528,0.0,1918.6897359226277,1989.017625830383
trapezoid,1958.9851945752407,2044.4561191874327,1800.6433233739233,1911.1380305397208,1464.1218172117633,1998.897595165525,1679.8751482211183,2030.400675397407,1918.6897359226277,0.0,1438.8145230703972
random,2508.4979104191166,2615.711413971016,2391.207237677643,2259.5233577532204,2005.5261720551678,2212.659796246358,2071.8655884520413,2065.7818219535457,1989.017625830383,1438.8145230703972,0.0
