,square,rectangle,parallelogram,losange,isoTrapezoid,kite,rightKite,rustedHinge,hinge,trapezoid,random
square,0.0,218.25724853493497,297.63717401770936,366.5763027693391,183.29027993982203,167.12964777419506,141.83718765328936,249.46737694859885,236.09504350002643,208.261787496504,288.58768744704247
rectangle,218.25724853493497,0.0,188.66439800215173,295.43404701395195,325.3583512645046,254.92100232832345,246.34772942461564,215.5172613750578,170.60442890733592,258.6593154420884,351.7370410164795
parallelogram,297.63717401770936,188.66439800215173,0.0,180.64899367588512,355.8048445168275,328.2490359293026,295.561808747197,260.70204259029794,217.75889720327558,233.89880295801817,320.58849678606236
losange,366.5763027693391,295.43404701395195,180.64899367588512,0.0,385.97059754480455,379.92047028920024,354.7332635736835,296.6627619458091,276.47978342827344,256.7826316184321,280.4775639838808
isoTrapezoid,183.29027993982203,325.3583512645046,355.8048445168275,385.97059754480455,0.0,195.50874357722228,179.15744758461682,327.5500795625372,324.54142448017285,218.2787699631593,261.9911492697516
kite,167.12964777419506,254.92100232832345,328.2490359293026,379.92047028920024,195.50874357722228,0.0,137.79647809629782,306.44331360897604,300.0085455458371,274.66611503215876,333.8916188888963
rightKite,141.83718765328936,246.34772942461564,295.561808747197,354.7332635736835,179.15744758461682,137.79647809629782,0.0,293.42399339243985,281.98111667394346,205.53195517302427,302.1918735451721
rustedHinge,249.46737694859885,215.5172613750578,260.70204259029794,296.6627619458091,327.5500795625372,306.44331360897604,293.42399339243985,0.0,80.62439454340634,271.23329962832946,302.7431694808737
hinge,236.09504350002643,170.60442890733592,217.75889720327558,276.47978342827344,324.54142448017285,300.0085455458371,281.98111667394346,80.62439454340634,0.0,252.20416861058152,301.92070129766597
trapezoid,208.261787496504,258.6593154420884,233.89880295801817,256.7826316184321,218.2787699631593,274.66611503215876,205.53195517302427,271.23329962832946,252.20416861058152,0.0,176.2321739639171
random,288.58768744704247,351.7370410164795,320.58849678606236,280.4775639838808,261.9911492697516,333.8916188888963,302.1918735451721,302.7431694808737,301.92070129766597,176.2321739639171,0.0
