,square,rectangle,parallelogram,losange,isoTrapezoid,kite,rightKite,rustedHinge,hinge,trapezoid,random
square,0.0,170.15945153786498,208.82478497833858,254.73741306148167,137.69708620365304,118.96669135843297,94.87371547434532,180.7585446210943,174.28192256885475,150.6905876331015,213.06016517057822
rectangle,170.15945153786498,0.0,129.457831591491,205.2725213531138,251.12036083555472,194.07594495376043,184.83391193424373,147.15138633040883,115.60814342373791,191.20089000156247,256.2063588105433
parallelogram,208.82478497833858,129.457831591491,0.0,132.1948863603369,253.17324720997874,227.04288426616455,206.70093484079058,171.08532618013248,144.31911452538023,169.4655397968369,231.13727351179233
losange,254.73741306148167,205.2725213531138,132.1948863603369,0.0,266.51876375006674,260.0719578386591,246.31005574146232,195.38735196365386,186.12265010735456,181.65523600891788,193.03619948045983
isoTrapezoid,137.69708620365304,251.12036083555472,253.17324720997874,266.51876375006674,0.0,146.36090581763472,132.88384150138208,239.48468954032506,242.21186646993633,160.50894573726535,197.45744312921107
kite,118.96669135843297,194.07594495376043,227.04288426616455,260.0719578386591,146.36090581763472,0.0,98.49580248095094,218.89526767415967,216.5447712605087,192.84888519981635,237.2617364989269
rightKite,94.87371547434532,184.83391193424373,206.70093484079058,246.31005574146232,132.88384150138208,98.49580248095094,0.0,204.34306789265136,199.16359444081763,148.58470587524607,222.72339053288036
rustedHinge,180.7585446210943,147.15138633040883,171.08532618013248,195.38735196365386,239.48468954032506,218.89526767415967,204.34306789265136,0.0,54.39307498213755,188.20609467498963,214.96858778949542
hinge,174.28192256885475,115.60814342373791,144.31911452538023,186.12265010735456,242.21186646993633,216.5447712605087,199.16359444081763,54.39307498213755,0.0,179.53936916122066,219.83707667699127
trapezoid,150.6905876331015,191.20089000156247,169.4655397968369,181.65523600891788,160.50894573726535,192.84888519981635,148.58470587524607,188.20609467498963,179.53936916122066,0.0,139.46605158489712
random,213.06016517057822,256.2063588105433,231.13727351179233,193.03619948045983,197.45744312921107,237.2617364989269,222.72339053288036,214.96858778949542,219.83707667699127,139.46605158489712,0.0
