,square,rectangle,parallelogram,losange,isoTrapezoid,kite,rightKite,rustedHinge,hinge,trapezoid,random
square,0.0,3980.4094495980303,6413.822869692784,7417.818935629457,6689.793632669388,6525.487159985402,6040.505512975788,7373.991782057184,6977.167762814525,6630.168693767878,7998.489981260296
rectangle,3980.4094495980303,0.0,5734.91315828121,7093.5287115122655,6998.2853304398095,6776.11675843507,6407.005675508777,6909.979922115642,6288.310458250371,6661.93070803861,7975.506909025113
parallelogram,6413.822869692784,5734.91315828121,0.0,3735.1554680728336,7538.471278388345,6955.661974703938,6866.6321451774065,7002.603645979916,6555.216233799894,5813.731674493325,7153.083182025743
losange,7417.818935629457,7093.5287115122655,3735.1554680728336,0.0,8172.29938487673,7736.343555399167,7693.004718726595,7709.1110113075465,7479.015006998162,6189.1932367987565,6963.070428177286
isoTrapezoid,6689.793632669388,6998.2853304398095,7538.471278388345,8172.29938487673,0.0,5653.496879353179,5308.979698638332,6531.748248639818,6428.484949876967,5034.7045369285,6276.985583799673
kite,6525.487159985402,6776.11675843507,6955.661974703938,7736.343555399167,5653.496879353179,0.0,3156.863323485304,6190.932779425656,5780.614330597931,5798.339757026863,6408.523771021988
rightKite,6040.505512975788,6407.005675508777,6866.6321451774065,7693.004718726595,5308.979698638332,3156.863323485304,0.0,5885.440869741258,5552.4908408733245,5256.771818226103,6254.578715489993
rustedHinge,7373.991782057184,6909.979922115642,7002.603645979916,7709.1110113075465,6531.748248639818,6190.932779425656,5885.440869741258,0.0,2394.184090727608,6113.431825990917,6126.5662138072885
hinge,6977.167762814525,6288.310458250371,6555.216233799894,7479.015006998162,6428.484949876967,5780.614330597931,5552.4908408733245,2394.184090727608,0.0,5759.350204271213,5909.990760121914
trapezoid,6630.168693767878,6661.93070803861,5813.731674493325,6189.1932367987565,5034.7045369285,5798.339757026863,5256.771818226103,6113.431825990917,5759.350204271213,0.0,4476.061610148469
random,7998.489981260296,7975.506909025113,7153.083182025743,6963.070428177286,6276.985583799673,6408.523771021988,6254.578715489993,6126.5662138072885,5909.990760121914,4476.061610148469,0.0
