,square,rectangle,parallelogram,losange,isoTrapezoid,kite,rightKite,rustedHinge,hinge,trapezoid,random
square,0.0,198.66877232886398,267.9715028501542,329.84043239461226,166.2778513466524,150.86193369542806,125.30741222814223,225.208926135821,213.27497832390566,188.5044077303512,262.8052058135955
rectangle,198.66877232886398,0.0,169.5919850586338,266.0018548919524,296.401709727162,232.13395061131877,222.87206953968996,192.3590566510751,152.12388295110614,234.62390019099416,318.81030990490154
parallelogram,267.9715028501542,169.5919850586338,0.0,163.0723880166585,321.5486162333372,296.4588487925046,266.9358227508323,231.63455186291856,193.54035322999783,212.0513596238464,289.8327826599211
losange,329.84043239461226,266.0018548919524,163.0723880166585,0.0,347.1978394800586,342.4495332271233,319.6435607315042,264.25894046809657,247.24388432044807,231.94460694451473,252.03812636561946
isoTrapezoid,166.2778513466524,296.401709727162,321.5486162333372,347.1978394800586,0.0,178.69513047616812,162.23826799659912,296.403679390613,294.43547870086144,198.4234584576834,240.32661747032375
kite,150.86193369542806,232.13395061131877,296.4588487925046,342.4495332271233,178.69513047616812,0.0,124.98602966197258,276.62750986216827,271.63341991482037,249.0203623685438,303.3708377649905
rightKite,125.30741222814223,222.87206953968996,266.9358227508323,319.6435607315042,162.23826799659912,124.98602966197258,0.0,263.32670355756306,253.40716650743053,186.5984232470779,275.4754575763802
rustedHinge,225.208926135821,192.3590566510751,231.63455186291856,264.25894046809657,296.403679390613,276.62750986216827,263.32670355756306,0.0,72.42361541014714,243.6589476315154,273.5984765093743
hinge,213.27497832390566,152.12388295110614,193.54035322999783,247.24388432044807,294.43547870086144,271.63341991482037,253.40716650743053,72.42361541014714,0.0,227.27946867379237,274.16215521486566
trapezoid,188.5044077303512,234.62390019099416,212.0513596238464,231.94460694451473,198.4234584576834,249.0203623685438,186.5984232470779,243.6589476315154,227.27946867379237,0.0,161.7052436925065
random,262.8052058135955,318.81030990490154,289.8327826599211,252.03812636561946,240.32661747032375,303.3708377649905,275.4754575763802,273.5984765093743,274.16215521486566,161.7052436925065,0.0
