,square,rectangle,parallelogram,losange,isoTrapezoid,kite,rightKite,rustedHinge,hinge,trapezoid,random
square,0.0,672.7900686696396,1123.855685732672,1343.6713112909013,866.32711759722,949.647471422489,853.8812780730789,1069.0934117391294,995.9025132139495,960.118110635648,1252.9553584539515
rectangle,672.7900686696396,0.0,869.2056154603584,1178.6997498594592,1165.6523606399453,1104.082825780724,1044.0145700350922,1015.8298131044717,879.475833542268,1056.7809885392342,1387.7470013051663
parallelogram,1123.855685732672,869.2056154603584,0.0,674.6373681561827,1290.981216210475,1336.3034055353114,1232.3656658408868,1134.8903012228168,1011.8785759721147,948.7912619475591,1269.8324006267171
losange,1343.6713112909013,1178.6997498594592,674.6373681561827,0.0,1404.750970627423,1492.4650151168385,1400.9256962334746,1253.944300052906,1183.5641318367354,1016.8325599756605,1170.5223782022179
isoTrapezoid,866.32711759722,1165.6523606399453,1290.981216210475,1404.750970627423,0.0,830.5353121085988,750.7198457038706,1198.7364436342032,1182.7261148799894,804.272530293733,1035.9550847181386
kite,949.647471422489,1104.082825780724,1336.3034055353114,1492.4650151168385,830.5353121085988,0.0,553.0552219668931,1186.7248319796806,1149.5246999336794,1117.781665267218,1265.0106696816422
rightKite,853.8812780730789,1044.0145700350922,1232.3656658408868,1400.9256962334746,750.7198457038706,553.0552219668931,0.0,1110.167020599258,1067.5558474958098,882.6187663684244,1133.6691312962491
rustedHinge,1069.0934117391294,1015.8298131044717,1134.8903012228168,1253.944300052906,1198.7364436342032,1186.7248319796806,1110.167020599258,0.0,348.2002651580874,1087.689284005668,1129.2596810710156
hinge,995.9025132139495,879.475833542268,1011.8785759721147,1183.5641318367354,1182.7261148799894,1149.5246999336794,1067.5558474958098,348.2002651580874,0.0,1015.181836069627,1093.1539678782135
trapezoid,960.118110635648,1056.7809885392342,948.7912619475591,1016.8325599756605,804.272530293733,1117.781665267218,882.6187663684244,1087.689284005668,1015.181836069627,0.0,738.1684027587726
random,1252.9553584539515,1387.7470013051663,1269.8324006267171,1170.5223782022179,1035.9550847181386,1265.0106696816422,1133.6691312962491,1129.2596810710156,1093.1539678782135,738.1684027587726,0.0
