,square,rectangle,parallelogram,losange,isoTrapezoid,kite,rightKite,rustedHinge,hinge,trapezoid,random
square,0.0,0.01465165571196314,0.04097816959238332,0.09399064370687704,0.06149168345513101,0.030260450661312888,0.039956203083887254,0.03887265512897198,0.03497080581469825,0.0862332073282217,0.10848235875037338
rectangle,0.01465165571196314,0.0,0.03464115974242299,0.09245466663472712,0.0805307612386229,0.03564302365978689,0.049687427090381875,0.027075393283694682,0.022126904021611438,0.09974529518635178,0.12354645326424818
parallelogram,0.04097816959238332,0.03464115974242299,0.0,0.022504263768505228,0.03755491700568436,0.043735991967407406,0.02908613447955366,0.04390391277964334,0.03646604731960568,0.03566919562090087,0.051803466718823965
losange,0.09399064370687704,0.09245466663472712,0.022504263768505228,0.0,0.03712237239437266,0.08944632265599572,0.05270685834494526,0.09192481386570928,0.0835788346419234,0.01965460508285999,0.027108841448083565
isoTrapezoid,0.06149168345513101,0.0805307612386229,0.03755491700568436,0.03712237239437266,0.0,0.0478808695675107,0.0212859623929329,0.07614357704166486,0.06960697177553032,0.014686860960701487,0.024867750770039887
kite,0.030260450661312888,0.03564302365978689,0.043735991967407406,0.08944632265599572,0.0478808695675107,0.0,0.014982175363411954,0.030547892784792974,0.028678307556557203,0.07644629010425441,0.09191038520523731
rightKite,0.039956203083887254,0.049687427090381875,0.02908613447955366,0.05270685834494526,0.0212859623929329,0.014982175363411954,0.0,0.041486848467525705,0.037514391540199754,0.035365597792400116,0.04811333566369802
rustedHinge,0.03887265512897198,0.027075393283694682,0.04390391277964334,0.09192481386570928,0.07614357704166486,0.030547892784792974,0.041486848467525705,0.0,0.0033518220699553236,0.0942137750079658,0.10423811763194979
hinge,0.03497080581469825,0.022126904021611438,0.03646604731960568,0.0835788346419234,0.06960697177553032,0.028678307556557203,0.037514391540199754,0.0033518220699553236,0.0,0.08545360160223736,0.09672427418044616
trapezoid,0.0862332073282217,0.09974529518635178,0.03566919562090087,0.01965460508285999,0.014686860960701487,0.07644629010425441,0.035365597792400116,0.0942137750079658,0.08545360160223736,0.0,0.011416922670554497
random,0.10848235875037338,0.12354645326424818,0.051803466718823965,0.027108841448083565,0.024867750770039887,0.09191038520523731,0.04811333566369802,0.10423811763194979,0.09672427418044616,0.011416922670554497,2.220446049250313e-16
