,square,rectangle,parallelogram,losange,isoTrapezoid,kite,rightKite,rustedHinge,hinge,trapezoid,random
square,0.0,0.02591977745854268,0.058441020158159995,0.08792302039286182,0.027852172092832528,0.025998889344018505,0.023616452956220724,0.04829262360722053,0.04292593903967745,0.035608265799008776,0.06594777896430448
rectangle,0.02591977745854268,1.1102230246251565e-16,0.029440906318549898,0.0651003990583715,0.06366055588118213,0.04610599109846614,0.045212066228276226,0.03977649502053571,0.028847108626683715,0.049350986946704256,0.08578932969190967
parallelogram,0.058441020158159995,0.029440906318549898,0.0,0.022456040823305767,0.07517387818100962,0.07509032432640927,0.061917817888186955,0.05644770474397198,0.04331677947524615,0.038928793538835604,0.06829688233153697
losange,0.08792302039286182,0.0651003990583715,0.022456040823305767,1.1102230246251565e-16,0.08736705353781749,0.0994091677967871,0.08352804618541787,0.07294549043281295,0.06491635816272912,0.04199159847501077,0.05231414164443815
isoTrapezoid,0.027852172092832528,0.06366055588118213,0.07517387818100962,0.08736705353781749,1.1102230246251565e-16,0.02911303058082937,0.02566223999051609,0.07253932494675774,0.07017859050189734,0.02927033204151741,0.04455779547160921
kite,0.025998889344018505,0.04610599109846614,0.07509032432640927,0.0994091677967871,0.02911303058082937,0.0,0.014413273455159081,0.06315557446787046,0.05981371813551806,0.057470783351833754,0.07840915294541673
rightKite,0.023616452956220724,0.045212066228276226,0.061917817888186955,0.08352804618541787,0.02566223999051609,0.014413273455159081,1.1102230246251565e-16,0.06122312613183989,0.05646141378938063,0.03287870247286562,0.05998630768633406
rustedHinge,0.04829262360722053,0.03977649502053571,0.05644770474397198,0.07294549043281295,0.07253932494675774,0.06315557446787046,0.06122312613183989,0.0,0.0055553851594825066,0.06225781172098088,0.06917301104715856
hinge,0.04292593903967745,0.028847108626683715,0.04331677947524615,0.06491635816272912,0.07017859050189734,0.05981371813551806,0.05646141378938063,0.0055553851594825066,0.0,0.05516783177469142,0.06523639756701438
trapezoid,0.035608265799008776,0.049350986946704256,0.038928793538835604,0.04199159847501077,0.02927033204151741,0.057470783351833754,0.03287870247286562,0.06225781172098088,0.05516783177469142,0.0,0.021687485403130924
random,0.06594777896430448,0.08578932969190967,0.06829688233153697,0.05231414164443815,0.04455779547160921,0.07840915294541673,0.05998630768633406,0.06917301104715856,0.06523639756701438,0.021687485403130924,0.0
