,square,rectangle,parallelogram,losange,isoTrapezoid,kite,rightKite,rustedHinge,hinge,trapezoid,random
square,0.0,0.04810305252486902,0.07268774742123674,0.10110240939192405,0.030232139675303804,0.021130667102665646,0.016030579058455285,0.051290729215800024,0.049542925257974435,0.03293945737161108,0.06480132102720271
rectangle,0.04810305252486902,0.0,0.02917107964516652,0.061584285387561,0.08717723730323634,0.057729866515849326,0.053262361971402994,0.03160520582356663,0.021121739954492402,0.05679510698691048,0.09078153783384202
parallelogram,0.07268774742123674,0.02917107964516652,0.0,0.030022116283099476,0.09603889319395154,0.08210683266477303,0.07032181077332134,0.04686212339424589,0.03506550711556855,0.058817961269404195,0.08678136863197661
losange,0.10110240939192405,0.061584285387561,0.030022116283099476,0.0,0.10481805886286755,0.10428064145252414,0.09592596781895002,0.056645730371347014,0.051738752080361716,0.0640867178149156,0.06498481709750847
isoTrapezoid,0.030232139675303804,0.08717723730323634,0.09603889319395154,0.10481805886286755,0.0,0.03294993492231568,0.028932014413987073,0.08172211297985366,0.08419052708342933,0.03914276436265507,0.05683493018551067
kite,0.021130667102665646,0.057729866515849326,0.08210683266477303,0.10428064145252414,0.03294993492231568,0.0,0.015844393778778665,0.07139495581232203,0.07048374231898236,0.05143597788883636,0.07843290774807965
rightKite,0.016030579058455285,0.053262361971402994,0.07032181077332134,0.09592596781895002,0.028932014413987073,0.015844393778778665,0.0,0.0627475220999667,0.06085205800996696,0.03310365862142084,0.0706395929145246
rustedHinge,0.051290729215800024,0.03160520582356663,0.04686212339424589,0.056645730371347014,0.08172211297985366,0.07139495581232203,0.0627475220999667,0.0,0.00649164809857028,0.05580963831722352,0.07002875317918167
hinge,0.049542925257974435,0.021121739954492402,0.03506550711556855,0.051738752080361716,0.08419052708342933,0.07048374231898236,0.06085205800996696,0.00649164809857028,0.0,0.052807519166675254,0.07284648271386263
trapezoid,0.03293945737161108,0.05679510698691048,0.058817961269404195,0.0640867178149156,0.03914276436265507,0.05143597788883636,0.03310365862142084,0.05580963831722352,0.052807519166675254,0.0,0.033552875882338906
random,0.06480132102720271,0.09078153783384202,0.08678136863197661,0.06498481709750847,0.05683493018551067,0.07843290774807965,0.0706395929145246,0.07002875317918167,0.07284648271386263,0.033552875882338906,0.0
