,square,rectangle,parallelogram,losange,isoTrapezoid,kite,rightKite,rustedHinge,hinge,trapezoid,random
square,0.0,0.032470945432015785,0.062255908625782674,0.08951357782090774,0.023815970097671446,0.018927303891317804,0.014464323451353622,0.04304499793723382,0.03856291207962492,0.030702832849671458,0.05811802092817031
rectangle,0.032470945432015785,2.220446049250313e-16,0.026922995461720944,0.059748180896674996,0.06797946364676966,0.044421406724403756,0.042022904261068805,0.031521887352357614,0.019881295505523533,0.047541084222757934,0.08149570102209036
parallelogram,0.062255908625782674,0.026922995461720944,2.220446049250313e-16,0.023163090846225365,0.08325530822038085,0.0750673709342784,0.06174329823516489,0.04813084044914817,0.03429156263813504,0.041995659380077544,0.06952946120725945
losange,0.08951357782090774,0.059748180896674996,0.023163090846225365,0.0,0.09431732023646966,0.09813314665581407,0.08490121524032723,0.06149692328859724,0.05397155440877699,0.04633193302947991,0.052535374254405576
isoTrapezoid,0.023815970097671446,0.06797946364676966,0.08325530822038085,0.09431732023646966,0.0,0.02638341485224993,0.022722315345358624,0.07167384953537215,0.07012148839377297,0.03186626804102055,0.045880324869728595
kite,0.018927303891317804,0.044421406724403756,0.0750673709342784,0.09813314665581407,0.02638341485224993,0.0,0.013999935086963733,0.06421393471278791,0.06162415084860429,0.052683103633384576,0.0770683173448723
rightKite,0.014464323451353622,0.042022904261068805,0.06174329823516489,0.08490121524032723,0.022722315345358624,0.013999935086963733,2.220446049250313e-16,0.060257098659081354,0.056064516094535,0.029493130304146686,0.062087237398219974
rustedHinge,0.04304499793723382,0.031521887352357614,0.04813084044914817,0.06149692328859724,0.07167384953537215,0.06421393471278791,0.060257098659081354,2.220446049250313e-16,0.00490969284960685,0.053644793838061866,0.0649705471121621
hinge,0.03856291207962492,0.019881295505523533,0.03429156263813504,0.05397155440877699,0.07012148839377297,0.06162415084860429,0.056064516094535,0.00490969284960685,0.0,0.04696100384964108,0.06363201723327139
trapezoid,0.030702832849671458,0.047541084222757934,0.041995659380077544,0.04633193302947991,0.03186626804102055,0.052683103633384576,0.029493130304146686,0.053644793838061866,0.04696100384964108,2.220446049250313e-16,0.02142951575435703
random,0.05811802092817031,0.08149570102209036,0.06952946120725945,0.052535374254405576,0.045880324869728595,0.0770683173448723,0.062087237398219974,0.0649705471121621,0.06363201723327139,0.02142951575435703,0.0
