,square,rectangle,parallelogram,losange,isoTrapezoid,kite,rightKite,rustedHinge,hinge,trapezoid,random
square,0.0,0.010344797363351477,0.025690541053055682,0.07731708757808875,0.0487121677568888,0.005865013325109469,0.02001133275507161,0.017070147326251117,0.01573494055532132,0.07298263343185918,0.08400364412713501
rectangle,0.010344797363351477,0.0,0.025659494469408628,0.08108314781202597,0.06602138600692486,0.009352419380682542,0.027494773641921988,0.005410066318768947,0.0037559105436052453,0.08766617648620756,0.10039309070146407
parallelogram,0.025690541053055682,0.025659494469408628,1.1102230246251565e-16,0.01875198809781997,0.017974355954560428,0.018952915961117034,0.006148946287541812,0.025829882460704057,0.021275531140309667,0.0238149828835289,0.030053543834488994
losange,0.07731708757808875,0.08108314781202597,0.01875198809781997,0.0,0.013241857955792913,0.06607531238652686,0.028335554906643412,0.07683018703982158,0.06946295467937857,0.005822010981003878,0.007876643750466927
isoTrapezoid,0.0487121677568888,0.06602138600692486,0.017974355954560428,0.013241857955792913,0.0,0.043874866028227766,0.015884142214350416,0.06582700301863076,0.05919661328906478,0.005095655957685463,0.009703430581438854
kite,0.005865013325109469,0.009352419380682542,0.018952915961117034,0.06607531238652686,0.043874866028227766,0.0,0.011294557833962826,0.010523450892017783,0.009887891486945688,0.06563488820813967,0.07435362949474655
rightKite,0.02001133275507161,0.027494773641921988,0.006148946287541812,0.028335554906643412,0.015884142214350416,0.011294557833962826,0.0,0.02604151142670852,0.023028913538231,0.026216081906113797,0.031683173033244305
rustedHinge,0.017070147326251117,0.005410066318768947,0.025829882460704057,0.07683018703982158,0.06582700301863076,0.010523450892017783,0.02604151142670852,0.0,0.00130243006887365,0.08548701904982126,0.09532709060603195
hinge,0.01573494055532132,0.0037559105436052453,0.021275531140309667,0.06946295467937857,0.05919661328906478,0.009887891486945688,0.023028913538231,0.00130243006887365,0.0,0.0775736763488053,0.08761476776266786
trapezoid,0.07298263343185918,0.08766617648620756,0.0238149828835289,0.005822010981003878,0.005095655957685463,0.06563488820813967,0.026216081906113797,0.08548701904982126,0.0775736763488053,0.0,0.0026187230475412937
random,0.08400364412713501,0.10039309070146407,0.030053543834488994,0.007876643750466927,0.009703430581438854,0.07435362949474655,0.031683173033244305,0.09532709060603195,0.08761476776266786,0.0026187230475412937,0.0
