,square,rectangle,parallelogram,losange,isoTrapezoid,kite,rightKite,rustedHinge,hinge,trapezoid,random
square,0.0,0.030815373374454613,0.05441706325370055,0.07721144958085435,0.019844910281053618,0.015258114537370138,0.010786680672447369,0.037044265205335436,0.03408816796927849,0.025262528843850718,0.04916062989099668
rectangle,0.030815373374454613,0.0,0.021591513534851448,0.048351961849358194,0.060363760260362165,0.039390202679722486,0.03702563202176379,0.025182814193781655,0.01590189826707722,0.04082056553624047,0.06863362110621374
parallelogram,0.05441706325370055,0.021591513534851448,0.0,0.020401961651847156,0.07192988324116412,0.06346367638315376,0.05352027087142153,0.03814384825323813,0.027259920015926253,0.03878328423230182,0.061386216112450986
losange,0.07721144958085435,0.048351961849358194,0.020401961651847156,0.0,0.08068926743663418,0.08275545461547651,0.07331677358739508,0.04781750140960128,0.04241194915975888,0.042235250439939476,0.04534222325417081
isoTrapezoid,0.019844910281053618,0.060363760260362165,0.07192988324116412,0.08068926743663418,0.0,0.022733187985705894,0.01933159205733792,0.06038707138119426,0.06001487901625735,0.027004991318727023,0.039869874174392805
kite,0.015258114537370138,0.039390202679722486,0.06346367638315376,0.08275545461547651,0.022733187985705894,0.0,0.011285054271442663,0.05412447971372103,0.0522822831364963,0.042584870872826586,0.06400699296739765
rightKite,0.010786680672447369,0.03702563202176379,0.05352027087142153,0.07331677358739508,0.01933159205733792,0.011285054271442663,1.1102230246251565e-16,0.04924145908342481,0.04636367549127485,0.024551078074673605,0.05336174311355091
rustedHinge,0.037044265205335436,0.025182814193781655,0.03814384825323813,0.04781750140960128,0.06038707138119426,0.05412447971372103,0.04924145908342481,0.0,0.00395664865108547,0.043769859722547766,0.05351963526618486
hinge,0.03408816796927849,0.01590189826707722,0.027259920015926253,0.04241194915975888,0.06001487901625735,0.0522822831364963,0.04636367549127485,0.00395664865108547,0.0,0.03908461118159945,0.05348580559625449
trapezoid,0.025262528843850718,0.04082056553624047,0.03878328423230182,0.042235250439939476,0.027004991318727023,0.042584870872826586,0.024551078074673605,0.043769859722547766,0.03908461118159945,1.1102230246251565e-16,0.020300463900657206
random,0.04916062989099668,0.06863362110621374,0.061386216112450986,0.04534222325417081,0.039869874174392805,0.06400699296739765,0.05336174311355091,0.05351963526618486,0.05348580559625449,0.020300463900657206,0.0
