,square,rectangle,parallelogram,losange,isoTrapezoid,kite,rightKite,rustedHinge,hinge,trapezoid,random
square,0.0,0.012687651459017735,0.02824386485885355,0.038548637938560115,0.011113098038623037,0.01818559566707234,0.009358014073584164,0.019805165042968587,0.018365590041036328,0.020222326033183302,0.0399717193762239
rectangle,0.012687651459017735,0.0,0.010896208074246294,0.0278848028473051,0.02891722307852007,0.02855412559285353,0.020707317014842186,0.014846861161600389,0.009942096628364094,0.02674756299889236,0.05492673047488761
parallelogram,0.02824386485885355,0.010896208074246294,0.0,0.007628565219511163,0.03621269293565632,0.04957050900987148,0.03189676734818281,0.01816788564297578,0.011288048080625224,0.016210404321720495,0.03829662780733356
losange,0.038548637938560115,0.0278848028473051,0.007628565219511163,0.0,0.04048201618736946,0.06693453212603007,0.04280728563376679,0.024535524284421295,0.01839215112878223,0.011826999776930691,0.022858700919518804
isoTrapezoid,0.011113098038623037,0.02891722307852007,0.03621269293565632,0.04048201618736946,0.0,0.016215693362510164,0.010234926300387248,0.03209331816422045,0.03175181125016813,0.015933085246713552,0.02795360430358662
kite,0.01818559566707234,0.02855412559285353,0.04957050900987148,0.06693453212603007,0.016215693362510164,0.0,0.007168320884643142,0.04613993657939286,0.047118403616809856,0.04518684669778528,0.07122323553359511
rightKite,0.009358014073584164,0.020707317014842186,0.03189676734818281,0.04280728563376679,0.010234926300387248,0.007168320884643142,0.0,0.03442295923996519,0.033499119549192824,0.02366027815897609,0.047099115265996416
rustedHinge,0.019805165042968587,0.014846861161600389,0.01816788564297578,0.024535524284421295,0.03209331816422045,0.04613993657939286,0.03442295923996519,0.0,0.0020005489743395444,0.022073935050825444,0.0355930980212128
hinge,0.018365590041036328,0.009942096628364094,0.011288048080625224,0.01839215112878223,0.03175181125016813,0.047118403616809856,0.033499119549192824,0.0020005489743395444,0.0,0.019171836071542714,0.034723905334104854
trapezoid,0.020222326033183302,0.02674756299889236,0.016210404321720495,0.011826999776930691,0.015933085246713552,0.04518684669778528,0.02366027815897609,0.022073935050825444,0.019171836071542714,0.0,0.008761580655949675
random,0.0399717193762239,0.05492673047488761,0.03829662780733356,0.022858700919518804,0.02795360430358662,0.07122323553359511,0.047099115265996416,0.0355930980212128,0.034723905334104854,0.008761580655949675,1.1102230246251565e-16
