,square,rectangle,parallelogram,losange,isoTrapezoid,kite,rightKite,rustedHinge,hinge,trapezoid,random
square,0.0,0.013924314882040156,0.024821007602031542,0.037863484442767326,0.008981961873148703,0.006957707561340509,0.00446866875051799,0.016463824435423158,0.015494549464315166,0.011799946908240044,0.023772485229218154
rectangle,0.013924314882040156,0.0,0.008867833818653303,0.021680017541757635,0.027408140891196586,0.017759273065806824,0.01643459845836326,0.011116396788576233,0.0071469509241421925,0.01790782494101517,0.030691185557100265
parallelogram,0.024821007602031542,0.008867833818653303,2.220446049250313e-16,0.008705032791853529,0.0326679743835645,0.02801492399535377,0.024099936362630303,0.014675830549896296,0.0102913340375409,0.01592576546827351,0.025876496376011637
losange,0.037863484442767326,0.021680017541757635,0.008705032791853529,0.0,0.03875939112135318,0.03790960237800611,0.035136179308070226,0.019770606457879647,0.017728159352140005,0.020255818446204388,0.01921000245365312
isoTrapezoid,0.008981961873148703,0.027408140891196586,0.0326679743835645,0.03875939112135318,0.0,0.01016998080736764,0.007972721685283735,0.02587502077112258,0.02663926511139758,0.012148548571532358,0.01877644676574397
kite,0.006957707561340509,0.017759273065806824,0.02801492399535377,0.03790960237800611,0.01016998080736764,2.220446049250313e-16,0.004669806111450292,0.023722119389395946,0.023428176606513196,0.019873727022341248,0.029575424485933643
rightKite,0.00446866875051799,0.01643459845836326,0.024099936362630303,0.035136179308070226,0.007972721685283735,0.004669806111450292,0.0,0.021149374009013067,0.020275872851772347,0.011728048600210816,0.025661558343527457
rustedHinge,0.016463824435423158,0.011116396788576233,0.014675830549896296,0.019770606457879647,0.02587502077112258,0.023722119389395946,0.021149374009013067,0.0,0.0014006132064392496,0.017356566520962624,0.02140515938353904
hinge,0.015494549464315166,0.0071469509241421925,0.0102913340375409,0.017728159352140005,0.02663926511139758,0.023428176606513196,0.020275872851772347,0.0014006132064392496,0.0,0.015867197121075316,0.022201820832283947
trapezoid,0.011799946908240044,0.01790782494101517,0.01592576546827351,0.020255818446204388,0.012148548571532358,0.019873727022341248,0.011728048600210816,0.017356566520962624,0.015867197121075316,0.0,0.00885861035259683
random,0.023772485229218154,0.030691185557100265,0.025876496376011637,0.01921000245365312,0.01877644676574397,0.029575424485933643,0.025661558343527457,0.02140515938353904,0.022201820832283947,0.00885861035259683,0.0
