,square,rectangle,parallelogram,losange,isoTrapezoid,kite,rightKite,rustedHinge,hinge,trapezoid,random
square,2.220446049250313e-16,0.06325381857610157,0.19135346029737177,0.30902065447123195,0.25497736611879573,0.16728872114898352,0.16628380970622758,0.28900372131468655,0.22790022445663094,0.2172463746094968,0.328606437144601
rectangle,0.06325381857610157,2.220446049250313e-16,0.15222358189405683,0.3019066484467906,0.315243421719824,0.21587552248663033,0.2124022082486774,0.27815018654628576,0.20000579831460896,0.2507453267636901,0.373460043031549
parallelogram,0.19135346029737177,0.15222358189405683,0.0,0.08278029608116677,0.22859228158350176,0.1790262367410489,0.16995152456728713,0.19045096381611326,0.1413805499297094,0.12759892002293194,0.24174710269483013
losange,0.30902065447123195,0.3019066484467906,0.08278029608116677,0.0,0.20800129529362776,0.21492070412400266,0.20319764297889642,0.1833781191969489,0.17392334060133074,0.11513337181111138,0.15767142241086263
isoTrapezoid,0.25497736611879573,0.315243421719824,0.22859228158350176,0.20800129529362776,0.0,0.1001020913216436,0.07682240362530857,0.15799426238727066,0.17481650031309148,0.09457506836168894,0.11093526290583189
kite,0.16728872114898352,0.21587552248663033,0.1790262367410489,0.21492070412400266,0.1001020913216436,2.220446049250313e-16,0.03258278378599866,0.1774110945886147,0.15773791765153988,0.15043169060064976,0.19767342052287484
rightKite,0.16628380970622758,0.2124022082486774,0.16995152456728713,0.20319764297889642,0.07682240362530857,0.03258278378599866,0.0,0.15180856279125476,0.14095617081267042,0.10855811561166628,0.17352195662312808
rustedHinge,0.28900372131468655,0.27815018654628576,0.19045096381611326,0.1833781191969489,0.15799426238727066,0.1774110945886147,0.15180856279125476,0.0,0.0243049030222785,0.17387210811631137,0.1643310285469004
hinge,0.22790022445663094,0.20000579831460896,0.1413805499297094,0.17392334060133074,0.17481650031309148,0.15773791765153988,0.14095617081267042,0.0243049030222785,2.220446049250313e-16,0.16025369175016746,0.17767025259253577
trapezoid,0.2172463746094968,0.2507453267636901,0.12759892002293194,0.11513337181111138,0.09457506836168894,0.15043169060064976,0.10855811561166628,0.17387210811631137,0.16025369175016746,0.0,0.08021029588256556
random,0.328606437144601,0.373460043031549,0.24174710269483013,0.15767142241086263,0.11093526290583189,0.19767342052287484,0.17352195662312808,0.1643310285469004,0.17767025259253577,0.08021029588256556,0.0
