,square,rectangle,parallelogram,losange,isoTrapezoid,kite,rightKite,rustedHinge,hinge,trapezoid,random
square,0.0,0.007296138308853339,0.014663894655542076,0.02140771607505909,0.0046928088244276855,0.004133604313537265,0.0025618526604357372,0.009396381151148825,0.008682481713945478,0.006402401648834766,0.013416453454060173
rectangle,0.007296138308853339,0.0,0.004872076701765149,0.012446711068399119,0.014665309793505443,0.009502247547997222,0.008850245109672139,0.006915112589018335,0.00446580518287798,0.009486263947274476,0.01801397727926668
parallelogram,0.014663894655542076,0.004872076701765149,2.220446049250313e-16,0.004048473801175234,0.019585607895766466,0.01715971675794048,0.01469679361525733,0.009209173238511226,0.006208826304350823,0.008898682524169144,0.014756750774929661
losange,0.02140771607505909,0.012446711068399119,0.004048473801175234,0.0,0.023013579188545075,0.022914126072118512,0.020390511177980963,0.012321677003880094,0.010335763208493831,0.010675931704381969,0.011191057357702872
isoTrapezoid,0.0046928088244276855,0.014665309793505443,0.019585607895766466,0.023013579188545075,0.0,0.005541029926383723,0.00417285364341391,0.014590438796402205,0.01469256658693896,0.006922823180236293,0.010569272335930857
kite,0.004133604313537265,0.009502247547997222,0.01715971675794048,0.022914126072118512,0.005541029926383723,0.0,0.0026283560939813766,0.014198181344919902,0.013725741014601112,0.01183285465107431,0.017930886169385207
rightKite,0.0025618526604357372,0.008850245109672139,0.01469679361525733,0.020390511177980963,0.00417285364341391,0.0026283560939813766,0.0,0.012783985202475256,0.012019438880535138,0.006670113352876039,0.014445650373942631
rustedHinge,0.009396381151148825,0.006915112589018335,0.009209173238511226,0.012321677003880094,0.014590438796402205,0.014198181344919902,0.012783985202475256,0.0,0.000866788729725565,0.009780652657566558,0.012636126309881202
hinge,0.008682481713945478,0.00446580518287798,0.006208826304350823,0.010335763208493831,0.01469256658693896,0.013725741014601112,0.012019438880535138,0.000866788729725565,0.0,0.008462284534812903,0.012599261624222535
trapezoid,0.006402401648834766,0.009486263947274476,0.008898682524169144,0.010675931704381969,0.006922823180236293,0.01183285465107431,0.006670113352876039,0.009780652657566558,0.008462284534812903,0.0,0.004514573801528865
random,0.013416453454060173,0.01801397727926668,0.014756750774929661,0.011191057357702872,0.010569272335930857,0.017930886169385207,0.014445650373942631,0.012636126309881202,0.012599261624222535,0.004514573801528865,0.0
