,square,rectangle,parallelogram,losange,isoTrapezoid,kite,rightKite,rustedHinge,hinge,trapezoid,random
square,1.1102230246251565e-16,0.011523777724114947,0.017319295604868,0.024314790245757667,0.006579911788291648,0.0045790589805311255,0.0030737550394781543,0.012126352804932461,0.011661652452096716,0.007552259813287665,0.015016076878096474
rectangle,0.011523777724114947,0.0,0.0062909714573413655,0.013716668100918428,0.020247083097536756,0.013425817114287142,0.012741370889322146,0.007111481939843456,0.004417972484354604,0.013304519796737635,0.020746648956700753
parallelogram,0.017319295604868,0.0062909714573413655,1.1102230246251565e-16,0.0063013059231440405,0.02231778152051156,0.01905664766648907,0.016565044014527963,0.01030133450456805,0.00744752618044453,0.013094755131475622,0.019075811905318818
losange,0.024314790245757667,0.013716668100918428,0.0063013059231440405,1.1102230246251565e-16,0.024623766214426412,0.024421622817400235,0.022859659291009415,0.012843178571766978,0.011650518138039856,0.014847726325411537,0.014349013887404172
isoTrapezoid,0.006579911788291648,0.020247083097536756,0.02231778152051156,0.024623766214426412,0.0,0.007168420775397477,0.006260159968968448,0.018941023087756248,0.019407915999817615,0.008521243331504391,0.012370075143856463
kite,0.0045790589805311255,0.013425817114287142,0.01905664766648907,0.024421622817400235,0.007168420775397477,0.0,0.0033121436010046246,0.016361549143868892,0.01611863753051157,0.012014532749111573,0.017886595372584635
rightKite,0.0030737550394781543,0.012741370889322146,0.016565044014527963,0.022859659291009415,0.006260159968968448,0.0033121436010046246,0.0,0.014677129268537037,0.014188585804575049,0.007365868690825672,0.016087711495322288
rustedHinge,0.012126352804932461,0.007111481939843456,0.01030133450456805,0.012843178571766978,0.018941023087756248,0.016361549143868892,0.014677129268537037,1.1102230246251565e-16,0.0011841751525051292,0.012992478518056294,0.015818060688237545
hinge,0.011661652452096716,0.004417972484354604,0.00744752618044453,0.011650518138039856,0.019407915999817615,0.01611863753051157,0.014188585804575049,0.0011841751525051292,0.0,0.012143832184105974,0.016339269662664857
trapezoid,0.007552259813287665,0.013304519796737635,0.013094755131475622,0.014847726325411537,0.008521243331504391,0.012014532749111573,0.007365868690825672,0.012992478518056294,0.012143832184105974,1.1102230246251565e-16,0.007245601390797551
random,0.015016076878096474,0.020746648956700753,0.019075811905318818,0.014349013887404172,0.012370075143856463,0.017886595372584635,0.016087711495322288,0.015818060688237545,0.016339269662664857,0.007245601390797551,1.1102230246251565e-16
