,square,rectangle,parallelogram,losange,isoTrapezoid,kite,rightKite,rustedHinge,hinge,trapezoid,random
square,2.220446049250313e-16,0.016065641509260153,0.03686113081898601,0.04870626188398075,0.015800061071347127,0.01661296939188217,0.010013162395699826,0.021775179278428536,0.018751727326245637,0.0207624141367031,0.03775099344409394
rectangle,0.016065641509260153,0.0,0.013766803125366822,0.0318767446038245,0.04061790983760938,0.031184364755260985,0.026014092519402232,0.022878260855103583,0.014461149031672171,0.027841675651771758,0.05614285027691701
parallelogram,0.03686113081898601,0.013766803125366822,0.0,0.0076027192551461065,0.056803031169017304,0.05839262173832027,0.04157517471795413,0.029484307917647445,0.018237613357254157,0.021032992929745364,0.043613633611090274
losange,0.04870626188398075,0.0318767446038245,0.0076027192551461065,0.0,0.0597683658634951,0.0725039525631096,0.049617947610409496,0.034457128985122765,0.02475344499886667,0.018300970240136105,0.030091436244531256
isoTrapezoid,0.015800061071347127,0.04061790983760938,0.056803031169017304,0.0597683658634951,0.0,0.01576046159918565,0.010354106018344522,0.04149651639320362,0.03971873695173023,0.020718922435331466,0.02631944634871708
kite,0.01661296939188217,0.031184364755260985,0.05839262173832027,0.0725039525631096,0.01576046159918565,0.0,0.00722360463757199,0.04854903379508513,0.04692766340554333,0.0429649921091515,0.06200013355182199
rightKite,0.010013162395699826,0.026014092519402232,0.04157517471795413,0.049617947610409496,0.010354106018344522,0.00722360463757199,0.0,0.03762292267714851,0.034724882346889085,0.021256481211672007,0.038483139736803174
rustedHinge,0.021775179278428536,0.022878260855103583,0.029484307917647445,0.034457128985122765,0.04149651639320362,0.04854903379508513,0.03762292267714851,0.0,0.0025164383535146717,0.027434077001861845,0.038761834165188636
hinge,0.018751727326245637,0.014461149031672171,0.018237613357254157,0.02475344499886667,0.03971873695173023,0.04692766340554333,0.034724882346889085,0.0025164383535146717,0.0,0.020340451360476797,0.03430090406078967
trapezoid,0.0207624141367031,0.027841675651771758,0.021032992929745364,0.018300970240136105,0.020718922435331466,0.0429649921091515,0.021256481211672007,0.027434077001861845,0.020340451360476797,0.0,0.008285553062542195
random,0.03775099344409394,0.05614285027691701,0.043613633611090274,0.030091436244531256,0.02631944634871708,0.06200013355182199,0.038483139736803174,0.038761834165188636,0.03430090406078967,0.008285553062542195,0.0
