,square,rectangle,parallelogram,losange,isoTrapezoid,kite,rightKite,rustedHinge,hinge,trapezoid,random
square,0.0,0.057818495397152114,0.17928260009894637,0.3368506066671717,0.3350457174846996,0.25492856212756276,0.2865855077158229,0.3798095755706137,0.3354133485267655,0.2595284633208441,0.43678038920673856
rectangle,0.057818495397152114,0.0,0.1272515397402726,0.3173156571437148,0.38287879741564335,0.2879202849165594,0.31487850717486854,0.3690618917713535,0.3135700784622809,0.28415045058007915,0.46770507702678155
parallelogram,0.17928260009894637,0.1272515397402726,0.0,0.10046613250075331,0.2826804527656541,0.23283657166970406,0.23851912477394033,0.2689851240500719,0.22170289385222886,0.150024794832601,0.3209384464282802
losange,0.3368506066671717,0.3173156571437148,0.10046613250075331,0.0,0.2311339551155196,0.23520302352788103,0.221497794515074,0.23686396460465742,0.2185999121699208,0.10831538903706106,0.2039846602920754
isoTrapezoid,0.3350457174846996,0.38287879741564335,0.2826804527656541,0.2311339551155196,0.0,0.1176604449471974,0.08409041153073538,0.19452224473449664,0.204296532626981,0.09361238317103504,0.11396534169226924
kite,0.25492856212756276,0.2879202849165594,0.23283657166970406,0.23520302352788103,0.1176604449471974,0.0,0.03944968375943825,0.20335852110355168,0.18363715207396758,0.17116263128936626,0.23213212666808236
rightKite,0.2865855077158229,0.31487850717486854,0.23851912477394033,0.221497794515074,0.08409041153073538,0.03944968375943825,0.0,0.16201233373676338,0.15192422796841898,0.12433559022878093,0.1872156788258308
rustedHinge,0.3798095755706137,0.3690618917713535,0.2689851240500719,0.23686396460465742,0.19452224473449664,0.20335852110355168,0.16201233373676338,0.0,0.02103001520276071,0.19252225620023167,0.17584515764128095
hinge,0.3354133485267655,0.3135700784622809,0.22170289385222886,0.2185999121699208,0.204296532626981,0.18363715207396758,0.15192422796841898,0.02103001520276071,0.0,0.17868476198276184,0.18510004639111932
trapezoid,0.2595284633208441,0.28415045058007915,0.150024794832601,0.10831538903706106,0.09361238317103504,0.17116263128936626,0.12433559022878093,0.19252225620023167,0.17868476198276184,0.0,0.10031832300268206
random,0.43678038920673856,0.46770507702678155,0.3209384464282802,0.2039846602920754,0.11396534169226924,0.23213212666808236,0.1872156788258308,0.17584515764128095,0.18510004639111932,0.10031832300268206,0.0
