,square,rectangle,parallelogram,losange,isoTrapezoid,kite,rightKite,rustedHinge,hinge,trapezoid,random
square,0.0,0.0047089900388511685,0.008132009468013957,0.012030997146485145,0.003126468585173958,0.002467837881041879,0.0016892475828271802,0.00575464966628525,0.005223911499496636,0.003878313438144043,0.00769778650672559
rectangle,0.0047089900388511685,0.0,0.0031255923757860238,0.0077774647307136124,0.01020636903491523,0.006180881010719008,0.005785110521415504,0.0042073718520105885,0.002543479553299921,0.006247937368889178,0.01131255331180192
parallelogram,0.008132009468013957,0.0031255923757860238,0.0,0.003055034750230834,0.011695889749587574,0.009723431457273946,0.008111308862494448,0.0058351469885133955,0.0040573822628139355,0.005325333545418309,0.00949028388766937
losange,0.012030997146485145,0.0077774647307136124,0.003055034750230834,0.0,0.013268453314042028,0.012933280945426895,0.011379042861614952,0.007561945614246057,0.006670524155433344,0.006145573404185978,0.006988897429467289
isoTrapezoid,0.003126468585173958,0.01020636903491523,0.011695889749587574,0.013268453314042028,0.0,0.003606900896893972,0.0030281612357455634,0.010015962474417606,0.010028529106948403,0.004409517485610914,0.0064082334918271755
kite,0.002467837881041879,0.006180881010719008,0.009723431457273946,0.012933280945426895,0.003606900896893972,0.0,0.0017029687798378879,0.008672470843628544,0.008335024413414605,0.006701821102096384,0.0101262210442995
rightKite,0.0016892475828271802,0.005785110521415504,0.008111308862494448,0.011379042861614952,0.0030281612357455634,0.0017029687798378879,0.0,0.0077493676705752135,0.0072678350449852935,0.0038352116939864844,0.008441662224690671
rustedHinge,0.00575464966628525,0.0042073718520105885,0.0058351469885133955,0.007561945614246057,0.010015962474417606,0.008672470843628544,0.0077493676705752135,0.0,0.0006092423239697498,0.006602194392309246,0.00837170918863106
hinge,0.005223911499496636,0.002543479553299921,0.0040573822628139355,0.006670524155433344,0.010028529106948403,0.008335024413414605,0.0072678350449852935,0.0006092423239697498,0.0,0.005826541899864202,0.00848788975463477
trapezoid,0.003878313438144043,0.006247937368889178,0.005325333545418309,0.006145573404185978,0.004409517485610914,0.006701821102096384,0.0038352116939864844,0.006602194392309246,0.005826541899864202,0.0,0.003016457812731632
random,0.00769778650672559,0.01131255331180192,0.00949028388766937,0.006988897429467289,0.0064082334918271755,0.0101262210442995,0.008441662224690671,0.00837170918863106,0.00848788975463477,0.003016457812731632,2.220446049250313e-16
