,square,rectangle,parallelogram,losange,isoTrapezoid,kite,rightKite,rustedHinge,hinge,trapezoid,random
square,0.0,0.004350510647811889,0.012399776551744957,0.018297073673986586,0.0096414701114379,0.008690864156471245,0.008449931171741532,0.013305341388928249,0.010640706268156497,0.009874521181979734,0.01684915540081311
rectangle,0.004350510647811889,0.0,0.007823187563893885,0.01523083704974404,0.015708968172641447,0.012131599370532875,0.012238944175155586,0.012906412854885252,0.009257523984956606,0.012349839171184263,0.020741574032053012
parallelogram,0.012399776551744957,0.007823187563893885,2.220446049250313e-16,0.003931146015553777,0.01466675016887975,0.013626123160955905,0.012767651620576137,0.012317889366565526,0.010068755484255454,0.007483889833194146,0.014398087815146399
losange,0.018297073673986586,0.01523083704974404,0.003931146015553777,2.220446049250313e-16,0.01633906553938591,0.016830055953073186,0.015434829313142773,0.014021193733399828,0.013045321803662246,0.008092022796784448,0.01158912971188042
isoTrapezoid,0.0096414701114379,0.015708968172641447,0.01466675016887975,0.01633906553938591,0.0,0.005778879624129929,0.00499626629242389,0.013891180626756316,0.013570480429868526,0.005224671209048792,0.008598830055945972
kite,0.008690864156471245,0.012131599370532875,0.013626123160955905,0.016830055953073186,0.005778879624129929,2.220446049250313e-16,0.0024124702032464196,0.01143880377384765,0.01059078418827697,0.009727958839233386,0.012826630901829783
rightKite,0.008449931171741532,0.012238944175155586,0.012767651620576137,0.015434829313142773,0.00499626629242389,0.0024124702032464196,0.0,0.009970544262173586,0.009331394940504056,0.006709018163075564,0.010637449625575557
rustedHinge,0.013305341388928249,0.012906412854885252,0.012317889366565526,0.014021193733399828,0.013891180626756316,0.01143880377384765,0.009970544262173586,2.220446049250313e-16,0.0011855856161170353,0.01207794404518181,0.011663109030754515
hinge,0.010640706268156497,0.009257523984956606,0.010068755484255454,0.013045321803662246,0.013570480429868526,0.01059078418827697,0.009331394940504056,0.0011855856161170353,0.0,0.010939499076121684,0.01162435863528477
trapezoid,0.009874521181979734,0.012349839171184263,0.007483889833194146,0.008092022796784448,0.005224671209048792,0.009727958839233386,0.006709018163075564,0.01207794404518181,0.010939499076121684,0.0,0.005123773460475212
random,0.01684915540081311,0.020741574032053012,0.014398087815146399,0.01158912971188042,0.008598830055945972,0.012826630901829783,0.010637449625575557,0.011663109030754515,0.01162435863528477,0.005123773460475212,0.0
