,square,rectangle,parallelogram,losange,isoTrapezoid,kite,rightKite,rustedHinge,hinge,trapezoid,random
square,0.0,0.005500584839550071,0.011498836361984233,0.01673732527944105,0.004408997974043483,0.003761247348515684,0.0028750584558521197,0.008351597292331148,0.007185217091813856,0.00573374657849568,0.010861358333282167
rectangle,0.005500584839550071,0.0,0.004898614935904377,0.011432700566051168,0.012629838838875918,0.007978194746188438,0.0075766821822843555,0.006362648948715299,0.003909356390254137,0.008436420840530423,0.015461473727607311
parallelogram,0.011498836361984233,0.004898614935904377,0.0,0.0037084023566849034,0.015988844591128926,0.014193830310686884,0.011598350867947471,0.008888143704933404,0.0062013339843925985,0.007099343540353464,0.012667800656953276
losange,0.01673732527944105,0.011432700566051168,0.0037084023566849034,0.0,0.01832060409544045,0.018742942196186108,0.015823222923703417,0.0118907714531864,0.010238877249889478,0.008145314509217516,0.009973556475657563
isoTrapezoid,0.004408997974043483,0.012629838838875918,0.015988844591128926,0.01832060409544045,0.0,0.0048891554523986525,0.004117129013601506,0.01372559780517002,0.01326883256519995,0.005985214419574114,0.008525481959025027
kite,0.003761247348515684,0.007978194746188438,0.014193830310686884,0.018742942196186108,0.0048891554523986525,2.220446049250313e-16,0.002508529477525334,0.012590207308500911,0.011817398505561405,0.010025218068362318,0.014848810067482066
rightKite,0.0028750584558521197,0.0075766821822843555,0.011598350867947471,0.015823222923703417,0.004117129013601506,0.002508529477525334,0.0,0.011557202373167041,0.010600093662815002,0.005500518327858583,0.011490153746058218
rustedHinge,0.008351597292331148,0.006362648948715299,0.008888143704933404,0.0118907714531864,0.01372559780517002,0.012590207308500911,0.011557202373167041,0.0,0.0009311061661437803,0.009910441017017102,0.012254987887714064
hinge,0.007185217091813856,0.003909356390254137,0.0062013339843925985,0.010238877249889478,0.01326883256519995,0.011817398505561405,0.010600093662815002,0.0009311061661437803,0.0,0.00842810371740299,0.011803722326112931
trapezoid,0.00573374657849568,0.008436420840530423,0.007099343540353464,0.008145314509217516,0.005985214419574114,0.010025218068362318,0.005500518327858583,0.009910441017017102,0.00842810371740299,0.0,0.0036573517998609306
random,0.010861358333282167,0.015461473727607311,0.012667800656953276,0.009973556475657563,0.008525481959025027,0.014848810067482066,0.011490153746058218,0.012254987887714064,0.011803722326112931,0.0036573517998609306,0.0
