,square,rectangle,parallelogram,losange,isoTrapezoid,kite,rightKite,rustedHinge,hinge,trapezoid,random
square,1.1102230246251565e-16,0.0031313445822440666,0.007845260518626884,0.011878271982366684,0.0048173502877897345,0.00487923947872404,0.004642524200249576,0.007741876523743696,0.0065130892929423645,0.0055346979835100285,0.009826652157806648
rectangle,0.0031313445822440666,0.0,0.004342052132004004,0.009271491395373976,0.009214052428838548,0.0071805179747680414,0.007225179484547484,0.006869462467608667,0.004958376219011296,0.007167898640987991,0.01227504041602856
parallelogram,0.007845260518626884,0.004342052132004004,0.0,0.0028071419553502563,0.010540399507080966,0.010010745426830336,0.008870045159045659,0.008022768265191993,0.006292432417117411,0.005303077001431955,0.009479940132468001
losange,0.011878271982366684,0.009271491395373976,0.0028071419553502563,1.1102230246251565e-16,0.012088580531106285,0.012748444488243083,0.01133827931971565,0.010085965471869462,0.009074073893977963,0.005790696086147795,0.007712060429710399
isoTrapezoid,0.0048173502877897345,0.009214052428838548,0.010540399507080966,0.012088580531106285,0.0,0.0039090166285238315,0.003287641722407364,0.00971448468445879,0.009435543716573624,0.003903954505398044,0.006011341754897925
kite,0.00487923947872404,0.0071805179747680414,0.010010745426830336,0.012748444488243083,0.0039090166285238315,0.0,0.0019146583470384115,0.008797190394598253,0.008268677623091358,0.007454779881107654,0.010001911961184828
rightKite,0.004642524200249576,0.007225179484547484,0.008870045159045659,0.01133827931971565,0.003287641722407364,0.0019146583470384115,0.0,0.008005948388030926,0.007505157990117195,0.004664838750045197,0.007911559380025968
rustedHinge,0.007741876523743696,0.006869462467608667,0.008022768265191993,0.010085965471869462,0.00971448468445879,0.008797190394598253,0.008005948388030926,0.0,0.0007781897628060808,0.008293700194880849,0.008803313053754591
hinge,0.0065130892929423645,0.004958376219011296,0.006292432417117411,0.009074073893977963,0.009435543716573624,0.008268677623091358,0.007505157990117195,0.0007781897628060808,0.0,0.00742331857538725,0.008530609224430385
trapezoid,0.0055346979835100285,0.007167898640987991,0.005303077001431955,0.005790696086147795,0.003903954505398044,0.007454779881107654,0.004664838750045197,0.008293700194880849,0.00742331857538725,1.1102230246251565e-16,0.0030320417460881766
random,0.009826652157806648,0.01227504041602856,0.009479940132468001,0.007712060429710399,0.006011341754897925,0.010001911961184828,0.007911559380025968,0.008803313053754591,0.008530609224430385,0.0030320417460881766,0.0
