,square,rectangle,parallelogram,losange,isoTrapezoid,kite,rightKite,rustedHinge,hinge,trapezoid,random
square,0.0,0.008847619602176171,0.061360821826155654,0.09320176232764876,0.061059634078341474,0.05753394100868614,0.05899779613866418,0.07873822280243503,0.05770148078278714,0.060605663749968564,0.10061844980616319
rectangle,0.008847619602176171,0.0,0.05227243052532193,0.0883854212139934,0.07504140216854438,0.06662260992753588,0.070163296443991,0.08328591839714417,0.059223731096653465,0.0673709082079319,0.1107962323019247
parallelogram,0.061360821826155654,0.05227243052532193,0.0,0.011802262225777405,0.05110590646009194,0.04812376153035114,0.0558578732702375,0.06326949505228152,0.054035929922053194,0.024984066904292557,0.05730187624183314
losange,0.09320176232764876,0.0883854212139934,0.011802262225777405,0.0,0.0566021801275608,0.05530049670912984,0.060168160015064864,0.061740583407142835,0.06021039574519338,0.02874636871124303,0.04578145383220178
isoTrapezoid,0.061059634078341474,0.07504140216854438,0.05110590646009194,0.0566021801275608,1.1102230246251565e-16,0.01804247485604893,0.01660107282662615,0.049834232549353374,0.045976144993923995,0.01410264650333859,0.029049599419990302
kite,0.05753394100868614,0.06662260992753588,0.04812376153035114,0.05530049670912984,0.01804247485604893,0.0,0.007295922163992552,0.03122587929145426,0.025929790300506794,0.02654048938738307,0.028926983395346273
rightKite,0.05899779613866418,0.070163296443991,0.0558578732702375,0.060168160015064864,0.01660107282662615,0.007295922163992552,0.0,0.02563065911194673,0.022346686757821366,0.024647068695571872,0.029183199595641196
rustedHinge,0.07873822280243503,0.08328591839714417,0.06326949505228152,0.061740583407142835,0.049834232549353374,0.03122587929145426,0.02563065911194673,0.0,0.00540769739702085,0.0529409978170029,0.03594489807003742
hinge,0.05770148078278714,0.059223731096653465,0.054035929922053194,0.06021039574519338,0.045976144993923995,0.025929790300506794,0.022346686757821366,0.00540769739702085,0.0,0.04664729340118212,0.037353951786396555
trapezoid,0.060605663749968564,0.0673709082079319,0.024984066904292557,0.02874636871124303,0.01410264650333859,0.02654048938738307,0.024647068695571872,0.0529409978170029,0.04664729340118212,1.1102230246251565e-16,0.025136033186255236
random,0.10061844980616319,0.1107962323019247,0.05730187624183314,0.04578145383220178,0.029049599419990302,0.028926983395346273,0.029183199595641196,0.03594489807003742,0.037353951786396555,0.025136033186255236,0.0
