,square,rectangle,parallelogram,losange,isoTrapezoid,kite,rightKite,rustedHinge,hinge,trapezoid,random
square,0.0,0.01946311435370185,0.09856547316662845,0.14067145553307459,0.17790199378137583,0.18451877572563657,0.17365925413881922,0.18976311861252515,0.1633814988831962,0.15615504760492704,0.2472466878866485
rectangle,0.01946311435370185,0.0,0.09079228683573959,0.13629135002403703,0.1992168589845652,0.19893686432392121,0.19127021800684463,0.1946473245622845,0.16442621383762646,0.16538969980106444,0.2597403944460087
parallelogram,0.09856547316662845,0.09079228683573959,1.1102230246251565e-16,0.028201581023757694,0.15983369397328318,0.16334008060478822,0.16011849423465163,0.1625120759447053,0.13964523141838525,0.0912583941338091,0.18865574189217327
losange,0.14067145553307459,0.13629135002403703,0.028201581023757694,0.0,0.1593707680378501,0.16239526540721705,0.15264874558653685,0.14842603548167987,0.13424368898246364,0.09691154108298039,0.1586562658847297
isoTrapezoid,0.17790199378137583,0.1992168589845652,0.15983369397328318,0.1593707680378501,0.0,0.06554068742964814,0.06294271217109693,0.11843102278959872,0.1110290346684858,0.07337375175567595,0.09223508901540145
kite,0.18451877572563657,0.19893686432392121,0.16334008060478822,0.16239526540721705,0.06554068742964814,0.0,0.018727200357934293,0.0834892732251884,0.0667358664639911,0.10151413307552526,0.0793166023311801
rightKite,0.17365925413881922,0.19127021800684463,0.16011849423465163,0.15264874558653685,0.06294271217109693,0.018727200357934293,0.0,0.06299798440045767,0.05626934661799898,0.10010045851703897,0.08241972665514052
rustedHinge,0.18976311861252515,0.1946473245622845,0.1625120759447053,0.14842603548167987,0.11843102278959872,0.0834892732251884,0.06299798440045767,0.0,0.012343123020512548,0.13790987774656005,0.11026483522197361
hinge,0.1633814988831962,0.16442621383762646,0.13964523141838525,0.13424368898246364,0.1110290346684858,0.0667358664639911,0.05626934661799898,0.012343123020512548,0.0,0.11747612034251353,0.09942151435692181
trapezoid,0.15615504760492704,0.16538969980106444,0.0912583941338091,0.09691154108298039,0.07337375175567595,0.10151413307552526,0.10010045851703897,0.13790987774656005,0.11747612034251353,0.0,0.08262006645585862
random,0.2472466878866485,0.2597403944460087,0.18865574189217327,0.1586562658847297,0.09223508901540145,0.0793166023311801,0.08241972665514052,0.11026483522197361,0.09942151435692181,0.08262006645585862,0.0
