,square,rectangle,parallelogram,losange,isoTrapezoid,kite,rightKite,rustedHinge,hinge,trapezoid,random
square,2.220446049250313e-16,0.018576709342117526,0.073286235835205,0.09723902559380981,0.13239148570786385,0.1357206676194781,0.1310531296993266,0.1560972183387962,0.13906057161481178,0.10156913568034265,0.1703197194489846
rectangle,0.018576709342117526,2.220446049250313e-16,0.06844509476133076,0.10121862221156452,0.14956524180861197,0.14732510625960737,0.1449974733502799,0.1606818647753353,0.13967162315355275,0.11126349608667507,0.18265230997532234
parallelogram,0.073286235835205,0.06844509476133076,0.0,0.019744549290338087,0.11863139258296496,0.11440102835514743,0.11369439760098798,0.12322944046902484,0.10937544849338299,0.06664724522728493,0.13138612080183165
losange,0.09723902559380981,0.10121862221156452,0.019744549290338087,0.0,0.11238074543726606,0.10955045287992271,0.1055840860681323,0.11551527038921572,0.10714465522954542,0.06446547853010998,0.1084066879871447
isoTrapezoid,0.13239148570786385,0.14956524180861197,0.11863139258296496,0.11238074543726606,0.0,0.04996639662373559,0.0515371001140027,0.09813805085327376,0.0913578718237189,0.043327073693557705,0.06612361506379194
kite,0.1357206676194781,0.14732510625960737,0.11440102835514743,0.10955045287992271,0.04996639662373559,0.0,0.010422944138518075,0.05910725951936302,0.046122062714454404,0.05853940375260658,0.047961997661573275
rightKite,0.1310531296993266,0.1449974733502799,0.11369439760098798,0.1055840860681323,0.0515371001140027,0.010422944138518075,0.0,0.04526091535361121,0.0393908800543431,0.0634457741130603,0.055366431715777265
rustedHinge,0.1560972183387962,0.1606818647753353,0.12322944046902484,0.11551527038921572,0.09813805085327376,0.05910725951936302,0.04526091535361121,2.220446049250313e-16,0.008502561149855592,0.09986897380549153,0.08181822879475709
hinge,0.13906057161481178,0.13967162315355275,0.10937544849338299,0.10714465522954542,0.0913578718237189,0.046122062714454404,0.0393908800543431,0.008502561149855592,0.0,0.08579784493334763,0.07317558649548717
trapezoid,0.10156913568034265,0.11126349608667507,0.06664724522728493,0.06446547853010998,0.043327073693557705,0.05853940375260658,0.0634457741130603,0.09986897380549153,0.08579784493334763,2.220446049250313e-16,0.050631587908164466
random,0.1703197194489846,0.18265230997532234,0.13138612080183165,0.1084066879871447,0.06612361506379194,0.047961997661573275,0.055366431715777265,0.08181822879475709,0.07317558649548717,0.050631587908164466,0.0
