,square,rectangle,parallelogram,losange,isoTrapezoid,kite,rightKite,rustedHinge,hinge,trapezoid,random
square,1.1102230246251565e-16,0.022408887289613322,0.03749163906256325,0.05345577347094921,0.015285823838756651,0.010684061377177922,0.007557926132836235,0.025364437281694685,0.023320291934394666,0.01786251277051243,0.03357994438461198
rectangle,0.022408887289613322,0.0,0.0156842380972676,0.03265176630624189,0.03996795868881209,0.027507472174752134,0.025261963115857378,0.016496327737147598,0.01017656555069879,0.02828593729352613,0.04561976474206875
parallelogram,0.03749163906256325,0.0156842380972676,0.0,0.013596370424855064,0.04700553119606432,0.04187861141401361,0.035135777829798154,0.025443805226204153,0.018708840445181174,0.025602722623367047,0.040385202339287884
losange,0.05345577347094921,0.03265176630624189,0.013596370424855064,1.1102230246251565e-16,0.0525273082954939,0.05445846817591593,0.04906271468167722,0.0329271639408234,0.029570435909609616,0.029075964083166816,0.031626845578514584
isoTrapezoid,0.015285823838756651,0.03996795868881209,0.04700553119606432,0.0525273082954939,0.0,0.015083865691219778,0.013681678143875331,0.039166373950353495,0.03912641726943611,0.018318730272451234,0.025129891725114706
kite,0.010684061377177922,0.027507472174752134,0.04187861141401361,0.05445846817591593,0.015083865691219778,0.0,0.00824201482377973,0.034038614184462856,0.03331976633245448,0.028635393373559248,0.040509287784975645
rightKite,0.007557926132836235,0.025261963115857378,0.035135777829798154,0.04906271468167722,0.013681678143875331,0.00824201482377973,1.1102230246251565e-16,0.03054971004954954,0.029014498582712545,0.01656843855069423,0.03358068865182762
rustedHinge,0.025364437281694685,0.016496327737147598,0.025443805226204153,0.0329271639408234,0.039166373950353495,0.034038614184462856,0.03054971004954954,0.0,0.002978412726780344,0.02883703012337635,0.03561998317315773
hinge,0.023320291934394666,0.01017656555069879,0.018708840445181174,0.029570435909609616,0.03912641726943611,0.03331976633245448,0.029014498582712545,0.002978412726780344,0.0,0.025989872096896405,0.03586760591807647
trapezoid,0.01786251277051243,0.02828593729352613,0.025602722623367047,0.029075964083166816,0.018318730272451234,0.028635393373559248,0.01656843855069423,0.02883703012337635,0.025989872096896405,0.0,0.013778680249419195
random,0.03357994438461198,0.04561976474206875,0.040385202339287884,0.031626845578514584,0.025129891725114706,0.040509287784975645,0.03358068865182762,0.03561998317315773,0.03586760591807647,0.013778680249419195,1.1102230246251565e-16
