,square,rectangle,parallelogram,losange,isoTrapezoid,kite,rightKite,rustedHinge,hinge,trapezoid,random
square,0.0,0.022023053085178823,0.03667423034539463,0.04219489556336964,0.04930533491477518,0.034189113492570034,0.035755718878807574,0.03806775416669639,0.033608695231840735,0.04570650749193883,0.05378024939471271
rectangle,0.022023053085178823,2.220446049250313e-16,0.025023327791769967,0.031939364117473334,0.04862635768547685,0.03432993161499709,0.03566697541188224,0.03159470865535474,0.025465323969536158,0.0413737265380455,0.05014534243009183
parallelogram,0.03667423034539463,0.025023327791769967,0.0,0.010675098979917919,0.04065593648472887,0.029413410511795024,0.030222431745808964,0.02742099665360731,0.021329629794565652,0.026731190032430963,0.03296885867688182
losange,0.04219489556336964,0.031939364117473334,0.010675098979917919,2.220446049250313e-16,0.04429506989832255,0.034766273997897,0.036029484012382706,0.03132908323762296,0.026861353359287854,0.02994260266296589,0.030933854137691896
isoTrapezoid,0.04930533491477518,0.04862635768547685,0.04065593648472887,0.04429506989832255,0.0,0.02207712512124349,0.016029677767322226,0.03902245666182291,0.037409436536906204,0.016238089067743933,0.025855435711076624
kite,0.034189113492570034,0.03432993161499709,0.029413410511795024,0.034766273997897,0.02207712512124349,0.0,0.009868257722294271,0.029892105744908415,0.027581412062941957,0.02391912096599369,0.030680649421295114
rightKite,0.035755718878807574,0.03566697541188224,0.030222431745808964,0.036029484012382706,0.016029677767322226,0.009868257722294271,0.0,0.031430321794332694,0.028548430019631366,0.01865152568942907,0.029636013893769908
rustedHinge,0.03806775416669639,0.03159470865535474,0.02742099665360731,0.03132908323762296,0.03902245666182291,0.029892105744908415,0.031430321794332694,2.220446049250313e-16,0.005642117567252192,0.03408662584669042,0.030664662868235326
hinge,0.033608695231840735,0.025465323969536158,0.021329629794565652,0.026861353359287854,0.037409436536906204,0.027581412062941957,0.028548430019631366,0.005642117567252192,0.0,0.03083579120490565,0.030210291482385965
trapezoid,0.04570650749193883,0.0413737265380455,0.026731190032430963,0.02994260266296589,0.016238089067743933,0.02391912096599369,0.01865152568942907,0.03408662584669042,0.03083579120490565,0.0,0.01651828619660689
random,0.05378024939471271,0.05014534243009183,0.03296885867688182,0.030933854137691896,0.025855435711076624,0.030680649421295114,0.029636013893769908,0.030664662868235326,0.030210291482385965,0.01651828619660689,0.0
