,square,rectangle,parallelogram,losange,isoTrapezoid,kite,rightKite,rustedHinge,hinge,trapezoid,random
square,0.0,0.03429405175942879,0.07482349025894408,0.10483271359868851,0.03365053335452017,0.029652084530264133,0.026752811335991722,0.059883064947306,0.051743252526147754,0.042512119876016885,0.07686730167668698
rectangle,0.03429405175942879,0.0,0.0421620101400203,0.07928184407450256,0.07606427214149547,0.055358175692801326,0.05357800429266024,0.0483617375668669,0.03231804230715185,0.05987570324472069,0.10066804782018612
parallelogram,0.07482349025894408,0.0421620101400203,0.0,0.028013044338182413,0.09441540008674465,0.09653887889445667,0.07766986139709775,0.07144846148748563,0.05290020806528006,0.04615190734346386,0.0797720869053149
losange,0.10483271359868851,0.07928184407450256,0.028013044338182413,0.0,0.10482407997892085,0.11939690321434981,0.10095316309172542,0.0864558672411393,0.07510476907190511,0.051103130255676144,0.06172277388020597
isoTrapezoid,0.03365053335452017,0.07606427214149547,0.09441540008674465,0.10482407997892085,0.0,0.03514918605497541,0.03504846516215454,0.08902719600145359,0.08617844440469169,0.040669210609922124,0.05726594996363399
kite,0.029652084530264133,0.055358175692801326,0.09653887889445667,0.11939690321434981,0.03514918605497541,0.0,0.020197720262593477,0.08529240008936123,0.08249094803398882,0.07275313965020647,0.10151350918759172
rightKite,0.026752811335991722,0.05357800429266024,0.07766986139709775,0.10095316309172542,0.03504846516215454,0.020197720262593477,0.0,0.08148161748705285,0.07615444293126372,0.04239595150188602,0.08061456912765097
rustedHinge,0.059883064947306,0.0483617375668669,0.07144846148748563,0.0864558672411393,0.08902719600145359,0.08529240008936123,0.08148161748705285,2.220446049250313e-16,0.0069812207588525466,0.073257359988672,0.08428132163392532
hinge,0.051743252526147754,0.03231804230715185,0.05290020806528006,0.07510476907190511,0.08617844440469169,0.08249094803398882,0.07615444293126372,0.0069812207588525466,0.0,0.06299630482003349,0.07982375336421743
trapezoid,0.042512119876016885,0.05987570324472069,0.04615190734346386,0.051103130255676144,0.040669210609922124,0.07275313965020647,0.04239595150188602,0.073257359988672,0.06299630482003349,0.0,0.025922323168261818
random,0.07686730167668698,0.10066804782018612,0.0797720869053149,0.06172277388020597,0.05726594996363399,0.10151350918759172,0.08061456912765097,0.08428132163392532,0.07982375336421743,0.025922323168261818,0.0
