,square,rectangle,parallelogram,losange,isoTrapezoid,kite,rightKite,rustedHinge,hinge,trapezoid,random
square,0.0,0.04383627582781835,0.0851845083595546,0.10185876996057164,0.09328357451829583,0.06532202356234318,0.06425093414390004,0.07268604683478541,0.06335689311182535,0.08315404607058186,0.09973755088993042
rectangle,0.04383627582781835,1.1102230246251565e-16,0.07293402241423541,0.09504952571326086,0.10455990403980231,0.07622094609413865,0.07936011600713189,0.06896384876276074,0.054278540122224106,0.08598830796944867,0.09892579564758908
parallelogram,0.0851845083595546,0.07293402241423541,0.0,0.0314383622453932,0.1103801916915591,0.08268596713462162,0.08808357441483361,0.0758865808839575,0.06479531476136258,0.07401325859539665,0.08322201846600619
losange,0.10185876996057164,0.09504952571326086,0.0314383622453932,0.0,0.11272000680648686,0.0893828579032192,0.09554381639081011,0.08074149768441863,0.07480045746374586,0.0786754833853972,0.07104379515966641
isoTrapezoid,0.09328357451829583,0.10455990403980231,0.1103801916915591,0.11272000680648686,0.0,0.04940411019916435,0.04173837933047286,0.08290899565910859,0.08186312114322947,0.04666492396580779,0.06404275406619686
kite,0.06532202356234318,0.07622094609413865,0.08268596713462162,0.0893828579032192,0.04940411019916435,1.1102230246251565e-16,0.02044717678091046,0.05695399983381122,0.053438246994411354,0.06059394725974232,0.06366507313760217
rightKite,0.06425093414390004,0.07936011600713189,0.08808357441483361,0.09554381639081011,0.04173837933047286,0.02044717678091046,1.1102230246251565e-16,0.06093172877337927,0.05694758999283056,0.046468449758953256,0.0645163119422053
rustedHinge,0.07268604683478541,0.06896384876276074,0.0758865808839575,0.08074149768441863,0.08290899565910859,0.05695399983381122,0.06093172877337927,0.0,0.010449698828981058,0.07786084884674849,0.06262969324920609
hinge,0.06335689311182535,0.054278540122224106,0.06479531476136258,0.07480045746374586,0.08186312114322947,0.053438246994411354,0.05694758999283056,0.010449698828981058,0.0,0.07031658104911487,0.06265308232956568
trapezoid,0.08315404607058186,0.08598830796944867,0.07401325859539665,0.0786754833853972,0.04666492396580779,0.06059394725974232,0.046468449758953256,0.07786084884674849,0.07031658104911487,0.0,0.04018273836709174
random,0.09973755088993042,0.09892579564758908,0.08322201846600619,0.07104379515966641,0.06404275406619686,0.06366507313760217,0.0645163119422053,0.06262969324920609,0.06265308232956568,0.04018273836709174,0.0
