,square,rectangle,parallelogram,losange,isoTrapezoid,kite,rightKite,rustedHinge,hinge,trapezoid,random
square,0.0,0.04987708394164758,0.09945884837394203,0.11621057339016039,0.10136378046241556,0.0773811383172931,0.07044579761163328,0.10314930127729627,0.08726101699129263,0.08960409865380237,0.1162974774840474
rectangle,0.04987708394164758,0.0,0.07399419280501351,0.09509532180942382,0.10864008871378583,0.08457861120846832,0.08242685712648745,0.09311297963865284,0.07035044477791486,0.07946138166382155,0.10547617518633345
parallelogram,0.09945884837394203,0.07399419280501351,2.220446049250313e-16,0.020937987027145333,0.10705266432205729,0.0774589397932236,0.08344393911024595,0.07509985977911415,0.06169942433283904,0.06242641993840514,0.07474940689467158
losange,0.11621057339016039,0.09509532180942382,0.020937987027145333,0.0,0.11378897574824276,0.08742950925834458,0.09332324727269192,0.07833114015357479,0.06950986361210654,0.06729084549580056,0.06889664605509838
isoTrapezoid,0.10136378046241556,0.10864008871378583,0.10705266432205729,0.11378897574824276,0.0,0.04580971406156742,0.037708856983651895,0.0902120656956984,0.0873582236944247,0.038418914669083315,0.06248897053404279
kite,0.0773811383172931,0.08457861120846832,0.0774589397932236,0.08742950925834458,0.04580971406156742,2.220446049250313e-16,0.018560132219291314,0.06614905146088434,0.06117519263274451,0.055166426953423775,0.06702657669042655
rightKite,0.07044579761163328,0.08242685712648745,0.08344393911024595,0.09332324727269192,0.037708856983651895,0.018560132219291314,0.0,0.06670558051365894,0.06118663302334293,0.041229916353006324,0.0665522012491786
rustedHinge,0.10314930127729627,0.09311297963865284,0.07509985977911415,0.07833114015357479,0.0902120656956984,0.06614905146088434,0.06670558051365894,2.220446049250313e-16,0.010531142311040909,0.07145462885858733,0.06209520329378404
hinge,0.08726101699129263,0.07035044477791486,0.06169942433283904,0.06950986361210654,0.0873582236944247,0.06117519263274451,0.06118663302334293,0.010531142311040909,2.220446049250313e-16,0.06342652308542274,0.06135087391895333
trapezoid,0.08960409865380237,0.07946138166382155,0.06242641993840514,0.06729084549580056,0.038418914669083315,0.055166426953423775,0.041229916353006324,0.07145462885858733,0.06342652308542274,0.0,0.03343290175062408
random,0.1162974774840474,0.10547617518633345,0.07474940689467158,0.06889664605509838,0.06248897053404279,0.06702657669042655,0.0665522012491786,0.06209520329378404,0.06135087391895333,0.03343290175062408,0.0
