,square,rectangle,parallelogram,losange,isoTrapezoid,kite,rightKite,rustedHinge,hinge,trapezoid,random
square,0.0,0.02899588154775401,0.027427354339628063,0.03210309553260904,0.02680109721513224,0.020105661349525406,0.019786435183646423,0.028806939830110845,0.02537721486609168,0.024862550796170946,0.027933219810490684
rectangle,0.02899588154775401,0.0,0.02744493909788026,0.03457784254734386,0.032813701012387675,0.027864455852088188,0.03058072900559361,0.029881682044897606,0.02334501225452401,0.0259242317842443,0.03296426095523641
parallelogram,0.027427354339628063,0.02744493909788026,0.0,0.009398120789523512,0.024823606908893736,0.020106209696215127,0.021461662347956878,0.021448648723250807,0.018000593558695877,0.016193715430081745,0.019828664514328187
losange,0.03210309553260904,0.03457784254734386,0.009398120789523512,0.0,0.025950995689047796,0.02223475292182653,0.023985711632998674,0.023787653431417755,0.02253045327612313,0.018579918485054137,0.018407379945360236
isoTrapezoid,0.02680109721513224,0.032813701012387675,0.024823606908893736,0.025950995689047796,2.220446049250313e-16,0.011934304196443035,0.010651347078402207,0.01951720744949137,0.019494068021350563,0.010762355674966861,0.014375581352338185
kite,0.020105661349525406,0.027864455852088188,0.020106209696215127,0.02223475292182653,0.011934304196443035,0.0,0.006501460119233027,0.016654343022460272,0.01519294485833489,0.013143323339948831,0.014435259149810475
rightKite,0.019786435183646423,0.03058072900559361,0.021461662347956878,0.023985711632998674,0.010651347078402207,0.006501460119233027,2.220446049250313e-16,0.018539707472280398,0.01760007567869437,0.011833723554849018,0.01652431184114489
rustedHinge,0.028806939830110845,0.029881682044897606,0.021448648723250807,0.023787653431417755,0.01951720744949137,0.016654343022460272,0.018539707472280398,0.0,0.0047830138021466295,0.01865361798318088,0.015249318991005678
hinge,0.02537721486609168,0.02334501225452401,0.018000593558695877,0.02253045327612313,0.019494068021350563,0.01519294485833489,0.01760007567869437,0.0047830138021466295,0.0,0.016827923648053744,0.01591952660230811
trapezoid,0.024862550796170946,0.0259242317842443,0.016193715430081745,0.018579918485054137,0.010762355674966861,0.013143323339948831,0.011833723554849018,0.01865361798318088,0.016827923648053744,0.0,0.010790811766371311
random,0.027933219810490684,0.03296426095523641,0.019828664514328187,0.018407379945360236,0.014375581352338185,0.014435259149810475,0.01652431184114489,0.015249318991005678,0.01591952660230811,0.010790811766371311,0.0
