,square,rectangle,parallelogram,losange,isoTrapezoid,kite,rightKite,rustedHinge,hinge,trapezoid,random
square,1.1102230246251565e-16,0.06974283371136347,0.1008637001751207,0.11746396958134697,0.12125747944421683,0.0844852527418849,0.09076097332974364,0.09865674470186192,0.08965675478084378,0.1052998684169868,0.12208673753966137
rectangle,0.06974283371136347,0.0,0.07828172063374128,0.10097818553472959,0.11293066433164034,0.08750457070082696,0.08885106930301534,0.0840179649451056,0.07112313590007302,0.090678973063681,0.11298529649258526
parallelogram,0.1008637001751207,0.07828172063374128,0.0,0.027681260310130518,0.09970317089699743,0.07534340681497076,0.0782199579115882,0.06579708718449939,0.05874866828914538,0.06219171556586689,0.07549542803806042
losange,0.11746396958134697,0.10097818553472959,0.027681260310130518,0.0,0.1057292594494077,0.08428304394995889,0.088046156275017,0.07569179213811716,0.07334581605583901,0.06613350884241853,0.06744580521956389
isoTrapezoid,0.12125747944421683,0.11293066433164034,0.09970317089699743,0.1057292594494077,0.0,0.05302611350955555,0.03429768828125512,0.08294291589862557,0.08339377924908697,0.03669741187375153,0.05742928985529694
kite,0.0844852527418849,0.08750457070082696,0.07534340681497076,0.08428304394995889,0.05302611350955555,0.0,0.02206583014058383,0.061077675951421995,0.05975439223886514,0.04990876026809066,0.060969943251942826
rightKite,0.09076097332974364,0.08885106930301534,0.0782199579115882,0.088046156275017,0.03429768828125512,0.02206583014058383,0.0,0.06264969928575626,0.06093083649772091,0.035584653596427596,0.05739423642846764
rustedHinge,0.09865674470186192,0.0840179649451056,0.06579708718449939,0.07569179213811716,0.08294291589862557,0.061077675951421995,0.06264969928575626,0.0,0.013658287995730878,0.06431679886247665,0.06438762302941037
hinge,0.08965675478084378,0.07112313590007302,0.05874866828914538,0.07334581605583901,0.08339377924908697,0.05975439223886514,0.06093083649772091,0.013658287995730878,0.0,0.06271416965426568,0.06737449035176946
trapezoid,0.1052998684169868,0.090678973063681,0.06219171556586689,0.06613350884241853,0.03669741187375153,0.04990876026809066,0.035584653596427596,0.06431679886247665,0.06271416965426568,0.0,0.03409326372317589
random,0.12208673753966137,0.11298529649258526,0.07549542803806042,0.06744580521956389,0.05742928985529694,0.060969943251942826,0.05739423642846764,0.06438762302941037,0.06737449035176946,0.03409326372317589,0.0
