,square,rectangle,parallelogram,losange,isoTrapezoid,kite,rightKite,rustedHinge,hinge,trapezoid,random
square,0.0,0.010376338876868174,0.014745669982831444,0.0206362673728836,0.005653418430790147,0.0037413300457447285,0.0026134765553919026,0.010372604354560444,0.010183388830179996,0.0061457140932664744,0.012183453319576154
rectangle,0.010376338876868174,0.0,0.004825705424537974,0.010418159107846159,0.0160892876908173,0.01101219340849613,0.010699808671769895,0.005605903171689297,0.0035280348021662356,0.011108441995268503,0.016405874849254154
parallelogram,0.014745669982831444,0.004825705424537974,0.0,0.005236726200459674,0.018251649962768957,0.01520873729953598,0.01374567151694972,0.008041078464689821,0.005820697490824145,0.01134463833946775,0.015879731863670643
losange,0.0206362673728836,0.010418159107846159,0.005236726200459674,0.0,0.020127721242893304,0.019782470012092768,0.018940214520249188,0.009986185432991124,0.00893667862700942,0.012898219168788083,0.012428240410978897
isoTrapezoid,0.005653418430790147,0.0160892876908173,0.018251649962768957,0.020127721242893304,0.0,0.0057432113137260155,0.005204967577722375,0.014985230480210499,0.015463279167495791,0.006644306667077271,0.0095096292593001
kite,0.0037413300457447285,0.01101219340849613,0.01520873729953598,0.019782470012092768,0.0057432113137260155,0.0,0.002817577387032588,0.01292540069297654,0.012755186194254753,0.009394867344858282,0.013807007725728293
rightKite,0.0026134765553919026,0.010699808671769895,0.01374567151694972,0.018940214520249188,0.005204967577722375,0.002817577387032588,0.0,0.011775131275697848,0.011518464313893473,0.005819143673964633,0.012744886154011148
rustedHinge,0.010372604354560444,0.005605903171689297,0.008041078464689821,0.009986185432991124,0.014985230480210499,0.01292540069297654,0.011775131275697848,0.0,0.0011059103523064495,0.010584448895456178,0.012621988290722697
hinge,0.010183388830179996,0.0035280348021662356,0.005820697490824145,0.00893667862700942,0.015463279167495791,0.012755186194254753,0.011518464313893473,0.0011059103523064495,0.0,0.010047298856079356,0.013059040845481595
trapezoid,0.0061457140932664744,0.011108441995268503,0.01134463833946775,0.012898219168788083,0.006644306667077271,0.009394867344858282,0.005819143673964633,0.010584448895456178,0.010047298856079356,0.0,0.00621095042043629
random,0.012183453319576154,0.016405874849254154,0.015879731863670643,0.012428240410978897,0.0095096292593001,0.013807007725728293,0.012744886154011148,0.012621988290722697,0.013059040845481595,0.00621095042043629,0.0
