,square,rectangle,parallelogram,losange,isoTrapezoid,kite,rightKite,rustedHinge,hinge,trapezoid,random
square,1.1102230246251565e-16,0.056333039953793795,0.05858541604256018,0.08425278203028463,0.024353913241700442,0.02651582697949073,0.04116403812586944,0.08310129653297005,0.05196530469460903,0.016629546854351918,0.047782952395994394
rectangle,0.056333039953793795,0.0,0.022451507524783643,0.06790216050538855,0.11577171639320949,0.08317281527201603,0.08942929348473772,0.07695868367800485,0.028850752628583054,0.04227140947449948,0.11643148080682064
parallelogram,0.05858541604256018,0.022451507524783643,0.0,0.028968279620696924,0.11989340249886182,0.08454429867517987,0.09061072832337502,0.12222455932612353,0.05933357753229129,0.0253320532274377,0.0992131839151914
losange,0.08425278203028463,0.06790216050538855,0.028968279620696924,0.0,0.11293443774952139,0.09017346412148008,0.11131274772299782,0.14326861788097445,0.0951359721813092,0.04021027826875423,0.06710928429563667
isoTrapezoid,0.024353913241700442,0.11577171639320949,0.11989340249886182,0.11293443774952139,0.0,0.028679225241271977,0.059482000553279124,0.0963932671195118,0.09084924513792203,0.04914346015071236,0.029394701689038683
kite,0.02651582697949073,0.08317281527201603,0.08454429867517987,0.09017346412148008,0.028679225241271977,1.1102230246251565e-16,0.016618268785936974,0.12253684513451113,0.09848904770011724,0.04098212634967002,0.061135859685461535
rightKite,0.04116403812586944,0.08942929348473772,0.09061072832337502,0.11131274772299782,0.059482000553279124,0.016618268785936974,0.0,0.13039078485448485,0.10800686418974093,0.054481567350414206,0.09866938153566396
rustedHinge,0.08310129653297005,0.07695868367800485,0.12222455932612353,0.14326861788097445,0.0963932671195118,0.12253684513451113,0.13039078485448485,1.1102230246251565e-16,0.01695441806917164,0.09381840718728562,0.09139289013794838
hinge,0.05196530469460903,0.028850752628583054,0.05933357753229129,0.0951359721813092,0.09084924513792203,0.09848904770011724,0.10800686418974093,0.01695441806917164,1.1102230246251565e-16,0.049807772896247604,0.08245398917611169
trapezoid,0.016629546854351918,0.04227140947449948,0.0253320532274377,0.04021027826875423,0.04914346015071236,0.04098212634967002,0.054481567350414206,0.09381840718728562,0.049807772896247604,0.0,0.041064812760900016
random,0.047782952395994394,0.11643148080682064,0.0992131839151914,0.06710928429563667,0.029394701689038683,0.061135859685461535,0.09866938153566396,0.09139289013794838,0.08245398917611169,0.041064812760900016,1.1102230246251565e-16
