,square,rectangle,parallelogram,losange,isoTrapezoid,kite,rightKite,rustedHinge,hinge,trapezoid,random
square,1.1102230246251565e-16,0.03405221967252903,0.0691984574817166,0.10473374181630968,0.03932002859311767,0.03209239962379995,0.0315994699217772,0.06214263124939079,0.051152507312888895,0.042575106445000066,0.07449979505039539
rectangle,0.03405221967252903,0.0,0.0379023192862864,0.08176472189299311,0.08147322301319926,0.05807832654263956,0.05876415367243393,0.05195102853117284,0.032936762230063144,0.05922845492109341,0.09900838333550266
parallelogram,0.0691984574817166,0.0379023192862864,0.0,0.029930407421330574,0.0953731430220639,0.08642487356147222,0.07581383409583031,0.06936810534663296,0.05003621207181219,0.04596651225135229,0.08047903672806445
losange,0.10473374181630968,0.08176472189299311,0.029930407421330574,0.0,0.11045922321820245,0.11129704518855954,0.10278116477352095,0.08725529330258786,0.07653793368864803,0.05715344203433681,0.06585135885322435
isoTrapezoid,0.03932002859311767,0.08147322301319926,0.0953731430220639,0.11045922321820245,1.1102230246251565e-16,0.03293564675889826,0.03259839726234459,0.08809883760829273,0.0850821164224077,0.04032852464275882,0.052778531679869234
kite,0.03209239962379995,0.05807832654263956,0.08642487356147222,0.11129704518855954,0.03293564675889826,0.0,0.01905448155300582,0.08154162650849806,0.07555415975114455,0.06267403794095028,0.08369606989314016
rightKite,0.0315994699217772,0.05876415367243393,0.07581383409583031,0.10278116477352095,0.03259839726234459,0.01905448155300582,0.0,0.07922520189956828,0.07297187320061171,0.03900384510126509,0.07147393918478051
rustedHinge,0.06214263124939079,0.05195102853117284,0.06936810534663296,0.08725529330258786,0.08809883760829273,0.08154162650849806,0.07922520189956828,0.0,0.007917070241965307,0.0717983905288071,0.07839410165388305
hinge,0.051152507312888895,0.032936762230063144,0.05003621207181219,0.07653793368864803,0.0850821164224077,0.07555415975114455,0.07297187320061171,0.007917070241965307,0.0,0.06127766779827648,0.07566165988629991
trapezoid,0.042575106445000066,0.05922845492109341,0.04596651225135229,0.05715344203433681,0.04032852464275882,0.06267403794095028,0.03900384510126509,0.0717983905288071,0.06127766779827648,0.0,0.02698768477410929
random,0.07449979505039539,0.09900838333550266,0.08047903672806445,0.06585135885322435,0.052778531679869234,0.08369606989314016,0.07147393918478051,0.07839410165388305,0.07566165988629991,0.02698768477410929,0.0
