,square,rectangle,parallelogram,losange,isoTrapezoid,kite,rightKite,rustedHinge,hinge,trapezoid,random
square,0.0,0.011383693959257535,0.017497530645652515,0.02530727038151548,0.006986347825781891,0.004673682837683879,0.0032418946973764573,0.012316824231912937,0.011686622249781786,0.008187918632492241,0.0168251877111526
rectangle,0.011383693959257535,1.1102230246251565e-16,0.00654765625596343,0.015386704974129417,0.021267482758282608,0.013879933989628612,0.013005339911466351,0.007838944736945241,0.004804293191408515,0.014171136272741247,0.023600665387301323
parallelogram,0.017497530645652515,0.00654765625596343,1.1102230246251565e-16,0.006842196654769261,0.023395515054499216,0.019742141427740778,0.016812734111127048,0.01115013810420018,0.007946524554137024,0.012918828338224442,0.020672784345689754
losange,0.02530727038151548,0.015386704974129417,0.006842196654769261,0.0,0.025748560685611932,0.025895914229686734,0.023642564360198293,0.01419806977931204,0.012902263511780698,0.014334615186549216,0.014537311996686841
isoTrapezoid,0.006986347825781891,0.021267482758282608,0.023395515054499216,0.025748560685611932,0.0,0.007281377795425814,0.0064853070788433165,0.02015008106344196,0.02054590677353152,0.008692774768223721,0.013097608773717684
kite,0.004673682837683879,0.013879933989628612,0.019742141427740778,0.025895914229686734,0.007281377795425814,0.0,0.0035214041441216093,0.01731425846692447,0.016990736880975077,0.0130826104686258,0.020200695957171333
rightKite,0.0032418946973764573,0.013005339911466351,0.016812734111127048,0.023642564360198293,0.0064853070788433165,0.0035214041441216093,1.1102230246251565e-16,0.015556183686271097,0.014926404315617425,0.007737792683516598,0.0177304967179861
rustedHinge,0.012316824231912937,0.007838944736945241,0.01115013810420018,0.01419806977931204,0.02015008106344196,0.01731425846692447,0.015556183686271097,1.1102230246251565e-16,0.0012684794419852707,0.01386854799284254,0.017634524304327548
hinge,0.011686622249781786,0.004804293191408515,0.007946524554137024,0.012902263511780698,0.02054590677353152,0.016990736880975077,0.014926404315617425,0.0012684794419852707,0.0,0.01285634983798356,0.018305442682315043
trapezoid,0.008187918632492241,0.014171136272741247,0.012918828338224442,0.014334615186549216,0.008692774768223721,0.0130826104686258,0.007737792683516598,0.01386854799284254,0.01285634983798356,0.0,0.007448418845393712
random,0.0168251877111526,0.023600665387301323,0.020672784345689754,0.014537311996686841,0.013097608773717684,0.020200695957171333,0.0177304967179861,0.017634524304327548,0.018305442682315043,0.007448418845393712,0.0
