,square,rectangle,parallelogram,losange,isoTrapezoid,kite,rightKite,rustedHinge,hinge,trapezoid,random
square,0.0,0.030044523136966705,0.07610480470376624,0.12371017074255586,0.12208898773974597,0.11998240522577297,0.12452472160713757,0.1676752770246276,0.13784250374448337,0.11182653086888905,0.14839801717131418
rectangle,0.030044523136966705,0.0,0.07827978309292494,0.1356783436472896,0.1306166199567882,0.12682113520377336,0.13695899765649844,0.17010758943274096,0.1353511062631384,0.1099684572241123,0.15277136569900662
parallelogram,0.07610480470376624,0.07827978309292494,0.0,0.03242061347795577,0.13159891027688153,0.12748776328992473,0.1455493495631356,0.16180996857614005,0.1396284637598656,0.07679516727835889,0.13436774269941076
losange,0.12371017074255586,0.1356783436472896,0.03242061347795577,0.0,0.15391808016611053,0.1522893624491758,0.1640125067215762,0.1718237409027351,0.1587588832754444,0.09652702151883574,0.13692111457553058
isoTrapezoid,0.12208898773974597,0.1306166199567882,0.13159891027688153,0.15391808016611053,0.0,0.04670507288274117,0.044654160003507304,0.09592694027153681,0.07032718807721772,0.04665661180990155,0.06877522821221604
kite,0.11998240522577297,0.12682113520377336,0.12748776328992473,0.1522893624491758,0.04670507288274117,0.0,0.023822082116481513,0.09005003461612826,0.05962955754167021,0.059905152736868694,0.04896676902751995
rightKite,0.12452472160713757,0.13695899765649844,0.1455493495631356,0.1640125067215762,0.044654160003507304,0.023822082116481513,0.0,0.06567829404362979,0.043835138329844536,0.07438721709253282,0.05493625122056378
rustedHinge,0.1676752770246276,0.17010758943274096,0.16180996857614005,0.1718237409027351,0.09592694027153681,0.09005003461612826,0.06567829404362979,0.0,0.020358584117820766,0.11282708020648202,0.08033406082343164
hinge,0.13784250374448337,0.1353511062631384,0.1396284637598656,0.1587588832754444,0.07032718807721772,0.05962955754167021,0.043835138329844536,0.020358584117820766,1.1102230246251565e-16,0.08592336949963375,0.058820225988231334
trapezoid,0.11182653086888905,0.1099684572241123,0.07679516727835889,0.09652702151883574,0.04665661180990155,0.059905152736868694,0.07438721709253282,0.11282708020648202,0.08592336949963375,0.0,0.059856175969791314
random,0.14839801717131418,0.15277136569900662,0.13436774269941076,0.13692111457553058,0.06877522821221604,0.04896676902751995,0.05493625122056378,0.08033406082343164,0.058820225988231334,0.059856175969791314,1.1102230246251565e-16
