,square,rectangle,parallelogram,losange,isoTrapezoid,kite,rightKite,rustedHinge,hinge,trapezoid,random
square,1.1102230246251565e-16,0.0601693716750179,0.08906258574966397,0.12729341552824736,0.036116939515142055,0.023437336587268653,0.01686174950088426,0.06432015285116832,0.06090801870488238,0.04040417112473671,0.08067703533566906
rectangle,0.0601693716750179,0.0,0.03065771120843208,0.06928483065827795,0.10480787409321313,0.06761242088559472,0.06550183523823905,0.037231385803681016,0.022712475323372172,0.06971419017185643,0.11172439026441328
parallelogram,0.08906258574966397,0.03065771120843208,1.1102230246251565e-16,0.03605630115511216,0.11830907678719504,0.09791577124985729,0.08416880402240157,0.05477777591407906,0.038647750300035866,0.06645849490277622,0.10468171998588394
losange,0.12729341552824736,0.06928483065827795,0.03605630115511216,0.0,0.12925932079841862,0.12828896701427228,0.11806870363682265,0.06816170446349223,0.06081415810025925,0.07359424065177855,0.07771657103325813
isoTrapezoid,0.036116939515142055,0.10480787409321313,0.11830907678719504,0.12925932079841862,0.0,0.0369352597985968,0.03417480198658418,0.1027913598818696,0.10327845100502131,0.04237933854022591,0.062479050081337806
kite,0.023437336587268653,0.06761242088559472,0.09791577124985729,0.12828896701427228,0.0369352597985968,0.0,0.01785565394073174,0.08511442818836623,0.0827591251541564,0.06374424465716932,0.09646103398124395
rightKite,0.01686174950088426,0.06550183523823905,0.08416880402240157,0.11806870363682265,0.03417480198658418,0.01785565394073174,0.0,0.07838580926905947,0.0748450401648374,0.03784829244388721,0.08599011949157087
rustedHinge,0.06432015285116832,0.037231385803681016,0.05477777591407906,0.06816170446349223,0.1027913598818696,0.08511442818836623,0.07838580926905947,0.0,0.006514766345287137,0.07125880071137847,0.08912276124958163
hinge,0.06090801870488238,0.022712475323372172,0.038647750300035866,0.06081415810025925,0.10327845100502131,0.0827591251541564,0.0748450401648374,0.006514766345287137,0.0,0.06514043611780962,0.09018901646323019
trapezoid,0.04040417112473671,0.06971419017185643,0.06645849490277622,0.07359424065177855,0.04237933854022591,0.06374424465716932,0.03784829244388721,0.07125880071137847,0.06514043611780962,0.0,0.039448796180994505
random,0.08067703533566906,0.11172439026441328,0.10468171998588394,0.07771657103325813,0.062479050081337806,0.09646103398124395,0.08599011949157087,0.08912276124958163,0.09018901646323019,0.039448796180994505,0.0
