,square,rectangle,parallelogram,losange,isoTrapezoid,kite,rightKite,rustedHinge,hinge,trapezoid,random
square,2.220446049250313e-16,0.03533060759129392,0.08554358342606794,0.1433821318464873,0.059607264301061,0.0569050927346092,0.059684312775952986,0.08547770036477209,0.07439434408896217,0.05859334854300546,0.09830135393410233
rectangle,0.03533060759129392,0.0,0.04941116116520183,0.11137408579836816,0.10040660129482781,0.08202290586756256,0.08735264648230501,0.07810620043862171,0.061315383620689556,0.0762832927573831,0.12350418663949436
parallelogram,0.08554358342606794,0.04941116116520183,0.0,0.03833694835188217,0.11332154399597649,0.10542195415021416,0.10063660462835533,0.07852891167474352,0.06540045091609592,0.060350150858004104,0.09798241955803111
losange,0.1433821318464873,0.11137408579836816,0.03833694835188217,0.0,0.14044781259753158,0.14653654753319711,0.13819329344134756,0.11075811112172418,0.10606807672673269,0.07860333391323304,0.0991449170092984
isoTrapezoid,0.059607264301061,0.10040660129482781,0.11332154399597649,0.14044781259753158,0.0,0.03933731820440323,0.034722536665198867,0.09030940921497488,0.08801364345629992,0.03753155194907831,0.05822328006805744
kite,0.0569050927346092,0.08202290586756256,0.10542195415021416,0.14653654753319711,0.03933731820440323,0.0,0.016147919212210593,0.07145928299047655,0.06734294856136547,0.06475841414881911,0.08309190547516931
rightKite,0.059684312775952986,0.08735264648230501,0.10063660462835533,0.13819329344134756,0.034722536665198867,0.016147919212210593,0.0,0.06477971864677423,0.06116252226129948,0.046175540738716436,0.06835748027660848
rustedHinge,0.08547770036477209,0.07810620043862171,0.07852891167474352,0.11075811112172418,0.09030940921497488,0.07145928299047655,0.06477971864677423,1.1102230246251565e-16,0.008193868989355813,0.07362729249009348,0.07795558231408561
hinge,0.07439434408896217,0.061315383620689556,0.06540045091609592,0.10606807672673269,0.08801364345629992,0.06734294856136547,0.06116252226129948,0.008193868989355813,0.0,0.06734132992566066,0.07691415762171094
trapezoid,0.05859334854300546,0.0762832927573831,0.060350150858004104,0.07860333391323304,0.03753155194907831,0.06475841414881911,0.046175540738716436,0.07362729249009348,0.06734132992566066,0.0,0.03415290604893839
random,0.09830135393410233,0.12350418663949436,0.09798241955803111,0.0991449170092984,0.05822328006805744,0.08309190547516931,0.06835748027660848,0.07795558231408561,0.07691415762171094,0.03415290604893839,1.1102230246251565e-16
