,square,rectangle,parallelogram,losange,isoTrapezoid,kite,rightKite,rustedHinge,hinge,trapezoid,random
square,0.0,0.040590682081723894,0.07327923069986675,0.09843808704394186,0.03315716648642619,0.02124268661035089,0.01630249404678119,0.042810564393422235,0.04281336199004482,0.03435568939758993,0.07237594781949797
rectangle,0.040590682081723894,1.1102230246251565e-16,0.018793932468764596,0.04813820161109217,0.09401832733582083,0.0636485792229945,0.05912214285631345,0.023686701248094577,0.012450219038805055,0.0474860459304316,0.09900602138380754
parallelogram,0.07327923069986675,0.018793932468764596,0.0,0.017990115745183388,0.1169648273499333,0.1005097723844951,0.08826144254144319,0.04174395787176777,0.0238085982264864,0.04790429676673158,0.0955239394627615
losange,0.09843808704394186,0.04813820161109217,0.017990115745183388,0.0,0.12028222115360898,0.12397511390376681,0.11110490761325398,0.06336413960456322,0.045960074420564045,0.04591568232705556,0.06989552067325833
isoTrapezoid,0.03315716648642619,0.09401832733582083,0.1169648273499333,0.12028222115360898,0.0,0.03213950557377332,0.0268290998610331,0.08952119341880604,0.09190018186342164,0.039584432870907516,0.05115379394547348
kite,0.02124268661035089,0.0636485792229945,0.1005097723844951,0.12397511390376681,0.03213950557377332,0.0,0.013941266438287303,0.061791244666514866,0.069294736385485,0.06434933187114766,0.09094870020293933
rightKite,0.01630249404678119,0.05912214285631345,0.08826144254144319,0.11110490761325398,0.0268290998610331,0.013941266438287303,0.0,0.05650300085393567,0.061743446763895315,0.041629256963419015,0.08082542093737577
rustedHinge,0.042810564393422235,0.023686701248094577,0.04174395787176777,0.06336413960456322,0.08952119341880604,0.061791244666514866,0.05650300085393567,1.1102230246251565e-16,0.006769135659042913,0.055958251048690344,0.09302570542056898
hinge,0.04281336199004482,0.012450219038805055,0.0238085982264864,0.045960074420564045,0.09190018186342164,0.069294736385485,0.061743446763895315,0.006769135659042913,1.1102230246251565e-16,0.04427347496471279,0.08430340647111567
trapezoid,0.03435568939758993,0.0474860459304316,0.04790429676673158,0.04591568232705556,0.039584432870907516,0.06434933187114766,0.041629256963419015,0.055958251048690344,0.04427347496471279,0.0,0.0254316069537337
random,0.07237594781949797,0.09900602138380754,0.0955239394627615,0.06989552067325833,0.05115379394547348,0.09094870020293933,0.08082542093737577,0.09302570542056898,0.08430340647111567,0.0254316069537337,0.0
