,square,rectangle,parallelogram,losange,isoTrapezoid,kite,rightKite,rustedHinge,hinge,trapezoid,random
square,1.1102230246251565e-16,0.07008354331975752,0.13956897502489618,0.2144283026670557,0.09244215522533827,0.08030061205526406,0.07130227343338302,0.12439406642743756,0.11392818559848128,0.0928734488082027,0.17829227846706308
rectangle,0.07008354331975752,1.1102230246251565e-16,0.06581179653793001,0.15482971509590449,0.1801744435164524,0.12959605665799911,0.12789007028153843,0.09848322096152218,0.0728687423477673,0.12450936671444568,0.22109582809063477
parallelogram,0.13956897502489618,0.06581179653793001,0.0,0.04970199813015497,0.19055483877403667,0.16458525636207577,0.15044342352552764,0.10277451993753917,0.08013093138989924,0.09603373580699015,0.16547329233067265
losange,0.2144283026670557,0.15482971509590449,0.04970199813015497,0.0,0.21422199224135807,0.218161190785349,0.20265302718222356,0.14531441109528698,0.13669661389191745,0.10885199886628794,0.13234422279713542
isoTrapezoid,0.09244215522533827,0.1801744435164524,0.19055483877403667,0.21422199224135807,0.0,0.061095694800212375,0.05120767969799267,0.16570910177146392,0.16899495668756026,0.06537201201024367,0.09912396080587971
kite,0.08030061205526406,0.12959605665799911,0.16458525636207577,0.218161190785349,0.061095694800212375,0.0,0.029645117238340735,0.13180891166198483,0.12979383229078634,0.11001162521662988,0.15488547206063563
rightKite,0.07130227343338302,0.12789007028153843,0.15044342352552764,0.20265302718222356,0.05120767969799267,0.029645117238340735,0.0,0.12073374534679138,0.11907553211921951,0.06742115744045996,0.12830197307898228
rustedHinge,0.12439406642743756,0.09848322096152218,0.10277451993753917,0.14531441109528698,0.16570910177146392,0.13180891166198483,0.12073374534679138,0.0,0.01237990894975416,0.11820421920554769,0.14902149027432043
hinge,0.11392818559848128,0.0728687423477673,0.08013093138989924,0.13669661389191745,0.16899495668756026,0.12979383229078634,0.11907553211921951,0.01237990894975416,0.0,0.1109675957377062,0.1508328407859547
trapezoid,0.0928734488082027,0.12450936671444568,0.09603373580699015,0.10885199886628794,0.06537201201024367,0.11001162521662988,0.06742115744045996,0.11820421920554769,0.1109675957377062,1.1102230246251565e-16,0.05442750623995474
random,0.17829227846706308,0.22109582809063477,0.16547329233067265,0.13234422279713542,0.09912396080587971,0.15488547206063563,0.12830197307898228,0.14902149027432043,0.1508328407859547,0.05442750623995474,0.0
