,square,rectangle,parallelogram,losange,isoTrapezoid,kite,rightKite,rustedHinge,hinge,trapezoid,random
square,0.0,27.571836686549275,68.58283594081944,76.37139336331425,72.23392946621986,77.20995794435895,76.90047892117309,85.33674184205623,78.66306369569564,68.53750610892516,88.72374297403508
rectangle,27.571836686549275,0.0,66.18748634976552,75.56808800370789,78.47981152649957,79.9679477524915,80.32193647087146,85.55513483237497,77.55925565405921,71.57495397007065,91.07291723330704
parallelogram,68.58283594081944,66.18748634976552,0.0,28.56861468611723,64.58964250321537,70.70826182451516,72.97169627810608,74.4024181024212,65.60438934037482,50.53215934943944,73.32263267914834
losange,76.37139336331425,75.56808800370789,28.56861468611723,0.0,64.41663147108768,69.7760190742611,71.7037635452146,71.9321225423904,65.4734271593457,49.1923171163091,65.0200783505957
isoTrapezoid,72.23392946621986,78.47981152649957,64.58964250321537,64.41663147108768,0.0,42.83614828675818,41.593777718722876,58.94104253434078,55.96084118975388,36.781022552071654,48.473602715087964
kite,77.20995794435895,79.9679477524915,70.70826182451516,69.7760190742611,42.83614828675818,0.0,22.55679122575044,48.00874532504093,41.353720700241084,49.91532246922229,43.337937018803146
rightKite,76.90047892117309,80.32193647087146,72.97169627810608,71.7037635452146,41.593777718722876,22.55679122575044,0.0,42.34563552034573,39.82106975148587,50.43050250117626,43.703146053140955
rustedHinge,85.33674184205623,85.55513483237497,74.4024181024212,71.9321225423904,58.94104253434078,48.00874532504093,42.34563552034573,0.0,22.943098460780245,62.5563911308354,51.99712716143522
hinge,78.66306369569564,77.55925565405921,65.60438934037482,65.4734271593457,55.96084118975388,41.353720700241084,39.82106975148587,22.943098460780245,0.0,55.71762708771088,46.39468371793016
trapezoid,68.53750610892516,71.57495397007065,50.53215934943944,49.1923171163091,36.781022552071654,49.91532246922229,50.43050250117626,62.5563911308354,55.71762708771088,0.0,45.577189766936
random,88.72374297403508,91.07291723330704,73.32263267914834,65.0200783505957,48.473602715087964,43.337937018803146,43.703146053140955,51.99712716143522,46.39468371793016,45.577189766936,0.0
