,square,rectangle,parallelogram,losange,isoTrapezoid,kite,rightKite,rustedHinge,hinge,trapezoid,random
square,0.0,45.48285829863105,54.55429242828677,66.38303684048695,36.753171880699384,30.980294202328786,25.97926977333542,48.43634161126755,46.713853844429686,38.759997986436716,54.45368736520763
rectangle,45.48285829863105,0.0,35.79114561273668,53.87256150718832,64.97228289359458,50.93618897182319,49.369799319173666,38.47890039515528,30.344820139177862,51.03131226056721,65.7391808188384
parallelogram,54.55429242828677,35.79114561273668,0.0,37.58384014692024,65.71045722999436,59.490450507927044,54.16713996109186,46.30372519765541,39.49267479905621,47.44054092588999,61.24551495960843
losange,66.38303684048695,53.87256150718832,37.58384014692024,0.0,68.90137090177844,67.9083560088118,64.7294021387921,51.190892107857735,49.09300686001037,50.504154999921276,52.39800628904728
isoTrapezoid,36.753171880699384,64.97228289359458,65.71045722999436,68.90137090177844,0.0,38.78593343451832,36.94340783044732,63.862286934446864,63.99073825335276,42.178475602559125,51.17001136734753
kite,30.980294202328786,50.93618897182319,59.490450507927044,67.9083560088118,38.78593343451832,0.0,26.6814710454987,57.88999453987253,56.981047551800835,49.275836477092334,60.47960608389365
rightKite,25.97926977333542,49.369799319173666,54.16713996109186,64.7294021387921,36.94340783044732,26.6814710454987,0.0,54.801431982748824,53.348385783037294,38.507277536999105,57.65265915150769
rustedHinge,48.43634161126755,38.47890039515528,46.30372519765541,51.190892107857735,63.862286934446864,57.88999453987253,54.801431982748824,0.0,15.482432721611815,51.83849290236686,57.88568802339245
hinge,46.713853844429686,30.344820139177862,39.49267479905621,49.09300686001037,63.99073825335276,56.981047551800835,53.348385783037294,15.482432721611815,0.0,49.49504302171601,58.54693447256575
trapezoid,38.759997986436716,51.03131226056721,47.44054092588999,50.504154999921276,42.178475602559125,49.275836477092334,38.507277536999105,51.83849290236686,49.49504302171601,0.0,38.57763110727379
random,54.45368736520763,65.7391808188384,61.24551495960843,52.39800628904728,51.17001136734753,60.47960608389365,57.65265915150769,57.88568802339245,58.54693447256575,38.57763110727379,0.0
