,square,rectangle,parallelogram,losange,isoTrapezoid,kite,rightKite,rustedHinge,hinge,trapezoid,random
square,0.0,51.85615358088493,60.01663351149563,71.16735413422722,40.839440711929534,32.76153611320422,27.914830448238718,52.15878705139446,51.77931352213811,41.165257291550404,57.477981479529795
rectangle,51.85615358088493,0.0,37.83530692843928,55.153645600396686,69.92003541332889,55.39347661065145,53.712772118971984,39.70890313264484,32.15905220080327,54.70335535705854,69.41647934626316
parallelogram,60.01663351149563,37.83530692843928,0.0,38.54478231988541,70.44661688520992,62.46448317062293,58.548018518730736,46.7798665272947,40.87999621761892,53.699403163210135,65.70916639521006
losange,71.16735413422722,55.153645600396686,38.54478231988541,0.0,72.99413880043682,70.67823765491153,68.53868262196116,52.08546895808395,50.13032121882875,56.32752045605969,56.976347969900935
isoTrapezoid,40.839440711929534,69.92003541332889,70.44661688520992,72.99413880043682,0.0,41.72707682479289,39.62541355007153,66.41117531125319,67.94292944602161,45.170159182987355,53.17294273235823
kite,32.76153611320422,55.39347661065145,62.46448317062293,70.67823765491153,41.72707682479289,0.0,28.33581874153304,60.219659606200814,60.07886938053851,49.99247426285911,61.491245206651875
rightKite,27.914830448238718,53.712772118971984,58.548018518730736,68.53868262196116,39.62541355007153,28.33581874153304,0.0,56.62827642094661,56.21493996716306,40.0016524136211,59.108519880926124
rustedHinge,52.15878705139446,39.70890313264484,46.7798665272947,52.08546895808395,66.41117531125319,60.219659606200814,56.62827642094661,0.0,18.06780322809051,53.05941847698259,60.55510740751509
hinge,51.77931352213811,32.15905220080327,40.87999621761892,50.13032121882875,67.94292944602161,60.07886938053851,56.21493996716306,18.06780322809051,0.0,52.055491089449454,62.070633755441094
trapezoid,41.165257291550404,54.70335535705854,53.699403163210135,56.32752045605969,45.170159182987355,49.99247426285911,40.0016524136211,53.05941847698259,52.055491089449454,0.0,42.28242602174884
random,57.477981479529795,69.41647934626316,65.70916639521006,56.976347969900935,53.17294273235823,61.491245206651875,59.108519880926124,60.55510740751509,62.070633755441094,42.28242602174884,0.0
