,square,rectangle,parallelogram,losange,isoTrapezoid,kite,rightKite,rustedHinge,hinge,trapezoid,random
square,0.0,53.2928557919591,86.98369038684581,140.00279610838402,44.42134181404609,77.08444875247119,67.57118193537615,82.33367703446176,65.317942794947,79.03503643320258,104.95000966746127
rectangle,53.2928557919591,0.0,77.95535694849642,141.3881724477657,79.26734857147011,98.98831337805441,91.60483271903907,85.41282620869764,60.46826676168717,96.35239353555804,123.11009114962337
parallelogram,86.98369038684581,77.95535694849642,0.0,73.46157985999821,91.00436478973698,77.26720525613003,68.92365885277454,59.545709355929716,52.65956626619145,57.58153103047851,79.81482901880338
losange,140.00279610838402,141.3881724477657,73.46157985999821,0.0,132.48633743451666,97.51304334971397,96.38342213632762,86.17399740774435,99.80320406799608,77.72274071450298,71.62148960259131
isoTrapezoid,44.42134181404609,79.26734857147011,91.00436478973698,132.48633743451666,0.0,71.38059997564662,63.25896006426583,89.084712584754,78.98508824203022,71.10899040751721,91.44863568848066
kite,77.08444875247119,98.98831337805441,77.26720525613003,97.51304334971397,71.38059997564662,0.0,32.96744136370623,70.87876140610169,75.82464170609873,62.49251569267918,77.53792307607644
rightKite,67.57118193537615,91.60483271903907,68.92365885277454,96.38342213632762,63.25896006426583,32.96744136370623,0.0,67.02408614354373,68.94470922744443,46.737305177192866,72.03961684423548
rustedHinge,82.33367703446176,85.41282620869764,59.545709355929716,86.17399740774435,89.084712584754,70.87876140610169,67.02408614354373,0.0,30.029454885919893,63.820237646909405,74.54410148697089
hinge,65.317942794947,60.46826676168717,52.65956626619145,99.80320406799608,78.98508824203022,75.82464170609873,68.94470922744443,30.029454885919893,0.0,65.75630796172246,84.52623314077546
trapezoid,79.03503643320258,96.35239353555804,57.58153103047851,77.72274071450298,71.10899040751721,62.49251569267918,46.737305177192866,63.820237646909405,65.75630796172246,0.0,45.802279338197195
random,104.95000966746127,123.11009114962337,79.81482901880338,71.62148960259131,91.44863568848066,77.53792307607644,72.03961684423548,74.54410148697089,84.52623314077546,45.802279338197195,0.0
