,square,rectangle,parallelogram,losange,isoTrapezoid,kite,rightKite,rustedHinge,hinge,trapezoid,random
square,0.0,8.883229976369234,11.31817931955561,13.360788715298957,6.621752576662294,5.706929274279626,4.823396559886377,9.255079549717305,9.001312760125618,7.218743278093783,10.173573943093977
rectangle,8.883229976369234,0.0,6.339661591139261,9.641998735302865,11.431179300625017,9.344395950225561,9.221745250341877,7.328878568057887,5.775209965915687,9.304655554607098,11.938320614107255
parallelogram,11.31817931955561,6.339661591139261,0.0,6.42457008137367,12.745553225240302,11.652822441387816,11.037193732564711,8.640335697059045,7.1916705688831435,9.45446155413208,11.689314630211511
losange,13.360788715298957,9.641998735302865,6.42457008137367,0.0,13.506321404638369,13.368209768414127,12.855531250569273,9.68633786216966,8.996982754470807,10.027051433602765,10.279302657699713
isoTrapezoid,6.621752576662294,11.431179300625017,12.745553225240302,13.506321404638369,0.0,6.858805459690877,6.297685018178839,11.12595893073696,11.215181777380149,7.4329013385452765,8.895339276781904
kite,5.706929274279626,9.344395950225561,11.652822441387816,13.368209768414127,6.858805459690877,0.0,4.7650336422499615,10.6546615428952,10.468619515547523,9.222493661246313,11.279099807693402
rightKite,4.823396559886377,9.221745250341877,11.037193732564711,12.855531250569273,6.297685018178839,4.7650336422499615,0.0,10.147046075677963,9.921297232799567,7.196793671695992,10.478166701198308
rustedHinge,9.255079549717305,7.328878568057887,8.640335697059045,9.68633786216966,11.12595893073696,10.6546615428952,10.147046075677963,0.0,3.09380136188423,9.241239775019388,10.225706355387548
hinge,9.001312760125618,5.775209965915687,7.1916705688831435,8.996982754470807,11.215181777380149,10.468619515547523,9.921297232799567,3.09380136188423,0.0,8.811591081294969,10.33187645978075
trapezoid,7.218743278093783,9.304655554607098,9.45446155413208,10.027051433602765,7.4329013385452765,9.222493661246313,7.196793671695992,9.241239775019388,8.811591081294969,0.0,6.741847433494814
random,10.173573943093977,11.938320614107255,11.689314630211511,10.279302657699713,8.895339276781904,11.279099807693402,10.478166701198308,10.225706355387548,10.33187645978075,6.741847433494814,0.0
