,square,rectangle,parallelogram,losange,isoTrapezoid,kite,rightKite,rustedHinge,hinge,trapezoid,random
square,0.0,36.31296716917167,49.22035466513197,55.82653512175611,39.191222413607754,37.028751760291435,33.02138605503476,48.34009983375608,44.84583709494603,39.133022833535854,49.58432143035323
rectangle,36.31296716917167,0.0,33.10142794641959,45.34093103575496,54.133171829065276,47.56494982385823,45.368315811024644,42.0859522841911,34.83564885212792,45.29487522181328,56.09318926600463
parallelogram,49.22035466513197,33.10142794641959,0.0,26.1887326436399,55.66566164918265,52.66672099018145,48.63483777560667,43.9166188748202,37.85551819832247,40.92483164766261,52.01300942828675
losange,55.82653512175611,45.34093103575496,26.1887326436399,0.0,58.06301501300973,57.20851377162538,53.60721148483479,48.1729134532032,44.89616888166221,43.06496653628401,47.86137635240185
isoTrapezoid,39.191222413607754,54.133171829065276,55.66566164918265,58.06301501300973,0.0,34.19008747104517,30.420380342540565,52.10676698443973,51.61455755044417,34.345593531895766,39.738282866638514
kite,37.028751760291435,47.56494982385823,52.66672099018145,57.20851377162538,34.19008747104517,0.0,23.883898933418084,49.960558633448436,48.57159502664459,43.947595975498174,49.57054617053921
rightKite,33.02138605503476,45.368315811024644,48.63483777560667,53.60721148483479,30.420380342540565,23.883898933418084,0.0,48.03084226715622,46.074682998258325,35.03933772560196,45.16064750538105
rustedHinge,48.34009983375608,42.0859522841911,43.9166188748202,48.1729134532032,52.10676698443973,49.960558633448436,48.03084226715622,0.0,16.02753444167706,44.163205051381084,46.09569992835809
hinge,44.84583709494603,34.83564885212792,37.85551819832247,44.89616888166221,51.61455755044417,48.57159502664459,46.074682998258325,16.02753444167706,0.0,41.41412073669001,46.18709428768974
trapezoid,39.133022833535854,45.29487522181328,40.92483164766261,43.06496653628401,34.345593531895766,43.947595975498174,35.03933772560196,44.163205051381084,41.41412073669001,0.0,29.368459722665527
random,49.58432143035323,56.09318926600463,52.01300942828675,47.86137635240185,39.738282866638514,49.57054617053921,45.16064750538105,46.09569992835809,46.18709428768974,29.368459722665527,0.0
