,square,rectangle,parallelogram,losange,isoTrapezoid,kite,rightKite,rustedHinge,hinge,trapezoid,random
square,0.0,16.91628971903,27.64835252679754,32.106663059454554,24.008634102627898,22.80898010271994,21.942120598468556,29.203219641039063,26.247940751083302,24.656487974405778,30.463630039353507
rectangle,16.91628971903,0.0,21.85986295134728,28.498953154863596,29.44914054214872,26.38227211110015,25.990636868284337,27.944390234302947,23.506884934245186,26.782352479921254,32.53121391409604
parallelogram,27.64835252679754,21.85986295134728,0.0,14.160618779939192,29.579469631790968,28.15267326639854,27.1062014688798,27.342016998328432,24.226628431899872,21.55119117000046,26.958956491466406
losange,32.106663059454554,28.498953154863596,14.160618779939192,0.0,30.8768173373764,30.698975968079132,29.63275479445714,28.740547672957494,26.978478486402395,22.8386140755435,24.832741024683536
isoTrapezoid,24.008634102627898,29.44914054214872,29.579469631790968,30.8768173373764,0.0,19.701003732583544,16.472432217948505,28.231750842814044,27.75467350003051,18.69287700277594,22.17388263735709
kite,22.80898010271994,26.38227211110015,28.15267326639854,30.698975968079132,19.701003732583544,0.0,13.29016462953394,27.300340391437594,26.07125275023436,24.746151959794663,27.28081754750495
rightKite,21.942120598468556,25.990636868284337,27.1062014688798,29.63275479445714,16.472432217948505,13.29016462953394,0.0,25.656553755149538,24.523732594999974,19.79017488700317,24.594355371315057
rustedHinge,29.203219641039063,27.944390234302947,27.342016998328432,28.740547672957494,28.231750842814044,27.300340391437594,25.656553755149538,0.0,8.952826856904567,26.647675620216205,26.009382808502938
hinge,26.247940751083302,23.506884934245186,24.226628431899872,26.978478486402395,27.75467350003051,26.07125275023436,24.523732594999974,8.952826856904567,0.0,24.934038705584104,25.42916298456395
trapezoid,24.656487974405778,26.782352479921254,21.55119117000046,22.8386140755435,18.69287700277594,24.746151959794663,19.79017488700317,26.647675620216205,24.934038705584104,0.0,15.957993928512709
random,30.463630039353507,32.53121391409604,26.958956491466406,24.832741024683536,22.17388263735709,27.28081754750495,24.594355371315057,26.009382808502938,25.42916298456395,15.957993928512709,0.0
