,square,rectangle,parallelogram,losange,isoTrapezoid,kite,rightKite,rustedHinge,hinge,trapezoid,random
square,0.0,35.49690063876755,47.4132030410876,54.156721772009604,42.52600918536043,41.67217467392425,36.86437047394101,52.52976569278113,48.99009361412196,44.23321891314337,55.54949141944702
rectangle,35.49690063876755,0.0,35.098651601477755,46.04142200201206,53.398235562981384,48.86332504362172,46.58796582892728,48.431268351132644,41.95401577804541,49.0566204890483,59.67344499248105
parallelogram,47.4132030410876,35.098651601477755,0.0,25.281859597832604,52.96616719481369,50.89071538724964,47.342530247001676,45.60637671376038,39.37418416260727,42.57064701142019,52.54857061936968
losange,54.156721772009604,46.04142200201206,25.281859597832604,0.0,55.621068273551124,55.76842595556697,52.29134855648136,48.627380359434746,44.61523301836329,44.25010280651942,49.39476034740581
isoTrapezoid,42.52600918536043,53.398235562981384,52.96616719481369,55.621068273551124,0.0,34.404304218122896,31.018404764869487,51.066457398414045,50.5335631744265,36.29502282265948,41.66568836689631
kite,41.67217467392425,48.86332504362172,50.89071538724964,55.76842595556697,34.404304218122896,0.0,25.604871391431832,50.45393405895191,48.754194974174176,45.59047726539657,50.57667091727754
rightKite,36.86437047394101,46.58796582892728,47.342530247001676,52.29134855648136,31.018404764869487,25.604871391431832,0.0,49.295736705935234,47.18647526472142,39.050942754228736,48.728142163823385
rustedHinge,52.52976569278113,48.431268351132644,45.60637671376038,48.627380359434746,51.066457398414045,50.45393405895191,49.295736705935234,0.0,17.271391247984454,43.94869561368439,45.79804267203236
hinge,48.99009361412196,41.95401577804541,39.37418416260727,44.61523301836329,50.5335631744265,48.754194974174176,47.18647526472142,17.271391247984454,0.0,41.48036401744643,45.32273906073416
trapezoid,44.23321891314337,49.0566204890483,42.57064701142019,44.25010280651942,36.29502282265948,45.59047726539657,39.050942754228736,43.94869561368439,41.48036401744643,0.0,31.256704657069392
random,55.54949141944702,59.67344499248105,52.54857061936968,49.39476034740581,41.66568836689631,50.57667091727754,48.728142163823385,45.79804267203236,45.32273906073416,31.256704657069392,0.0
