,square,rectangle,parallelogram,losange,isoTrapezoid,kite,rightKite,rustedHinge,hinge,trapezoid,random
square,0.0,16.122137539180077,24.700900179673276,29.687018884944504,18.041201733041508,17.247892216775647,16.333874588756867,23.81200117364402,21.224270123295202,19.264725826766334,25.10298345138054
rectangle,16.122137539180077,0.0,18.01350266572187,25.35587213859342,25.478823240183914,21.81915091833313,21.787710204817564,22.610743155612383,18.05758687437568,21.855648318231054,28.229435136002508
parallelogram,24.700900179673276,18.01350266572187,0.0,14.320168794226666,28.202461781616154,27.443589843912783,25.257755966631503,24.79889583425357,20.959964529856116,19.087931854293988,24.9937875052451
losange,29.687018884944504,25.35587213859342,14.320168794226666,0.0,30.28800816163837,30.821176781307777,28.97206279472339,26.86614428277622,24.68773677628735,20.919459918066902,22.894979249919764
isoTrapezoid,18.041201733041508,25.478823240183914,28.202461781616154,30.28800816163837,0.0,17.27524039290635,15.87863048039027,26.984844465676893,26.30593291896985,18.437730287447202,21.320655924017775
kite,17.247892216775647,21.81915091833313,27.443589843912783,30.821176781307777,17.27524039290635,0.0,12.568181128354492,26.570276357180248,25.351398032443345,23.80856144854926,27.243889447618187
rightKite,16.333874588756867,21.787710204817564,25.257755966631503,28.97206279472339,15.87863048039027,12.568181128354492,0.0,25.650090460095647,24.327078491607633,18.371860513847007,24.066364334319935
rustedHinge,23.81200117364402,22.610743155612383,24.79889583425357,26.86614428277622,26.984844465676893,26.570276357180248,25.650090460095647,0.0,8.323418056674448,24.888686314105925,25.413687654905853
hinge,21.224270123295202,18.05758687437568,20.959964529856116,24.68773677628735,26.30593291896985,25.351398032443345,24.327078491607633,8.323418056674448,0.0,22.6754862790226,24.367611005023267
trapezoid,19.264725826766334,21.855648318231054,19.087931854293988,20.919459918066902,18.437730287447202,23.80856144854926,18.371860513847007,24.888686314105925,22.6754862790226,0.0,14.155332774157213
random,25.10298345138054,28.229435136002508,24.9937875052451,22.894979249919764,21.320655924017775,27.243889447618187,24.066364334319935,25.413687654905853,24.367611005023267,14.155332774157213,0.0
