,square,rectangle,parallelogram,losange,isoTrapezoid,kite,rightKite,rustedHinge,hinge,trapezoid,random
square,0.0,10.83681832275296,13.553151474271148,16.264072113996495,8.00351260207111,6.80213554194956,5.611629358223685,11.15008604236884,10.963618469304711,8.726320964513267,12.360335307076394
rectangle,10.83681832275296,0.0,7.490698370197647,11.446107731495045,13.467908936860354,11.377790752748188,11.186207795268684,8.631433034616348,6.7955789112950615,11.362586325426381,14.139683567520796
parallelogram,13.553151474271148,7.490698370197647,0.0,7.994580712711279,14.994498393277356,13.950598684675441,13.236205701521921,10.250032358224646,8.548814495034298,11.628881393623042,14.04515235609218
losange,16.264072113996495,11.446107731495045,7.994580712711279,0.0,16.108956331420252,16.187330816967105,15.71961475917256,11.438917260376623,10.644950380348282,12.58800505741195,12.460862148816641
isoTrapezoid,8.00351260207111,13.467908936860354,14.994498393277356,16.108956331420252,0.0,8.224915987082728,7.6756243862073585,13.25191710483721,13.365052092362696,8.915323267690761,10.855302546428774
kite,6.80213554194956,11.377790752748188,13.950598684675441,16.187330816967105,8.224915987082728,0.0,5.808075018188523,12.805738124537925,12.638177643788078,11.151208201500282,13.571623814113893
rightKite,5.611629358223685,11.186207795268684,13.236205701521921,15.71961475917256,7.6756243862073585,5.808075018188523,0.0,12.126210981712934,11.92989467176428,8.738243562974665,12.840077316756716
rustedHinge,11.15008604236884,8.631433034616348,10.250032358224646,11.438917260376623,13.25191710483721,12.805738124537925,12.126210981712934,0.0,3.578612746023988,11.21537234673882,12.165779942584225
hinge,10.963618469304711,6.7955789112950615,8.548814495034298,10.644950380348282,13.365052092362696,12.638177643788078,11.92989467176428,3.578612746023988,0.0,10.786892673761606,12.326569512046694
trapezoid,8.726320964513267,11.362586325426381,11.628881393623042,12.58800505741195,8.915323267690761,11.151208201500282,8.738243562974665,11.21537234673882,10.786892673761606,0.0,8.537821486932064
random,12.360335307076394,14.139683567520796,14.04515235609218,12.460862148816641,10.855302546428774,13.571623814113893,12.840077316756716,12.165779942584225,12.326569512046694,8.537821486932064,0.0
