,square,rectangle,parallelogram,losange,isoTrapezoid,kite,rightKite,rustedHinge,hinge,trapezoid,random
square,0.0,52.856550690278276,93.13898284459295,108.15142951397164,49.55423055961225,45.83522915955174,37.85663694586876,73.2889666803601,56.69517458211322,52.381333980799404,54.18198738884438
rectangle,52.856550690278276,0.0,59.2194092252165,76.71820887730088,88.42865034624,67.26284432332406,67.78474037546434,92.20605073154319,64.93741756191018,52.61846175664474,71.4152096761072
parallelogram,93.13898284459295,59.2194092252165,0.0,21.385333235195613,129.06301304764685,118.73509691669055,111.26742051483427,100.76361978765108,70.12796450617947,57.90934911784052,78.0222819204107
losange,108.15142951397164,76.71820887730088,21.385333235195613,0.0,142.77707584004068,134.44612808722513,126.06598946250759,109.22122867046639,80.58117533316104,69.79638932001733,87.10718975670159
isoTrapezoid,49.55423055961225,88.42865034624,129.06301304764685,142.77707584004068,0.0,41.776018394707,27.76387196947998,82.25144529147384,84.27873014808766,90.87345612670211,82.90489230973392
kite,45.83522915955174,67.26284432332406,118.73509691669055,134.44612808722513,41.776018394707,0.0,28.163701362621953,98.01825871687295,89.54039478001249,87.8408980042516,89.75592839285933
rightKite,37.85663694586876,67.78474037546434,111.26742051483427,126.06598946250759,27.76387196947998,28.163701362621953,0.0,76.13415905088925,72.27183101795607,77.31312126917071,74.93777187048657
rustedHinge,73.2889666803601,92.20605073154319,100.76361978765108,109.22122867046639,82.25144529147384,98.01825871687295,76.13415905088925,0.0,37.42726605065194,72.18074924418335,58.819857598439945
hinge,56.69517458211322,64.93741756191018,70.12796450617947,80.58117533316104,84.27873014808766,89.54039478001249,72.27183101795607,37.42726605065194,0.0,39.84571934063452,34.44302204952096
trapezoid,52.381333980799404,52.61846175664474,57.90934911784052,69.79638932001733,90.87345612670211,87.8408980042516,77.31312126917071,72.18074924418335,39.84571934063452,0.0,29.53643700853984
random,54.18198738884438,71.4152096761072,78.0222819204107,87.10718975670159,82.90489230973392,89.75592839285933,74.93777187048657,58.819857598439945,34.44302204952096,29.53643700853984,0.0
