,square,rectangle,parallelogram,losange,isoTrapezoid,kite,rightKite,rustedHinge,hinge,trapezoid,random
square,0.0,12.387656793729745,16.031035836263523,19.169801497990935,10.084354074005532,8.789696562096946,7.63150567982617,13.657362805574508,13.064381314769088,10.995867788068448,15.03282353714678
rectangle,12.387656793729745,0.0,10.09482295051247,14.762840286093112,16.63871264181313,13.701387666040844,13.411518823655845,11.129106511471388,8.790841353418356,13.769794003687712,17.533872644407456
parallelogram,16.031035836263523,10.09482295051247,0.0,9.735643979737414,18.231400316161555,17.06389549593098,15.760354974672547,13.63580049528316,11.547385504428831,13.229070861083201,16.69567063481915
losange,19.169801497990935,14.762840286093112,9.735643979737414,0.0,19.41734600046356,19.556588734806688,18.647140487676534,15.047686587819861,14.087903197261827,14.27138782312829,14.809605348975735
isoTrapezoid,10.084354074005532,16.63871264181313,18.231400316161555,19.41734600046356,0.0,10.486585125598284,9.828135804717801,16.845892538858244,16.78366822246902,11.244036980767916,13.269855034354762
kite,8.789696562096946,13.701387666040844,17.06389549593098,19.556588734806688,10.486585125598284,0.0,7.456931218573953,16.139851874594495,15.850259604500843,14.16480426277047,16.932503087177555
rightKite,7.63150567982617,13.411518823655845,15.760354974672547,18.647140487676534,9.828135804717801,7.456931218573953,0.0,15.668577220206146,15.199025034346782,10.907090426226263,15.592430062329818
rustedHinge,13.657362805574508,11.129106511471388,13.63580049528316,15.047686587819861,16.845892538858244,16.139851874594495,15.668577220206146,0.0,4.565345843468002,14.393193894912086,15.575371550594848
hinge,13.064381314769088,8.790841353418356,11.547385504428831,14.087903197261827,16.78366822246902,15.850259604500843,15.199025034346782,4.565345843468002,0.0,13.566067814641622,15.518081066070494
trapezoid,10.995867788068448,13.769794003687712,13.229070861083201,14.27138782312829,11.244036980767916,14.16480426277047,10.907090426226263,14.393193894912086,13.566067814641622,0.0,9.8071726772369
random,15.03282353714678,17.533872644407456,16.69567063481915,14.809605348975735,13.269855034354762,16.932503087177555,15.592430062329818,15.575371550594848,15.518081066070494,9.8071726772369,0.0
