,square,rectangle,parallelogram,losange,isoTrapezoid,kite,rightKite,rustedHinge,hinge,trapezoid,random
square,0.0,11.011647660200495,14.190074224462258,16.7275959614908,8.43607608281713,7.189341513756193,5.99521372565087,11.590583400744135,11.214401083411532,9.230105061733504,12.8426496651282
rectangle,11.011647660200495,0.0,8.451632959003247,12.527269789307558,14.507175852895106,11.774314842780063,11.521897697107981,9.324726960566828,7.239099468464524,11.845122910709629,15.225824091825432
parallelogram,14.190074224462258,8.451632959003247,0.0,8.127862996827181,16.024376064714705,14.755711021430088,13.714075346071121,11.181631518467976,9.368553071191819,11.681368931441526,14.585027845807954
losange,16.7275959614908,12.527269789307558,8.127862996827181,0.0,16.87599516203777,16.746543350358696,15.96499862295935,12.515618868931845,11.704791844492778,12.36458150548288,12.860863645290037
isoTrapezoid,8.43607608281713,14.507175852895106,16.024376064714705,16.87599516203777,0.0,8.656632079881543,7.981430335247704,14.094698591651522,14.227738955934376,9.48557607550298,11.175752373695818
kite,7.189341513756193,11.774314842780063,14.755711021430088,16.746543350358696,8.656632079881543,0.0,6.056699239539283,13.225093014789781,13.064221163104921,11.72638246737474,14.194930239777255
rightKite,5.99521372565087,11.521897697107981,13.714075346071121,15.96499862295935,7.981430335247704,6.056699239539283,0.0,12.584341436037175,12.315507430595042,8.968723077495689,12.968604076561752
rustedHinge,11.590583400744135,9.324726960566828,11.181631518467976,12.515618868931845,14.094698591651522,13.225093014789781,12.584341436037175,0.0,3.8263882754504452,11.763727494210338,13.02505276558038
hinge,11.214401083411532,7.239099468464524,9.368553071191819,11.704791844492778,14.227738955934376,13.064221163104921,12.315507430595042,3.8263882754504452,0.0,11.2153922381149,13.18952095800579
trapezoid,9.230105061733504,11.845122910709629,11.681368931441526,12.36458150548288,9.48557607550298,11.72638246737474,8.968723077495689,11.763727494210338,11.2153922381149,0.0,8.333777201868651
random,12.8426496651282,15.225824091825432,14.585027845807954,12.860863645290037,11.175752373695818,14.194930239777255,12.968604076561752,13.02505276558038,13.18952095800579,8.333777201868651,0.0
