,square,rectangle,parallelogram,losange,isoTrapezoid,kite,rightKite,rustedHinge,hinge,trapezoid,random
square,0.0,8.367544916297454,10.256988843902661,12.167855650616337,6.301855008711882,5.289151361478532,4.4970418977175575,8.581355797865825,8.450592618983151,6.689262992761058,9.561419332417245
rectangle,8.367544916297454,0.0,5.902246560287018,8.958081453592111,10.801755711087939,8.809713245905593,8.678215041208858,6.690754561620898,5.344598912246655,8.788611304826494,11.202383161940864
parallelogram,10.256988843902661,5.902246560287018,0.0,6.184861652357946,11.671927746761709,10.63432815885022,10.07462864926275,7.923884569587132,6.670777375376997,8.79644421076353,10.814113585019504
losange,12.167855650616337,8.958081453592111,6.184861652357946,0.0,12.288232490061437,12.198905199202448,11.817153194921724,8.88040819086878,8.288020786546413,9.334336097662268,9.424897095812776
isoTrapezoid,6.301855008711882,10.801755711087939,11.671927746761709,12.288232490061437,0.0,6.552979249461989,6.0428988291956065,10.468500234472865,10.639541534042863,6.97795211561277,8.444564302371239
kite,5.289151361478532,8.809713245905593,10.63432815885022,12.198905199202448,6.552979249461989,0.0,4.536915375551144,9.912183683697052,9.816165001954166,8.50132631489126,10.491475324551555
rightKite,4.4970418977175575,8.678215041208858,10.07462864926275,11.817153194921724,6.0428988291956065,4.536915375551144,0.0,9.413704229946187,9.294655574190372,6.673857879195451,9.86064226900218
rustedHinge,8.581355797865825,6.690754561620898,7.923884569587132,8.88040819086878,10.468500234472865,9.912183683697052,9.413704229946187,0.0,2.9469257816872325,8.67516411594976,9.752426035869645
hinge,8.450592618983151,5.344598912246655,6.670777375376997,8.288020786546413,10.639541534042863,9.816165001954166,9.294655574190372,2.9469257816872325,0.0,8.366367256038405,9.878150839136826
trapezoid,6.689262992761058,8.788611304826494,8.79644421076353,9.334336097662268,6.97795211561277,8.50132631489126,6.673857879195451,8.67516411594976,8.366367256038405,0.0,6.517540613962898
random,9.561419332417245,11.202383161940864,10.814113585019504,9.424897095812776,8.444564302371239,10.491475324551555,9.86064226900218,9.752426035869645,9.878150839136826,6.517540613962898,0.0
