,square,rectangle,parallelogram,losange,isoTrapezoid,kite,rightKite,rustedHinge,hinge,trapezoid,random
square,0.0,48.74064129551884,65.4283113894829,74.0572416583321,52.17799362959956,52.90549846571711,44.52284007507222,66.3967194273212,61.96390318436317,55.162353447352714,70.1914735408785
rectangle,48.74064129551884,0.0,44.92413422881007,60.77488788764057,71.46369306337259,65.51410276463015,60.86380739403016,59.319427428196995,49.848627444046684,62.91593936955968,78.50819117963486
parallelogram,65.4283113894829,44.92413422881007,0.0,33.83193147417793,72.6485886774396,69.8561748609307,64.0560931779826,57.998321873498774,49.33082270770425,55.37596468892357,69.52027486149709
losange,74.0572416583321,60.77488788764057,33.83193147417793,0.0,75.64772533490294,75.83725401449979,70.55029754344451,62.90601885041013,57.98531079301834,57.338608045603735,64.28974501215392
isoTrapezoid,52.17799362959956,71.46369306337259,72.6485886774396,75.64772533490294,0.0,44.24062697332148,40.48824306957747,68.81994043395434,68.16477095593311,47.01842814114705,54.198361890779005
kite,52.90549846571711,65.51410276463015,69.8561748609307,75.83725401449979,44.24062697332148,0.0,33.56037677938042,66.74773702965243,65.18329875328439,58.90547055336051,66.17691020487327
rightKite,44.52284007507222,60.86380739403016,64.0560931779826,70.55029754344451,40.48824306957747,33.56037677938042,0.0,64.67797822875505,62.299614579015206,48.950509064545194,62.78376742522474
rustedHinge,66.3967194273212,59.319427428196995,57.998321873498774,62.90601885041013,68.81994043395434,66.74773702965243,64.67797822875505,0.0,21.98703098712065,57.16260551052187,61.44991915956644
hinge,61.96390318436317,49.848627444046684,49.33082270770425,57.98531079301834,68.16477095593311,65.18329875328439,62.299614579015206,21.98703098712065,0.0,53.9577121377589,61.44570949988786
trapezoid,55.162353447352714,62.91593936955968,55.37596468892357,57.338608045603735,47.01842814114705,58.90547055336051,48.950509064545194,57.16260551052187,53.9577121377589,0.0,39.37317013189634
random,70.1914735408785,78.50819117963486,69.52027486149709,64.28974501215392,54.198361890779005,66.17691020487327,62.78376742522474,61.44991915956644,61.44570949988786,39.37317013189634,0.0
