,square,rectangle,parallelogram,losange,isoTrapezoid,kite,rightKite,rustedHinge,hinge,trapezoid,random
square,0.0,17.971350105267664,29.039337959986923,33.920298310290086,27.099909571301318,26.614734503066828,24.816840346375592,31.716248248957164,28.88688236210293,27.075826621627765,33.920905907060245
rectangle,17.971350105267664,0.0,23.309050492255086,30.165680361655788,31.366079007316355,29.502504885969643,28.216921552728998,30.198097041703672,25.889763624954814,28.711930394055543,35.25994005765533
parallelogram,29.039337959986923,23.309050492255086,0.0,14.485436873683856,29.696923664281144,29.15111132503544,27.782656335623493,27.852321190722186,24.633925049592325,21.752881321085376,27.751720370903495
losange,33.920298310290086,30.165680361655788,14.485436873683856,0.0,31.165272667471523,31.93440635489621,30.722831433544236,29.448522051737918,27.79242290353133,23.068538551907814,25.41146072882534
isoTrapezoid,27.099909571301318,31.366079007316355,29.696923664281144,31.165272667471523,0.0,21.112823523477733,17.816770126161998,29.19056130536835,28.990606151357532,18.985390099439655,23.210074608044213
kite,26.614734503066828,29.502504885969643,29.15111132503544,31.93440635489621,21.112823523477733,0.0,14.114366193539077,28.314831749424666,27.380656452191587,26.111032478856224,28.688728594949385
rightKite,24.816840346375592,28.216921552728998,27.782656335623493,30.722831433544236,17.816770126161998,14.114366193539077,0.0,26.726353268406093,25.67705686437186,21.179710466438923,26.36709061586306
rustedHinge,31.716248248957164,30.198097041703672,27.852321190722186,29.448522051737918,29.19056130536835,28.314831749424666,26.726353268406093,0.0,9.732554327080798,27.6553147366516,27.209925580925084
hinge,28.88688236210293,25.889763624954814,24.633925049592325,27.79242290353133,28.990606151357532,27.380656452191587,25.67705686437186,9.732554327080798,0.0,26.184627976430374,27.057255091506974
trapezoid,27.075826621627765,28.711930394055543,21.752881321085376,23.068538551907814,18.985390099439655,26.111032478856224,21.179710466438923,27.6553147366516,26.184627976430374,0.0,17.089963759570683
random,33.920905907060245,35.25994005765533,27.751720370903495,25.41146072882534,23.210074608044213,28.688728594949385,26.36709061586306,27.209925580925084,27.057255091506974,17.089963759570683,0.0
