,square,rectangle,parallelogram,losange,isoTrapezoid,kite,rightKite,rustedHinge,hinge,trapezoid,random
square,0.0,0.001735694485759276,0.0024742478370584076,0.0036435887219634644,0.0010777797517732557,0.0006958635264560087,0.0005171032432790268,0.001871555536035352,0.0017755043619301913,0.0012203151826900571,0.002340955493497776
rectangle,0.001735694485759276,1.1102230246251565e-16,0.0010249880234213249,0.002178344267294019,0.0030029972848455433,0.0020418782130676716,0.0019412359166034454,0.0010914143613256488,0.0006870401129682735,0.0020953548293667357,0.003178383612350344
parallelogram,0.0024742478370584076,0.0010249880234213249,0.0,0.0011547450042314056,0.0031983045488402917,0.0027657721304849003,0.0023670585496571306,0.001628797485160649,0.0012221741855763524,0.0020141345408083433,0.002973821291132661
losange,0.0036435887219634644,0.002178344267294019,0.0011547450042314056,0.0,0.0035950331486032105,0.003663468886788479,0.003452525836580289,0.001992764715075146,0.0018577970464987992,0.0022954212177468403,0.002250289423747387
isoTrapezoid,0.0010777797517732557,0.0030029972848455433,0.0031983045488402917,0.0035950331486032105,1.1102230246251565e-16,0.0011131848485912421,0.0010499486095545407,0.0029133191762985566,0.0029444836912652095,0.0013142790932447745,0.0019460077482235105
kite,0.0006958635264560087,0.0020418782130676716,0.0027657721304849003,0.003663468886788479,0.0011131848485912421,0.0,0.0005509960593499397,0.002479812290881789,0.0024273276177068093,0.0018381256467897567,0.002739556346783134
rightKite,0.0005171032432790268,0.0019412359166034454,0.0023670585496571306,0.003452525836580289,0.0010499486095545407,0.0005509960593499397,0.0,0.0022630519601199994,0.002167858489020791,0.0011785868953967382,0.002545572524467299
rustedHinge,0.001871555536035352,0.0010914143613256488,0.001628797485160649,0.001992764715075146,0.0029133191762985566,0.002479812290881789,0.0022630519601199994,0.0,0.0002155063081736852,0.0020892028596342094,0.0025194516380159238
hinge,0.0017755043619301913,0.0006870401129682735,0.0012221741855763524,0.0018577970464987992,0.0029444836912652095,0.0024273276177068093,0.002167858489020791,0.0002155063081736852,0.0,0.0019671865811432543,0.0026101634431199283
trapezoid,0.0012203151826900571,0.0020953548293667357,0.0020141345408083433,0.0022954212177468403,0.0013142790932447745,0.0018381256467897567,0.0011785868953967382,0.0020892028596342094,0.0019671865811432543,0.0,0.0012608150853190558
random,0.002340955493497776,0.003178383612350344,0.002973821291132661,0.002250289423747387,0.0019460077482235105,0.002739556346783134,0.002545572524467299,0.0025194516380159238,0.0026101634431199283,0.0012608150853190558,0.0
