,square,rectangle,parallelogram,losange,isoTrapezoid,kite,rightKite,rustedHinge,hinge,trapezoid,random
square,0.0,0.0031061363406059694,0.005341722830350615,0.00789419305385064,0.002079833046590096,0.0015664537896519226,0.001078879284620582,0.00374961837430543,0.003457244193108888,0.002627481482938898,0.005330029041531237
rectangle,0.0031061363406059694,0.0,0.002112808303114666,0.00503905135996674,0.006110477728334063,0.003999380963359944,0.0037076307124498387,0.00256305397351253,0.0015969264119084503,0.004180421826202485,0.0072555397267072275
parallelogram,0.005341722830350615,0.002112808303114666,0.0,0.002069266844223816,0.0070797756322051875,0.0061829506987612914,0.005169452277622777,0.003647605160677192,0.002590840627356039,0.0036596364073578913,0.006081294859361597
losange,0.00789419305385064,0.00503905135996674,0.002069266844223816,0.0,0.008069579597973386,0.008254428389874446,0.007362324207722426,0.004766132936259715,0.004298051813063752,0.0041742898934031825,0.004330949030636133
isoTrapezoid,0.002079833046590096,0.006110477728334063,0.0070797756322051875,0.008069579597973386,0.0,0.002257728493062605,0.0019117120721083847,0.0060527186374840225,0.006069048604240956,0.0026993332744265075,0.0041421032748916176
kite,0.0015664537896519226,0.003999380963359944,0.0061829506987612914,0.008254428389874446,0.002257728493062605,1.1102230246251565e-16,0.001131919029289774,0.005414459193023857,0.005271958281802935,0.004397639539460707,0.0066611282364603674
rightKite,0.001078879284620582,0.0037076307124498387,0.005169452277622777,0.007362324207722426,0.0019117120721083847,0.001131919029289774,1.1102230246251565e-16,0.004907178248474087,0.004633317243058155,0.0025202693824464273,0.005583669175798889
rustedHinge,0.00374961837430543,0.00256305397351253,0.003647605160677192,0.004766132936259715,0.0060527186374840225,0.005414459193023857,0.004907178248474087,0.0,0.0003953722790963621,0.0042676169475571735,0.005412157531667794
hinge,0.003457244193108888,0.0015969264119084503,0.002590840627356039,0.004298051813063752,0.006069048604240956,0.005271958281802935,0.004633317243058155,0.0003953722790963621,0.0,0.003848058089687023,0.005537940086158821
trapezoid,0.002627481482938898,0.004180421826202485,0.0036596364073578913,0.0041742898934031825,0.0026993332744265075,0.004397639539460707,0.0025202693824464273,0.0042676169475571735,0.003848058089687023,0.0,0.0020894506089823572
random,0.005330029041531237,0.0072555397267072275,0.006081294859361597,0.004330949030636133,0.0041421032748916176,0.0066611282364603674,0.005583669175798889,0.005412157531667794,0.005537940086158821,0.0020894506089823572,0.0
