,square,rectangle,parallelogram,losange,isoTrapezoid,kite,rightKite,rustedHinge,hinge,trapezoid,random
square,0.0,245.31047956403262,319.92931674297074,385.0690721445377,200.94196785003558,173.58070499801278,149.12733286547834,271.31538770952636,259.6947447847599,224.18970672851955,308.0093944100355
rectangle,245.31047956403262,0.0,209.2781468809035,305.7476161846634,335.74837891326683,275.2103670841155,267.88555253027414,220.59134236611285,173.9501353133373,281.5735725249076,356.186920979491
parallelogram,319.92931674297074,209.2781468809035,0.0,212.43138876049665,362.664307507315,341.93735778542964,314.4536478931088,268.49113261462827,228.98028535521865,273.07056351817215,339.775935548435
losange,385.0690721445377,305.7476161846634,212.43138876049665,0.0,386.82422881271657,390.82140985496994,374.1731550195276,298.930370439176,284.5490132891637,292.76679412541915,296.2022539539571
isoTrapezoid,200.94196785003558,335.74837891326683,362.664307507315,386.82422881271657,0.0,208.58492920172108,196.89781069264103,337.3296901791487,337.0322044041595,229.8917082031577,280.5755712642296
kite,173.58070499801278,275.2103670841155,341.93735778542964,390.82140985496994,208.58492920172108,0.0,152.65628997814758,316.8416494923684,311.1532919234241,284.5944920923727,341.47061823782474
rightKite,149.12733286547834,267.88555253027414,314.4536478931088,374.1731550195276,196.89781069264103,152.65628997814758,0.0,304.0321297536452,295.32450231664455,221.9701716868746,320.0817418774732
rustedHinge,271.31538770952636,220.59134236611285,268.49113261462827,298.930370439176,337.3296901791487,316.8416494923684,304.0321297536452,0.0,92.32309060100864,289.0494018255134,314.2189665432089
hinge,259.6947447847599,173.9501353133373,228.98028535521865,284.5490132891637,337.0322044041595,311.1532919234241,295.32450231664455,92.32309060100864,0.0,275.50833193357437,316.8490781108267
trapezoid,224.18970672851955,281.5735725249076,273.07056351817215,292.76679412541915,229.8917082031577,284.5944920923727,221.9701716868746,289.0494018255134,275.50833193357437,0.0,207.31933413955255
random,308.0093944100355,356.186920979491,339.775935548435,296.2022539539571,280.5755712642296,341.47061823782474,320.0817418774732,314.2189665432089,316.8490781108267,207.31933413955255,0.0
