,square,rectangle,parallelogram,losange,isoTrapezoid,kite,rightKite,rustedHinge,hinge,trapezoid,random
square,0.0,23.169330898877693,41.00419175841327,55.17362103398502,32.55484093513378,29.407492753972793,24.236677347379352,38.54278525763002,33.97073012869341,33.656794718061754,44.84681863222771
rectangle,23.169330898877693,0.0,36.819451114297046,54.29868837224773,42.45578173965125,36.22716185615399,32.930963398618296,38.95788789115147,32.71225781279629,38.952786775650814,49.963356731566826
parallelogram,41.00419175841327,36.819451114297046,0.0,34.73043902071553,45.26676914837297,44.45045049053585,40.491057430559806,43.06315038899652,39.162711197080675,33.72832437341912,44.185463794000626
losange,55.17362103398502,54.29868837224773,34.73043902071553,0.0,53.03064328158727,55.53035277126985,52.99095674991591,54.176508761936574,53.40842849621345,41.63353982433346,43.867489378982214
isoTrapezoid,32.55484093513378,42.45578173965125,45.26676914837297,53.03064328158727,0.0,29.945809778965078,25.64678971166521,42.13573643468757,40.65212822721413,28.818390786567484,35.547134980871924
kite,29.407492753972793,36.22716185615399,44.45045049053585,55.53035277126985,29.945809778965078,0.0,20.355942947837615,39.87203480699701,36.96411637461898,38.006581298744095,44.4445318427027
rightKite,24.236677347379352,32.930963398618296,40.491057430559806,52.99095674991591,25.64678971166521,20.355942947837615,0.0,39.32999162661112,36.79277830106826,30.396324982147235,41.88482909711219
rustedHinge,38.54278525763002,38.95788789115147,43.06315038899652,54.176508761936574,42.13573643468757,39.87203480699701,39.32999162661112,0.0,13.634943710263105,40.596799115809816,42.95801803770432
hinge,33.97073012869341,32.71225781279629,39.162711197080675,53.40842849621345,40.65212822721413,36.96411637461898,36.79277830106826,13.634943710263105,0.0,38.50999106455239,42.5764821836355
trapezoid,33.656794718061754,38.952786775650814,33.72832437341912,41.63353982433346,28.818390786567484,38.006581298744095,30.396324982147235,40.596799115809816,38.50999106455239,0.0,26.99740209676017
random,44.84681863222771,49.963356731566826,44.185463794000626,43.867489378982214,35.547134980871924,44.4445318427027,41.88482909711219,42.95801803770432,42.5764821836355,26.99740209676017,0.0
