,square,rectangle,parallelogram,losange,isoTrapezoid,kite,rightKite,rustedHinge,hinge,trapezoid,random
square,0.0,162.70749221650527,204.40536297366424,248.4961760011671,128.73331639352878,107.31558216889819,90.89678558018694,175.10899582840446,169.3409916691103,140.84602478349595,198.21114168511806
rectangle,162.70749221650527,0.0,126.27670469724684,192.1407909900628,218.64421473948778,178.12147849806163,174.45599414106456,138.71927863951822,109.57071738463297,181.77275287273793,230.80298182548734
parallelogram,204.40536297366424,126.27670469724684,0.0,136.8249357843913,234.83712790665234,217.87253218017594,201.63474334126366,166.5209147891718,140.77816438550485,180.09417049080102,223.51357099500947
losange,248.4961760011671,192.1407909900628,136.8249357843913,0.0,250.2495915780363,252.65811999947454,242.37893683661284,183.63429311167818,174.6234930866701,192.17450338928884,191.60850202155962
isoTrapezoid,128.73331639352878,218.64421473948778,234.83712790665234,250.2495915780363,0.0,133.65638873134728,126.47896094611623,218.31113342603174,218.94006665763953,145.5220959558334,180.45320325954032
kite,107.31558216889819,178.12147849806163,217.87253218017594,252.65811999947454,133.65638873134728,0.0,93.53045861916934,205.43638579614765,202.0655572890474,178.4862727566332,220.1244047788646
rightKite,90.89678558018694,174.45599414106456,201.63474334126366,242.37893683661284,126.47896094611623,93.53045861916934,0.0,196.0534829872637,190.95389607175582,139.7338890235368,207.33646314266863
rustedHinge,175.10899582840446,138.71927863951822,166.5209147891718,183.63429311167818,218.31113342603174,205.43638579614765,196.0534829872637,0.0,57.52054581165,184.51978812145262,202.65821246533034
hinge,169.3409916691103,109.57071738463297,140.77816438550485,174.6234930866701,218.94006665763953,202.0655572890474,190.95389607175582,57.52054581165,0.0,176.68537610988457,205.43749038825004
trapezoid,140.84602478349595,181.77275287273793,180.09417049080102,192.17450338928884,145.5220959558334,178.4862727566332,139.7338890235368,184.51978812145262,176.68537610988457,0.0,138.6972908474698
random,198.21114168511806,230.80298182548734,223.51357099500947,191.60850202155962,180.45320325954032,220.1244047788646,207.33646314266863,202.65821246533034,205.43749038825004,138.6972908474698,0.0
