,Unnamed: 0,square,rectangle,parallelogram,losange,isoTrapezoid,kite,rightKite,rustedHinge,hinge,trapezoid,random
0,square,0.0,0.25,0.6875,0.4375,0.6875,0.9375,0.8125,0.625,0.6875,0.8125,1.0
1,rectangle,0.25,0.0,0.4375,0.6875,0.6875,0.9375,0.8125,0.625,0.6875,0.6875,0.75
2,parallelogram,0.6875,0.4375,0.0,0.25,0.5,0.625,0.75,0.5625,0.5,0.5,0.4375
3,losange,0.4375,0.6875,0.25,0.0,0.5,0.625,0.75,0.5625,0.5,0.625,0.6875
4,isoTrapezoid,0.6875,0.6875,0.5,0.5,0.0,0.5,0.5,0.6875,0.75,0.375,0.5625
5,kite,0.9375,0.9375,0.625,0.625,0.5,0.0,0.25,0.5625,0.375,0.5,0.3125
6,rightKite,0.8125,0.8125,0.75,0.75,0.5,0.25,0.0,0.4375,0.5,0.5,0.3125
7,rustedHinge,0.625,0.625,0.5625,0.5625,0.6875,0.5625,0.4375,0.0,0.1875,0.5625,0.5
8,hinge,0.6875,0.6875,0.5,0.5,0.75,0.375,0.5,0.1875,0.0,0.5,0.4375
9,trapezoid,0.8125,0.6875,0.5,0.625,0.375,0.5,0.5,0.5625,0.5,0.0,0.3125
10,random,1.0,0.75,0.4375,0.6875,0.5625,0.3125,0.3125,0.5,0.4375,0.3125,0.0
