,square,rectangle,parallelogram,losange,isoTrapezoid,kite,rightKite,rustedHinge,hinge,trapezoid,random
square,0.0,1080.7844895853043,1453.5629980087908,1771.6451764108172,864.5913829137445,785.89285836892,613.6192094998352,1181.2782141051537,1140.145156556183,987.2413769700996,1425.980887770078
rectangle,1080.7844895853043,0.0,860.6804577320265,1355.9321804146607,1514.590221463908,1235.125752400475,1170.116769077493,993.6739349736619,790.3559698479154,1228.8996768792235,1649.886559550392
parallelogram,1453.5629980087908,860.6804577320265,0.0,829.7639979266861,1663.3907123751244,1561.5687708314385,1436.3765655175628,1127.214496055313,935.0741091405283,1154.8787801287842,1485.4201551129906
losange,1771.6451764108172,1355.9321804146607,829.7639979266861,0.0,1793.315075002019,1792.7789358966393,1705.1601513304843,1289.467862538841,1210.8988391465743,1286.6989125167393,1267.197495106204
isoTrapezoid,864.5913829137445,1514.590221463908,1663.3907123751244,1793.315075002019,0.0,918.5293814134164,817.0059018856418,1482.0849138446729,1495.5306434560507,1020.2327733393361,1269.6274796918512
kite,785.89285836892,1235.125752400475,1561.5687708314385,1792.7789358966393,918.5293814134164,0.0,631.8723685771263,1429.2276458581885,1418.7397117022315,1310.194326411325,1608.311873732643
rightKite,613.6192094998352,1170.116769077493,1436.3765655175628,1705.1601513304843,817.0059018856418,631.8723685771263,0.0,1340.5452435130805,1306.1637226922073,993.8840684938044,1474.9785351631026
rustedHinge,1181.2782141051537,993.6739349736619,1127.214496055313,1289.467862538841,1482.0849138446729,1429.2276458581885,1340.5452435130805,0.0,353.6417096619385,1209.5403826903246,1356.154205431721
hinge,1140.145156556183,790.3559698479154,935.0741091405283,1210.8988391465743,1495.5306434560507,1418.7397117022315,1306.1637226922073,353.6417096619385,0.0,1143.4409731447697,1379.5757250205736
trapezoid,987.2413769700996,1228.8996768792235,1154.8787801287842,1286.6989125167393,1020.2327733393361,1310.194326411325,993.8840684938044,1209.5403826903246,1143.4409731447697,0.0,861.0643661923343
random,1425.980887770078,1649.886559550392,1485.4201551129906,1267.197495106204,1269.6274796918512,1608.311873732643,1474.9785351631026,1356.154205431721,1379.5757250205736,861.0643661923343,0.0
