,square,rectangle,parallelogram,losange,isoTrapezoid,kite,rightKite,rustedHinge,hinge,trapezoid,random
square,0.0,0.04556457579961648,0.08015352244508767,0.10721297711443545,0.033367125924839924,0.021353308720909236,0.016399440134446164,0.04836194228778201,0.048053343453472674,0.03582096950408775,0.07636163214903302
rectangle,0.04556457579961648,0.0,0.021233053535478552,0.05276922555279395,0.0978604972613798,0.06529824088363534,0.06272541983498547,0.02691706917892278,0.014526742697851258,0.05157373535175713,0.10458176974649869
parallelogram,0.08015352244508767,0.021233053535478552,2.220446049250313e-16,0.021234074139610426,0.12347561901886894,0.10365092957807354,0.09348050929437646,0.04495417845260252,0.026480853894422896,0.052570422423905305,0.10025506762009606
losange,0.10721297711443545,0.05276922555279395,0.021234074139610426,0.0,0.12889916624431152,0.12848443758374262,0.11868028024511568,0.06576467804949804,0.04951171641116747,0.05271595286881359,0.07464789063973809
isoTrapezoid,0.033367125924839924,0.0978604972613798,0.12347561901886894,0.12889916624431152,2.220446049250313e-16,0.03197079437580752,0.026794396088230865,0.09317467993337825,0.09613794500055517,0.04075009739209168,0.056674370597468604
kite,0.021353308720909236,0.06529824088363534,0.10365092957807354,0.12848443758374262,0.03197079437580752,0.0,0.014405607768703033,0.06876155813405282,0.07402276859694601,0.06416373472596493,0.09529372191844687
rightKite,0.016399440134446164,0.06272541983498547,0.09348050929437646,0.11868028024511568,0.026794396088230865,0.014405607768703033,0.0,0.06433657822019512,0.06842703651342641,0.04229302844735072,0.08572315172979439
rustedHinge,0.04836194228778201,0.02691706917892278,0.04495417845260252,0.06576467804949804,0.09317467993337825,0.06876155813405282,0.06433657822019512,0.0,0.007027734304758337,0.058463984958127435,0.09470380259444156
hinge,0.048053343453472674,0.014526742697851258,0.026480853894422896,0.04951171641116747,0.09613794500055517,0.07402276859694601,0.06842703651342641,0.007027734304758337,0.0,0.04815103221859407,0.08757022868906805
trapezoid,0.03582096950408775,0.05157373535175713,0.052570422423905305,0.05271595286881359,0.04075009739209168,0.06416373472596493,0.04229302844735072,0.058463984958127435,0.04815103221859407,0.0,0.02831681769650307
random,0.07636163214903302,0.10458176974649869,0.10025506762009606,0.07464789063973809,0.056674370597468604,0.09529372191844687,0.08572315172979439,0.09470380259444156,0.08757022868906805,0.02831681769650307,0.0
