,square,rectangle,parallelogram,losange,isoTrapezoid,kite,rightKite,rustedHinge,hinge,trapezoid,random
square,1.1102230246251565e-16,0.0517805596291796,0.07543678385313557,0.10753980534155938,0.03145114495414325,0.02087201939951211,0.014546126224552203,0.05639255752002881,0.052823599009794275,0.03408070565528376,0.06733709151646217
rectangle,0.0517805596291796,0.0,0.026266196204785208,0.0582516939055463,0.08706444978453654,0.05814600504239342,0.055836409271357024,0.031172428752985426,0.0190583559889963,0.058246239253879506,0.09056501182940069
parallelogram,0.07543678385313557,0.026266196204785208,1.1102230246251565e-16,0.031063866894805336,0.09722037690452467,0.08168949622010813,0.0712477138442994,0.04509796141151112,0.032337835652874514,0.05642793809626556,0.08557535138495376
losange,0.10753980534155938,0.0582516939055463,0.031063866894805336,1.1102230246251565e-16,0.10685595233380618,0.10656718547645028,0.09988775159372776,0.05586198765471828,0.050618186624078354,0.0639821320449725,0.06500066286091499
isoTrapezoid,0.03145114495414325,0.08706444978453654,0.09722037690452467,0.10685595233380618,0.0,0.0312280928780424,0.029253641337182668,0.08565191990611165,0.0858346850423305,0.0367736116930355,0.053623164046609495
kite,0.02087201939951211,0.05814600504239342,0.08168949622010813,0.10656718547645028,0.0312280928780424,0.0,0.015685921707580097,0.07159253805634269,0.06957552593418981,0.053125649001368735,0.0786893048384536
rightKite,0.014546126224552203,0.055836409271357024,0.0712477138442994,0.09988775159372776,0.029253641337182668,0.015685921707580097,0.0,0.06611346257606932,0.06272224667835036,0.032259622703034285,0.07134143377286195
rustedHinge,0.05639255752002881,0.031172428752985426,0.04509796141151112,0.05586198765471828,0.08565191990611165,0.07159253805634269,0.06611346257606932,0.0,0.005746678651142312,0.05935773352880214,0.07219124024373946
hinge,0.052823599009794275,0.0190583559889963,0.032337835652874514,0.050618186624078354,0.0858346850423305,0.06957552593418981,0.06272224667835036,0.005746678651142312,0.0,0.05435065281650109,0.07328106900392406
trapezoid,0.03408070565528376,0.058246239253879506,0.05642793809626556,0.0639821320449725,0.0367736116930355,0.053125649001368735,0.032259622703034285,0.05935773352880214,0.05435065281650109,1.1102230246251565e-16,0.034129882745911666
random,0.06733709151646217,0.09056501182940069,0.08557535138495376,0.06500066286091499,0.053623164046609495,0.0786893048384536,0.07134143377286195,0.07219124024373946,0.07328106900392406,0.034129882745911666,1.1102230246251565e-16
