,square,rectangle,parallelogram,losange,isoTrapezoid,kite,rightKite,rustedHinge,hinge,trapezoid,random
square,0.0,0.03540647076042247,0.08570833766082009,0.14362203959321684,0.05972270657003287,0.05701866562469149,0.05980373634761749,0.08564876955894318,0.07454802423203633,0.05870744006475537,0.09848549500356907
rectangle,0.03540647076042247,0.0,0.04950388369707859,0.11155501472959439,0.10060408985356906,0.08218770268885345,0.08752852461106775,0.07826213873532673,0.06144171457997971,0.07643305960055358,0.12373768925353934
parallelogram,0.08570833766082009,0.04950388369707859,2.220446049250313e-16,0.038395339787851146,0.1135321792273869,0.10562054430371459,0.10082626380872561,0.0786763216966595,0.06552455962038928,0.060462551394612096,0.09815938746006414
losange,0.14362203959321684,0.11155501472959439,0.038395339787851146,0.0,0.1406800105378494,0.14678056171237253,0.13842282608111156,0.11093979404416043,0.10624128405256006,0.07872962452610743,0.09930549681954493
isoTrapezoid,0.05972270657003287,0.10060408985356906,0.1135321792273869,0.1406800105378494,0.0,0.03941213235600738,0.0347885741754157,0.0904809687512319,0.08818365177750986,0.03760222443129069,0.05832897536194537
kite,0.05701866562469149,0.08218770268885345,0.10562054430371459,0.14678056171237253,0.03941213235600738,0.0,0.01617923700278745,0.07159728729554238,0.06747559234048672,0.06488215898838623,0.0832444945432187
rightKite,0.05980373634761749,0.08752852461106775,0.10082626380872561,0.13842282608111156,0.0347885741754157,0.01617923700278745,0.0,0.06490491279460053,0.061283079469767854,0.046263779692857776,0.06848273970478613
rustedHinge,0.08564876955894318,0.07826213873532673,0.0786763216966595,0.11093979404416043,0.0904809687512319,0.07159728729554238,0.06490491279460053,1.1102230246251565e-16,0.008209518985204833,0.07376759405784628,0.07809838605143371
hinge,0.07454802423203633,0.06144171457997971,0.06552455962038928,0.10624128405256006,0.08818365177750986,0.06747559234048672,0.061283079469767854,0.008209518985204833,0.0,0.06747168539250281,0.07705621375057325
trapezoid,0.05870744006475537,0.07643305960055358,0.060462551394612096,0.07872962452610743,0.03760222443129069,0.06488215898838623,0.046263779692857776,0.07376759405784628,0.06747168539250281,0.0,0.03421464759587722
random,0.09848549500356907,0.12373768925353934,0.09815938746006414,0.09930549681954493,0.05832897536194537,0.0832444945432187,0.06848273970478613,0.07809838605143371,0.07705621375057325,0.03421464759587722,1.1102230246251565e-16
