,square,rectangle,parallelogram,losange,isoTrapezoid,kite,rightKite,rustedHinge,hinge,trapezoid,random
square,0.0,0.04446970042044629,0.08002067880492014,0.10644349675781772,0.0420621364503152,0.025469714657957554,0.019432163859006257,0.048868607192911195,0.048460758441769225,0.041360643344693804,0.08350861295243994
rectangle,0.04446970042044629,0.0,0.023075812286169506,0.05936713120351378,0.1139794626036158,0.07275001807319637,0.06794518569102359,0.02568420157997864,0.013680765663791283,0.06261037245828682,0.12265716550643924
parallelogram,0.08002067880492014,0.023075812286169506,2.220446049250313e-16,0.021220330402785037,0.13291084651861906,0.11203074621622211,0.09776635387520827,0.047305937912776264,0.026513093224203477,0.058176005960928645,0.1140121415456522
losange,0.10644349675781772,0.05936713120351378,0.021220330402785037,0.0,0.12697966912946945,0.13618268228443497,0.12018290556150435,0.07587505893335023,0.055129984395130505,0.0503875164034977,0.07911531633960989
isoTrapezoid,0.0420621364503152,0.1139794626036158,0.13291084651861906,0.12697966912946945,0.0,0.03933655712979667,0.03438631772398337,0.11067663514494874,0.11097471105470402,0.042443479025285114,0.050999299778766605
kite,0.025469714657957554,0.07275001807319637,0.11203074621622211,0.13618268228443497,0.03933655712979667,0.0,0.015002728542868882,0.0692601826241308,0.07824346990442788,0.07516076510436276,0.1022079878255856
rightKite,0.019432163859006257,0.06794518569102359,0.09776635387520827,0.12018290556150435,0.03438631772398337,0.015002728542868882,0.0,0.06401066142562684,0.069710026020117,0.04897861971804429,0.0893878489227401
rustedHinge,0.048868607192911195,0.02568420157997864,0.047305937912776264,0.07587505893335023,0.11067663514494874,0.0692601826241308,0.06401066142562684,0.0,0.00789371747806733,0.07307620194276554,0.11667127176435155
hinge,0.048460758441769225,0.013680765663791283,0.026513093224203477,0.055129984395130505,0.11097471105470402,0.07824346990442788,0.069710026020117,0.00789371747806733,0.0,0.05813979070884112,0.10529026293761734
trapezoid,0.041360643344693804,0.06261037245828682,0.058176005960928645,0.0503875164034977,0.042443479025285114,0.07516076510436276,0.04897861971804429,0.07307620194276554,0.05813979070884112,0.0,0.027892217641423356
random,0.08350861295243994,0.12265716550643924,0.1140121415456522,0.07911531633960989,0.050999299778766605,0.1022079878255856,0.0893878489227401,0.11667127176435155,0.10529026293761734,0.027892217641423356,0.0
