,square,rectangle,parallelogram,losange,isoTrapezoid,kite,rightKite,rustedHinge,hinge,trapezoid,random
square,0.0,3.021591186410798,4.115790105721637,4.616605585082262,3.000546613849745,2.807677261138032,2.7049334710903143,3.7021072872305156,3.5534757604689897,3.006938356492425,3.959505977364406
rectangle,3.021591186410798,0.0,2.8590079068514336,3.8804519632263275,4.3353626668248415,3.4859448934014883,3.574035896521302,3.1049858828731867,2.797204657545703,3.6163081728149242,4.456672213980872
parallelogram,4.115790105721637,2.8590079068514336,0.0,2.351475247756675,4.442019845430151,3.902724732076755,3.8531539568842232,3.349305130751841,3.13201212960426,3.3305833181287987,3.972092026653342
losange,4.616605585082262,3.8804519632263275,2.351475247756675,0.0,4.5240979280783575,4.259478832049903,4.221242353063129,3.6350900403594086,3.5680195712761242,3.340119726343778,3.431042924471936
isoTrapezoid,3.000546613849745,4.3353626668248415,4.442019845430151,4.5240979280783575,0.0,2.7813110822905847,2.4977235925647774,4.324366263712349,4.336524238498065,2.58077575611529,3.3042096555507956
kite,2.807677261138032,3.4859448934014883,3.902724732076755,4.259478832049903,2.7813110822905847,0.0,1.929902334053526,3.7333515444049548,3.6418171809828093,3.2965640453959044,3.767980607617747
rightKite,2.7049334710903143,3.574035896521302,3.8531539568842232,4.221242353063129,2.4977235925647774,1.929902334053526,0.0,3.8532255015413672,3.79245684178016,2.5800587673206627,3.596709671589543
rustedHinge,3.7021072872305156,3.1049858828731867,3.349305130751841,3.6350900403594086,4.324366263712349,3.7333515444049548,3.8532255015413672,0.0,1.1004146420832175,3.726509566854081,3.714738530380443
hinge,3.5534757604689897,2.797204657545703,3.13201212960426,3.5680195712761242,4.336524238498065,3.6418171809828093,3.79245684178016,1.1004146420832175,0.0,3.6505032274300375,3.690071561852285
trapezoid,3.006938356492425,3.6163081728149242,3.3305833181287987,3.340119726343778,2.58077575611529,3.2965640453959044,2.5800587673206627,3.726509566854081,3.6505032274300375,0.0,2.4480673867172444
random,3.959505977364406,4.456672213980872,3.972092026653342,3.431042924471936,3.3042096555507956,3.767980607617747,3.596709671589543,3.714738530380443,3.690071561852285,2.4480673867172444,0.0
