,square,rectangle,parallelogram,losange,isoTrapezoid,kite,rightKite,rustedHinge,hinge,trapezoid,random
square,0.0,3.154672026209765,4.484621490254455,5.504170983951165,3.1451573407944062,2.9867520266995986,2.797645205068004,3.958212707892245,3.7578329721604176,3.436479876536646,4.563845528768341
rectangle,3.154672026209765,0.0,3.233912557637318,4.782429686301609,4.659660888600393,3.914714048496,3.8758636174576173,3.4628930787552235,2.9390958485543104,4.069942101030544,5.2045554355616535
parallelogram,4.484621490254455,3.233912557637318,0.0,2.8358593162626984,4.8797783526225,4.5669043835438226,4.240364681188219,3.8942573233278877,3.441491776533613,3.4928493430361485,4.512304216711647
losange,5.504170983951165,4.782429686301609,2.8358593162626984,0.0,5.249361667960104,5.275440943916684,5.003324709373154,4.490219792753983,4.318147108671597,3.7679292935989324,3.9794124339593364
isoTrapezoid,3.1451573407944062,4.659660888600393,4.8797783526225,5.249361667960104,0.0,2.908901567102977,2.7714670443867466,4.633585248828323,4.631277073438814,3.0892175416787686,3.6783793472060875
kite,2.9867520266995986,3.914714048496,4.5669043835438226,5.275440943916684,2.908901567102977,0.0,2.2267951370867625,4.362715818580195,4.222917902589686,3.94689174229093,4.555701907589438
rightKite,2.797645205068004,3.8758636174576173,4.240364681188219,5.003324709373154,2.7714670443867466,2.2267951370867625,0.0,4.28172803229879,4.181779444936747,2.9729950898697726,4.169721491868129
rustedHinge,3.958212707892245,3.4628930787552235,3.8942573233278877,4.490219792753983,4.633585248828323,4.362715818580195,4.28172803229879,0.0,1.3805741707050392,4.091177194580053,4.406068785322709
hinge,3.7578329721604176,2.9390958485543104,3.441491776533613,4.318147108671597,4.631277073438814,4.222917902589686,4.181779444936747,1.3805741707050392,0.0,3.936954464501736,4.362728716976795
trapezoid,3.436479876536646,4.069942101030544,3.4928493430361485,3.7679292935989324,3.0892175416787686,3.94689174229093,2.9729950898697726,4.091177194580053,3.936954464501736,0.0,2.6447088191532258
random,4.563845528768341,5.2045554355616535,4.512304216711647,3.9794124339593364,3.6783793472060875,4.555701907589438,4.169721491868129,4.406068785322709,4.362728716976795,2.6447088191532258,0.0
