,square,rectangle,parallelogram,losange,isoTrapezoid,kite,rightKite,rustedHinge,hinge,trapezoid,random
square,0.0,3.929461226670401,6.046621089730278,7.270680266176254,4.696410138674766,4.396767767504632,4.22279233406482,5.546164992807225,5.251050271390235,4.941912328357383,6.565296333893787
rectangle,3.929461226670401,0.0,4.651356150129279,6.429321170045822,6.253114820113723,5.254944365419747,5.365603288942312,5.032519424870798,4.4286048394875905,5.535227656710056,7.098026032462599
parallelogram,6.046621089730278,4.651356150129279,0.0,3.344152397503297,6.146168787658085,5.811404074731217,5.623760084962167,5.205932150175337,4.938034790638035,4.457228400474772,5.7668945721264055
losange,7.270680266176254,6.429321170045822,3.344152397503297,0.0,6.534621914655555,6.726146861234052,6.47617717651894,5.763752960480113,5.8156373611314764,4.715727593032122,5.01844369744801
isoTrapezoid,4.696410138674766,6.253114820113723,6.146168787658085,6.534621914655555,0.0,3.917176177459309,3.56615759910509,6.055064107569057,6.153728703192237,3.794793285787323,4.956290561975395
kite,4.396767767504632,5.254944365419747,5.811404074731217,6.726146861234052,3.917176177459309,0.0,2.9864328925598174,5.512779313742396,5.397594262233895,5.139537669103994,6.015362689482774
rightKite,4.22279233406482,5.365603288942312,5.623760084962167,6.47617717651894,3.56615759910509,2.9864328925598174,0.0,5.5709862680982525,5.484776484674681,3.862178491269841,5.499144273243194
rustedHinge,5.546164992807225,5.032519424870798,5.205932150175337,5.763752960480113,6.055064107569057,5.512779313742396,5.5709862680982525,0.0,1.684758000965307,5.460279905467547,5.653160057943485
hinge,5.251050271390235,4.4286048394875905,4.938034790638035,5.8156373611314764,6.153728703192237,5.397594262233895,5.484776484674681,1.684758000965307,0.0,5.3900935257170755,5.728049216479808
trapezoid,4.941912328357383,5.535227656710056,4.457228400474772,4.715727593032122,3.794793285787323,5.139537669103994,3.862178491269841,5.460279905467547,5.3900935257170755,0.0,3.6262000561831287
random,6.565296333893787,7.098026032462599,5.7668945721264055,5.01844369744801,4.956290561975395,6.015362689482774,5.499144273243194,5.653160057943485,5.728049216479808,3.6262000561831287,0.0
