,square,rectangle,parallelogram,losange,isoTrapezoid,kite,rightKite,rustedHinge,hinge,trapezoid,random
square,0.0,2.8825852944948687,3.5354031631135476,4.376887352615211,2.2826274716101564,1.9095356729094977,1.6421331894094595,3.124644505404653,2.961108179601069,2.4848846742540283,3.43117847231309
rectangle,2.8825852944948687,0.0,2.248693018970947,3.4008367042752394,3.791060152104723,3.122330203208616,3.0466462040031157,2.4368655893109143,1.948459372592922,3.190768352134278,3.992844093543899
parallelogram,3.5354031631135476,2.248693018970947,0.0,2.4442046906826054,4.018736021805086,3.748938866055379,3.465634075024325,2.9059058435530827,2.4836282563500407,3.113227693040184,3.863287869969547
losange,4.376887352615211,3.4008367042752394,2.4442046906826054,0.0,4.340415198475675,4.4017928273433435,4.2366918028260265,3.24787806726368,3.1147557321686454,3.398088459892012,3.448968479771529
isoTrapezoid,2.2826274716101564,3.791060152104723,4.018736021805086,4.340415198475675,0.0,2.3440661902702384,2.26263315479215,3.8316310637321505,3.77100751580463,2.524589293233806,3.0852365700378135
kite,1.9095356729094977,3.122330203208616,3.748938866055379,4.4017928273433435,2.3440661902702384,0.0,1.6689025002348912,3.5547799509910103,3.4612220684777215,3.1107224860152116,3.7532732087671876
rightKite,1.6421331894094595,3.0466462040031157,3.465634075024325,4.2366918028260265,2.26263315479215,1.6689025002348912,0.0,3.4189180861517277,3.282061443662436,2.4382652799284092,3.571190150373153
rustedHinge,3.124644505404653,2.4368655893109143,2.9059058435530827,3.24787806726368,3.8316310637321505,3.5547799509910103,3.4189180861517277,0.0,1.027593840890071,3.2980181618277973,3.5709805086389044
hinge,2.961108179601069,1.948459372592922,2.4836282563500407,3.1147557321686454,3.77100751580463,3.4612220684777215,3.282061443662436,1.027593840890071,0.0,3.115578081196339,3.5677691766164483
trapezoid,2.4848846742540283,3.190768352134278,3.113227693040184,3.398088459892012,2.524589293233806,3.1107224860152116,2.4382652799284092,3.2980181618277973,3.115578081196339,0.0,2.4901180743348936
random,3.43117847231309,3.992844093543899,3.863287869969547,3.448968479771529,3.0852365700378135,3.7532732087671876,3.571190150373153,3.5709805086389044,3.5677691766164483,2.4901180743348936,0.0
