,square,rectangle,parallelogram,losange,isoTrapezoid,kite,rightKite,rustedHinge,hinge,trapezoid,random
square,0.0,4.451928284196481,7.141023062258915,8.24943559170402,5.919887074065685,5.554316855724768,5.233569113988111,6.375527872066776,6.245164941296096,5.817233696060766,7.258436828933507
rectangle,4.451928284196481,0.0,5.664003397907969,7.259114546819483,7.271891829494515,6.337776631853819,6.157845538441332,5.681119434194268,5.219182955954723,6.196357018229121,7.802391856269127
parallelogram,7.141023062258915,5.664003397907969,0.0,3.598763438109142,6.957003747376148,7.199969298448345,6.554122903665478,5.60148990961529,5.600296762525814,4.8988119304787485,6.377558597119311
losange,8.24943559170402,7.259114546819483,3.598763438109142,0.0,7.3095099852559455,8.101812385529403,7.379553011589113,6.52840548834363,6.834236834075156,5.1863160627660125,5.858603613291094
isoTrapezoid,5.919887074065685,7.271891829494515,6.957003747376148,7.3095099852559455,0.0,5.070641013513593,4.376360782661368,6.894753820789097,7.3387366790787585,4.51041342247633,5.891502538127157
kite,5.554316855724768,6.337776631853819,7.199969298448345,8.101812385529403,5.070641013513593,0.0,3.6486334376368177,6.436961454257212,6.440303034363821,6.239080855277668,7.081011306943788
rightKite,5.233569113988111,6.157845538441332,6.554122903665478,7.379553011589113,4.376360782661368,3.6486334376368177,0.0,6.249944004768936,6.43312761879432,4.475116613379936,6.188093267141656
rustedHinge,6.375527872066776,5.681119434194268,5.60148990961529,6.52840548834363,6.894753820789097,6.436961454257212,6.249944004768936,0.0,2.297269868948403,5.924685979245981,6.29135578302254
hinge,6.245164941296096,5.219182955954723,5.600296762525814,6.834236834075156,7.3387366790787585,6.440303034363821,6.43312761879432,2.297269868948403,0.0,6.12850692465889,6.466298905030775
trapezoid,5.817233696060766,6.196357018229121,4.8988119304787485,5.1863160627660125,4.51041342247633,6.239080855277668,4.475116613379936,5.924685979245981,6.12850692465889,0.0,4.009937064968838
random,7.258436828933507,7.802391856269127,6.377558597119311,5.858603613291094,5.891502538127157,7.081011306943788,6.188093267141656,6.29135578302254,6.466298905030775,4.009937064968838,0.0
