,square,rectangle,parallelogram,losange,isoTrapezoid,kite,rightKite,rustedHinge,hinge,trapezoid,random
square,0.0,0.5765589298181282,0.8210385172653534,0.9988268174980371,0.5253831506418896,0.5452084625757929,0.5150389240558833,0.7058001809141115,0.6883696046141021,0.6045371438038061,0.8367885237279681
rectangle,0.5765589298181282,0.0,0.5535961186885068,0.7826292425250754,0.8360541947490735,0.6877507313868076,0.6734798108808209,0.6369596334065902,0.5358251675240249,0.6923638303160902,0.9818074074519109
parallelogram,0.8210385172653534,0.5535961186885068,0.0,0.399360499834338,0.9129965713134436,0.9105361971540096,0.8261442398081809,0.704243743703372,0.6090381349855576,0.6151680537833939,0.8514882607736486
losange,0.9988268174980371,0.7826292425250754,0.399360499834338,0.0,1.0097196700835345,1.050565345751689,0.9467640421119959,0.8485151756604181,0.7775293685600015,0.6827617170128238,0.8052330838052494
isoTrapezoid,0.5253831506418896,0.8360541947490735,0.9129965713134436,1.0097196700835345,0.0,0.5477065943497038,0.4617857366949969,0.8060584278309844,0.8392041220006412,0.5633623503544624,0.7262332205893006
kite,0.5452084625757929,0.6877507313868076,0.9105361971540096,1.050565345751689,0.5477065943497038,0.0,0.4182256757913793,0.8174382352142897,0.8007649236437947,0.7769302338127186,0.9417903695452948
rightKite,0.5150389240558833,0.6734798108808209,0.8261442398081809,0.9467640421119959,0.4617857366949969,0.4182256757913793,0.0,0.7786853506761792,0.7717694581307203,0.5508003229258284,0.793954614126042
rustedHinge,0.7058001809141115,0.6369596334065902,0.704243743703372,0.8485151756604181,0.8060584278309844,0.8174382352142897,0.7786853506761792,0.0,0.26899565179120033,0.6961009604872722,0.8292169441257402
hinge,0.6883696046141021,0.5358251675240249,0.6090381349855576,0.7775293685600015,0.8392041220006412,0.8007649236437947,0.7717694581307203,0.26899565179120033,0.0,0.6626479056742383,0.8114911825837814
trapezoid,0.6045371438038061,0.6923638303160902,0.6151680537833939,0.6827617170128238,0.5633623503544624,0.7769302338127186,0.5508003229258284,0.6961009604872722,0.6626479056742383,0.0,0.4860248322965292
random,0.8367885237279681,0.9818074074519109,0.8514882607736486,0.8052330838052494,0.7262332205893006,0.9417903695452948,0.793954614126042,0.8292169441257402,0.8114911825837814,0.4860248322965292,0.0
