,square,rectangle,parallelogram,losange,isoTrapezoid,kite,rightKite,rustedHinge,hinge,trapezoid,random
square,0.0,2.949573894509668,4.355197716112033,5.189561212556522,2.9776542540428794,2.7280491203536594,2.4731716002832274,3.7763200333873668,3.5785941002158834,3.246274657962226,4.306863844464882
rectangle,2.949573894509668,0.0,3.170218187602152,4.4378093939287835,4.378408612082247,3.650383068487916,3.547859604747206,3.314831438123993,2.81336793792457,3.827039433900204,4.90269206952831
parallelogram,4.355197716112033,3.170218187602152,0.0,2.6136762547116557,4.814317729015994,4.72831938701659,4.210516871377911,3.919302611508276,3.4839742884838865,3.3923667111759825,4.344621730663717
losange,5.189561212556522,4.4378093939287835,2.6136762547116557,0.0,5.084698672367538,5.33553580458421,4.924483647593337,4.321390864586229,4.161992901453036,3.6188628290256806,3.854957605777955
isoTrapezoid,2.9776542540428794,4.378408612082247,4.814317729015994,5.084698672367538,0.0,2.828936019324699,2.725016303721835,4.5573488885838085,4.534990976617866,3.0673357413893165,3.616995046378289
kite,2.7280491203536594,3.650383068487916,4.72831938701659,5.33553580458421,2.828936019324699,0.0,2.2393543562534655,4.426355504798012,4.331003896058616,4.054769337527001,4.7325825356507885
rightKite,2.4731716002832274,3.547859604747206,4.210516871377911,4.924483647593337,2.725016303721835,2.2393543562534655,0.0,4.378291301109609,4.254589016838169,2.9592570330085084,4.200427876219238
rustedHinge,3.7763200333873668,3.314831438123993,3.919302611508276,4.321390864586229,4.5573488885838085,4.426355504798012,4.378291301109609,0.0,1.3523601410854118,4.125200507208808,4.374695745231904
hinge,3.5785941002158834,2.81336793792457,3.4839742884838865,4.161992901453036,4.534990976617866,4.331003896058616,4.254589016838169,1.3523601410854118,0.0,3.9323631949438584,4.29884058305508
trapezoid,3.246274657962226,3.827039433900204,3.3923667111759825,3.6188628290256806,3.0673357413893165,4.054769337527001,2.9592570330085084,4.125200507208808,3.9323631949438584,0.0,2.523305544999711
random,4.306863844464882,4.90269206952831,4.344621730663717,3.854957605777955,3.616995046378289,4.7325825356507885,4.200427876219238,4.374695745231904,4.29884058305508,2.523305544999711,0.0
