,square,rectangle,parallelogram,losange,isoTrapezoid,kite,rightKite,rustedHinge,hinge,trapezoid,random
square,0.0,1425.6014993247147,2446.2500560112817,3051.4028549335894,1373.960100027725,1785.2219958587123,1550.082683296826,1897.6819671443372,1875.0819409568844,1915.834523084471,2663.8658758353095
rectangle,1425.6014993247147,0.0,1708.0169813598143,2493.062013261144,2266.1181136365785,2288.820747652604,2133.1122508575104,1970.3491369159667,1702.9530973236353,2190.3951035663913,3147.9717277155205
parallelogram,2446.2500560112817,1708.0169813598143,0.0,1112.5308625585285,2754.639409785891,2932.3306364651467,2708.0818512411906,1955.0890989192021,1590.5978653072668,1857.7448232561792,2775.1754131301814
losange,3051.4028549335894,2493.062013261144,1112.5308625585285,0.0,3302.2949867659295,3525.9986303840037,3275.6096024719996,2275.686771294726,1984.5201177424,2212.3998917013805,2804.032803717402
isoTrapezoid,1373.960100027725,2266.1181136365785,2754.639409785891,3302.2949867659295,0.0,1734.8775247465487,1595.169807664121,2367.141034155333,2355.7430348109947,1671.5877570273456,2190.222016485769
kite,1785.2219958587123,2288.820747652604,2932.3306364651467,3525.9986303840037,1734.8775247465487,0.0,768.894169938978,2317.415792842138,2323.6740332288464,2607.924418564168,3272.3367465392807
rightKite,1550.082683296826,2133.1122508575104,2708.0818512411906,3275.6096024719996,1595.169807664121,768.894169938978,0.0,2042.9103345660865,2049.8068740089084,2276.2343154046966,3046.1020063984074
rustedHinge,1897.6819671443372,1970.3491369159667,1955.0890989192021,2275.686771294726,2367.141034155333,2317.415792842138,2042.9103345660865,0.0,612.6279365559996,2094.750030828727,2693.6367253418857
hinge,1875.0819409568844,1702.9530973236353,1590.5978653072668,1984.5201177424,2355.7430348109947,2323.6740332288464,2049.8068740089084,612.6279365559996,0.0,1975.6086686030187,2695.3373397916175
trapezoid,1915.834523084471,2190.3951035663913,1857.7448232561792,2212.3998917013805,1671.5877570273456,2607.924418564168,2276.2343154046966,2094.750030828727,1975.6086686030187,0.0,1335.2675994470806
random,2663.8658758353095,3147.9717277155205,2775.1754131301814,2804.032803717402,2190.222016485769,3272.3367465392807,3046.1020063984074,2693.6367253418857,2695.3373397916175,1335.2675994470806,0.0
