,square,rectangle,parallelogram,losange,isoTrapezoid,kite,rightKite,rustedHinge,hinge,trapezoid,random
square,0.0,0.030783457943292958,0.053684222248674196,0.08480481959145314,0.03075176328034579,0.02585051502603375,0.01862206191411586,0.041996578493566306,0.03847706585861921,0.03323166880502826,0.06849136219945429
rectangle,0.030783457943292958,0.0,0.025194436697107858,0.06553103150764483,0.06416029518927713,0.04575414194404426,0.04260872463934351,0.03418715539974382,0.023716805293046206,0.05081657190914768,0.0913488228529078
parallelogram,0.053684222248674196,0.025194436697107858,0.0,0.02361382276746027,0.07446585199800149,0.07051790272331449,0.05458196626041201,0.039869962012433646,0.030547528864697915,0.03678449156788166,0.06837390069280291
losange,0.08480481959145314,0.06553103150764483,0.02361382276746027,0.0,0.08454817906701095,0.09681214352182743,0.0777705726395761,0.05789783081266897,0.05498368152925992,0.04093471542244764,0.046400176492011225
isoTrapezoid,0.03075176328034579,0.06416029518927713,0.07446585199800149,0.08454817906701095,0.0,0.027500981792016654,0.02214580355658291,0.0657877041332543,0.06612031071167768,0.029886392857652044,0.046378310740103124
kite,0.02585051502603375,0.04575414194404426,0.07051790272331449,0.09681214352182743,0.027500981792016654,2.220446049250313e-16,0.014172536756538512,0.060653050007900666,0.05935239712608942,0.05590978883678155,0.08397964182962592
rightKite,0.01862206191411586,0.04260872463934351,0.05458196626041201,0.0777705726395761,0.02214580355658291,0.014172536756538512,0.0,0.052019758911958536,0.049285318655883925,0.02897526318627497,0.06367911663991765
rustedHinge,0.041996578493566306,0.03418715539974382,0.039869962012433646,0.05789783081266897,0.0657877041332543,0.060653050007900666,0.052019758911958536,0.0,0.005048211519361745,0.04906032624003276,0.06537193055241419
hinge,0.03847706585861921,0.023716805293046206,0.030547528864697915,0.05498368152925992,0.06612031071167768,0.05935239712608942,0.049285318655883925,0.005048211519361745,0.0,0.04481416262667526,0.06706190365083353
trapezoid,0.03323166880502826,0.05081657190914768,0.03678449156788166,0.04093471542244764,0.029886392857652044,0.05590978883678155,0.02897526318627497,0.04906032624003276,0.04481416262667526,0.0,0.023733287448988505
random,0.06849136219945429,0.0913488228529078,0.06837390069280291,0.046400176492011225,0.046378310740103124,0.08397964182962592,0.06367911663991765,0.06537193055241419,0.06706190365083353,0.023733287448988505,2.220446049250313e-16
