,square,rectangle,parallelogram,losange,isoTrapezoid,kite,rightKite,rustedHinge,hinge,trapezoid,random
square,0.0,0.03252598623743441,0.051527611731851164,0.07316465371683412,0.01882806536858994,0.013172185773501988,0.008964987498451316,0.035805769773671114,0.033764584965299105,0.02215016889382393,0.045107556961254014
rectangle,0.03252598623743441,1.1102230246251565e-16,0.017102865386256605,0.040521111963768175,0.05636865495523291,0.03770602409834123,0.03606598593164989,0.022366624534114532,0.013525119405661812,0.03802209688140534,0.06365204697396765
parallelogram,0.051527611731851164,0.017102865386256605,1.1102230246251565e-16,0.01758662656431753,0.06721895964728497,0.05657163680031341,0.04933659550582192,0.031244017090140352,0.02153219511080251,0.03664735815194009,0.05820724767699059
losange,0.07316465371683412,0.040521111963768175,0.01758662656431753,0.0,0.07459634514985647,0.07475707597692072,0.06764112511057219,0.03953274954399244,0.034634437172407995,0.04064967044497603,0.042967022199798977
isoTrapezoid,0.01882806536858994,0.05636865495523291,0.06721895964728497,0.07459634514985647,0.0,0.01949900520794301,0.016675350815879786,0.05499183388732842,0.05548735880814337,0.022868607796132534,0.03344841207213867
kite,0.013172185773501988,0.03770602409834123,0.05657163680031341,0.07475707597692072,0.01949900520794301,1.1102230246251565e-16,0.009573952936424157,0.04896752802923787,0.0474979520918436,0.03638528075951042,0.0553796900389365
rightKite,0.008964987498451316,0.03606598593164989,0.04933659550582192,0.06764112511057219,0.016675350815879786,0.009573952936424157,0.0,0.04423569919394632,0.04218319305779594,0.020666837617089207,0.0466660941747471
rustedHinge,0.035805769773671114,0.022366624534114532,0.031244017090140352,0.03953274954399244,0.05499183388732842,0.04896752802923787,0.04423569919394632,1.1102230246251565e-16,0.0035405588576344904,0.03811111764590547,0.047954899515542326
hinge,0.033764584965299105,0.013525119405661812,0.02153219511080251,0.034634437172407995,0.05548735880814337,0.0474979520918436,0.04218319305779594,0.0035405588576344904,1.1102230246251565e-16,0.03460971106491306,0.048876785804487954
trapezoid,0.02215016889382393,0.03802209688140534,0.03664735815194009,0.04064967044497603,0.022868607796132534,0.03638528075951042,0.020666837617089207,0.03811111764590547,0.03460971106491306,1.1102230246251565e-16,0.01903957853097138
random,0.045107556961254014,0.06365204697396765,0.05820724767699059,0.042967022199798977,0.03344841207213867,0.0553796900389365,0.0466660941747471,0.047954899515542326,0.048876785804487954,0.01903957853097138,0.0
