,square,rectangle,parallelogram,losange,isoTrapezoid,kite,rightKite,rustedHinge,hinge,trapezoid,random
square,0.0,0.058546634925490504,0.1032636845271162,0.15455634349088931,0.054322620092864815,0.04144792454314483,0.03854063854224388,0.08748815645524433,0.08028183759449425,0.06579979184751794,0.12331588118786974
rectangle,0.058546634925490504,0.0,0.04669225013923961,0.1125943690364406,0.1162376864250173,0.07836554058665945,0.08181071080109037,0.06475166209696559,0.04635959356821884,0.09497375286568688,0.15609258454145958
parallelogram,0.1032636845271162,0.04669225013923961,0.0,0.041255952728853296,0.12641255817109343,0.11169426373870073,0.0970447666226083,0.08174459429841952,0.06452394262991945,0.07248098271618164,0.12237534078599299
losange,0.15455634349088931,0.1125943690364406,0.041255952728853296,0.0,0.140499495451613,0.1514447989708968,0.1318793228083227,0.1113025838140308,0.10495972431113743,0.07530870316243143,0.08938042376434419
isoTrapezoid,0.054322620092864815,0.1162376864250173,0.12641255817109343,0.140499495451613,0.0,0.05001264561899621,0.03977778645939589,0.11767515066598311,0.11751562662755688,0.04734651824532399,0.07632735512569688
kite,0.04144792454314483,0.07836554058665945,0.11169426373870073,0.1514447989708968,0.05001264561899621,1.1102230246251565e-16,0.02331574440408668,0.10266323863601323,0.09720507064001671,0.08653166436490944,0.12987779586305515
rightKite,0.03854063854224388,0.08181071080109037,0.0970447666226083,0.1318793228083227,0.03977778645939589,0.02331574440408668,1.1102230246251565e-16,0.09747106316907361,0.09197120194970043,0.049589092549616076,0.10579185283501913
rustedHinge,0.08748815645524433,0.06475166209696559,0.08174459429841952,0.1113025838140308,0.11767515066598311,0.10266323863601323,0.09747106316907361,0.0,0.010217093164339275,0.09827584495209718,0.11999975033222232
hinge,0.08028183759449425,0.04635959356821884,0.06452394262991945,0.10495972431113743,0.11751562662755688,0.09720507064001671,0.09197120194970043,0.010217093164339275,0.0,0.09170246041233998,0.12076544325018523
trapezoid,0.06579979184751794,0.09497375286568688,0.07248098271618164,0.07530870316243143,0.04734651824532399,0.08653166436490944,0.049589092549616076,0.09827584495209718,0.09170246041233998,0.0,0.042007107220187856
random,0.12331588118786974,0.15609258454145958,0.12237534078599299,0.08938042376434419,0.07632735512569688,0.12987779586305515,0.10579185283501913,0.11999975033222232,0.12076544325018523,0.042007107220187856,1.1102230246251565e-16
