,square,rectangle,parallelogram,losange,isoTrapezoid,kite,rightKite,rustedHinge,hinge,trapezoid,random
square,0.0,0.04486445545620332,0.07019467104121246,0.09955904297280493,0.024909926777136326,0.01724250419246831,0.011550323972736809,0.04853561956940011,0.046220792524805154,0.029390287018058125,0.06083232432687535
rectangle,0.04486445545620332,0.0,0.022430450709229444,0.05393184880026569,0.0768613269709928,0.051055135828951825,0.04891208516146239,0.02982648184053993,0.018095001182445003,0.051724666638295225,0.08605385499622886
parallelogram,0.07019467104121246,0.022430450709229444,1.1102230246251565e-16,0.024541163553984613,0.09159993699773394,0.07655054932102301,0.06675307036912337,0.04160755176327635,0.028489665315760693,0.05099423765189692,0.07974675300933376
losange,0.09955904297280493,0.05393184880026569,0.024541163553984613,0.0,0.10150034474951308,0.10133292064026145,0.09206056994679512,0.05200833150402662,0.04531165799505521,0.056764432325656866,0.05849047846650435
isoTrapezoid,0.024909926777136326,0.0768613269709928,0.09159993699773394,0.10150034474951308,1.1102230246251565e-16,0.026456083614075254,0.02265649230015465,0.07431558589992315,0.07542771388917668,0.030760415756557635,0.046236858623817656
kite,0.01724250419246831,0.051055135828951825,0.07655054932102301,0.10133292064026145,0.026456083614075254,1.1102230246251565e-16,0.012554124312001536,0.06607671947757698,0.06418045494220648,0.048518420829972375,0.07499707827170932
rightKite,0.011550323972736809,0.04891208516146239,0.06675307036912337,0.09206056994679512,0.02265649230015465,0.012554124312001536,0.0,0.05933766660369966,0.056801885603538604,0.027876178692587184,0.06390570838609455
rustedHinge,0.04853561956940011,0.02982648184053993,0.04160755176327635,0.05200833150402662,0.07431558589992315,0.06607671947757698,0.05933766660369966,1.1102230246251565e-16,0.004629561546968031,0.051257506736241076,0.06464380702346406
hinge,0.046220792524805154,0.018095001182445003,0.028489665315760693,0.04531165799505521,0.07542771388917668,0.06418045494220648,0.056801885603538604,0.004629561546968031,1.1102230246251565e-16,0.04684382955746624,0.06600182489792406
trapezoid,0.029390287018058125,0.051724666638295225,0.05099423765189692,0.056764432325656866,0.030760415756557635,0.048518420829972375,0.027876178692587184,0.051257506736241076,0.04684382955746624,1.1102230246251565e-16,0.026789825384781918
random,0.06083232432687535,0.08605385499622886,0.07974675300933376,0.05849047846650435,0.046236858623817656,0.07499707827170932,0.06390570838609455,0.06464380702346406,0.06600182489792406,0.026789825384781918,1.1102230246251565e-16
