,square,rectangle,parallelogram,losange,isoTrapezoid,kite,rightKite,rustedHinge,hinge,trapezoid,random
square,0.0,0.038281419914389714,0.061755810193201865,0.09487880005217808,0.03556658740760865,0.027784726473035315,0.02032525816969366,0.04877219500831809,0.04463405902370865,0.03948446281145279,0.078383770094678
rectangle,0.038281419914389714,2.220446049250313e-16,0.027974090997337497,0.06993107186903336,0.0715439700398558,0.050359336602535,0.04763596275272619,0.036765242684663746,0.02527942585034737,0.06001779701716681,0.10157603569075169
parallelogram,0.061755810193201865,0.027974090997337497,0.0,0.026616661972090117,0.07903714727376854,0.07398489276306941,0.05882827805482871,0.04597042628931647,0.03582800141000442,0.042961260907404264,0.07643137728817795
losange,0.09487880005217808,0.06993107186903336,0.026616661972090117,0.0,0.08766243631845705,0.10189519574484485,0.08408316071328503,0.06814762912888861,0.06402056628787722,0.04498834813602659,0.05066197901377678
isoTrapezoid,0.03556658740760865,0.0715439700398558,0.07903714727376854,0.08766243631845705,0.0,0.03247461784839234,0.026291378292475742,0.07100971945652379,0.07087507565117923,0.03251078609026936,0.04917580716713876
kite,0.027784726473035315,0.050359336602535,0.07398489276306941,0.10189519574484485,0.03247461784839234,0.0,0.015816643471376568,0.06392975596698103,0.06199575000521296,0.062096302361049016,0.09267312665406435
rightKite,0.02032525816969366,0.04763596275272619,0.05882827805482871,0.08408316071328503,0.026291378292475742,0.015816643471376568,0.0,0.05594025442768358,0.053153838483639415,0.03336925985012984,0.07125148231286149
rustedHinge,0.04877219500831809,0.036765242684663746,0.04597042628931647,0.06814762912888861,0.07100971945652379,0.06392975596698103,0.05594025442768358,0.0,0.005776101815097023,0.05896372879947809,0.07799731052345049
hinge,0.04463405902370865,0.02527942585034737,0.03582800141000442,0.06402056628787722,0.07087507565117923,0.06199575000521296,0.053153838483639415,0.005776101815097023,0.0,0.054711807952478764,0.07940930438018368
trapezoid,0.03948446281145279,0.06001779701716681,0.042961260907404264,0.04498834813602659,0.03251078609026936,0.062096302361049016,0.03336925985012984,0.05896372879947809,0.054711807952478764,0.0,0.02649672768393696
random,0.078383770094678,0.10157603569075169,0.07643137728817795,0.05066197901377678,0.04917580716713876,0.09267312665406435,0.07125148231286149,0.07799731052345049,0.07940930438018368,0.02649672768393696,0.0
