,square,rectangle,parallelogram,losange,isoTrapezoid,kite,rightKite,rustedHinge,hinge,trapezoid,random
square,0.0,0.022856989229197322,0.04418199853536642,0.07388406056678198,0.025348412708996904,0.022869563882732313,0.016808013052938442,0.03512185598918394,0.03213402843022817,0.02752535639591447,0.05710875087251044
rectangle,0.022856989229197322,0.0,0.023325468805183713,0.06103965029505809,0.05454331434439974,0.039130272323636084,0.035916261248545966,0.03150711595192224,0.022463538102935776,0.04218810432991482,0.07968560905452782
parallelogram,0.04418199853536642,0.023325468805183713,1.1102230246251565e-16,0.020240863326730696,0.06601559795621703,0.06399014748795251,0.04838516301333162,0.034979755952737834,0.02675226213814552,0.029603082156216987,0.057870867682787486
losange,0.07388406056678198,0.06103965029505809,0.020240863326730696,1.1102230246251565e-16,0.07941738648628305,0.08997351229724937,0.07149618809326252,0.05108228507723278,0.04874233234904968,0.035899476923883844,0.04158183495156387
isoTrapezoid,0.025348412708996904,0.05454331434439974,0.06601559795621703,0.07941738648628305,0.0,0.02273081291530632,0.01825027786768807,0.05855968392987132,0.0589475632511155,0.02660817916360103,0.041324402803396554
kite,0.022869563882732313,0.039130272323636084,0.06399014748795251,0.08997351229724937,0.02273081291530632,1.1102230246251565e-16,0.01227010848407839,0.05620807985635912,0.05456109907978446,0.04884606573609496,0.07212378698580468
rightKite,0.016808013052938442,0.035916261248545966,0.04838516301333162,0.07149618809326252,0.01825027786768807,0.01227010848407839,0.0,0.04658232934987061,0.04379107148755268,0.025245125058458107,0.05428159198242033
rustedHinge,0.03512185598918394,0.03150711595192224,0.034979755952737834,0.05108228507723278,0.05855968392987132,0.05620807985635912,0.04658232934987061,2.220446049250313e-16,0.004328500153181536,0.03947007344359976,0.05233025238308109
hinge,0.03213402843022817,0.022463538102935776,0.02675226213814552,0.04874233234904968,0.0589475632511155,0.05456109907978446,0.04379107148755268,0.004328500153181536,0.0,0.03599558022058291,0.054172653269883186
trapezoid,0.02752535639591447,0.04218810432991482,0.029603082156216987,0.035899476923883844,0.02660817916360103,0.04884606573609496,0.025245125058458107,0.03947007344359976,0.03599558022058291,0.0,0.020057924955061535
random,0.05710875087251044,0.07968560905452782,0.057870867682787486,0.04158183495156387,0.041324402803396554,0.07212378698580468,0.05428159198242033,0.05233025238308109,0.054172653269883186,0.020057924955061535,0.0
