,square,rectangle,parallelogram,losange,isoTrapezoid,kite,rightKite,rustedHinge,hinge,trapezoid,random
square,1.1102230246251565e-16,0.014843295069316365,0.027940373932905715,0.049103024917278026,0.01623992896515858,0.015394325656502783,0.0073007354628488175,0.019120434670415243,0.016890386653897527,0.015360964628243545,0.036698896056057806
rectangle,0.014843295069316365,0.0,0.01568287920746214,0.04365010713327666,0.03631303750371995,0.026961684967013788,0.02064228758498765,0.019388688852674085,0.012733283712714427,0.02703216486824911,0.05702301630835305
parallelogram,0.027940373932905715,0.01568287920746214,0.0,0.014413044491563665,0.048546966250823664,0.04974023685709206,0.033253365752824116,0.019229233414174818,0.013168248155565276,0.018230802828314352,0.039436647722758345
losange,0.049103024917278026,0.04365010713327666,0.014413044491563665,1.1102230246251565e-16,0.05983859088419774,0.07013827739230172,0.05202507392468669,0.030804355771612335,0.02914092061718876,0.024382621134683036,0.025926362881230847
isoTrapezoid,0.01623992896515858,0.03631303750371995,0.048546966250823664,0.05983859088419774,0.0,0.013962904192134973,0.011599051160285256,0.04056782314730245,0.040134777552920164,0.02065016203532888,0.030277246314263095
kite,0.015394325656502783,0.026961684967013788,0.04974023685709206,0.07013827739230172,0.013962904192134973,0.0,0.008916121291325352,0.041438939375763595,0.04092774460205195,0.037377647032097006,0.05520209235353746
rightKite,0.0073007354628488175,0.02064228758498765,0.033253365752824116,0.05202507392468669,0.011599051160285256,0.008916121291325352,0.0,0.030808678741262918,0.02851096353029625,0.017591015847930103,0.039727112786844376
rustedHinge,0.019120434670415243,0.019388688852674085,0.019229233414174818,0.030804355771612335,0.04056782314730245,0.041438939375763595,0.030808678741262918,0.0,0.002313511273183577,0.022532238652133607,0.03465202311452742
hinge,0.016890386653897527,0.012733283712714427,0.013168248155565276,0.02914092061718876,0.040134777552920164,0.04092774460205195,0.02851096353029625,0.002313511273183577,1.1102230246251565e-16,0.01941148301462703,0.03648468029317353
trapezoid,0.015360964628243545,0.02703216486824911,0.018230802828314352,0.024382621134683036,0.02065016203532888,0.037377647032097006,0.017591015847930103,0.022532238652133607,0.01941148301462703,0.0,0.014023951777739185
random,0.036698896056057806,0.05702301630835305,0.039436647722758345,0.025926362881230847,0.030277246314263095,0.05520209235353746,0.039727112786844376,0.03465202311452742,0.03648468029317353,0.014023951777739185,1.1102230246251565e-16
