,square,rectangle,parallelogram,losange,isoTrapezoid,kite,rightKite,rustedHinge,hinge,trapezoid,random
square,0.0,0.03769930796770926,0.06254365515246074,0.09611484050875185,0.03533759464425268,0.02823661831087354,0.020640500149715302,0.04865047552798074,0.04465622609463882,0.03876074936253371,0.07876138228821106
rectangle,0.03769930796770926,0.0,0.027637132977261336,0.07081875808615612,0.07264014531898122,0.051305549261540406,0.04836962479475526,0.03701332699838111,0.025418152288931517,0.059148269261015574,0.10239952927924345
parallelogram,0.06254365515246074,0.027637132977261336,0.0,0.026771210291328007,0.08250913717040786,0.07672177750671705,0.06079860163587025,0.04600429076873391,0.035557458373784656,0.04339410664381915,0.07806748675373965
losange,0.09611484050875185,0.07081875808615612,0.026771210291328007,2.220446049250313e-16,0.09117284809371007,0.10492848628590234,0.08587722168530232,0.06719993819921055,0.06336548364637928,0.0458943909483589,0.0514892628643544
isoTrapezoid,0.03533759464425268,0.07264014531898122,0.08250913717040786,0.09117284809371007,0.0,0.032149685189466815,0.026143974282039295,0.07278464793449646,0.07303479083884423,0.03299610839530953,0.050777776507103245
kite,0.02823661831087354,0.051305549261540406,0.07672177750671705,0.10492848628590234,0.032149685189466815,0.0,0.015835745295155967,0.06519269330655009,0.06382415043012712,0.06244511477545034,0.09412240964877305
rightKite,0.020640500149715302,0.04836962479475526,0.06079860163587025,0.08587722168530232,0.026143974282039295,0.015835745295155967,0.0,0.05717120007128729,0.0544768740139151,0.03296188024334301,0.07218415056335148
rustedHinge,0.04865047552798074,0.03701332699838111,0.04600429076873391,0.06719993819921055,0.07278464793449646,0.06519269330655009,0.05717120007128729,0.0,0.005724711560429641,0.05845979323631112,0.07754779326634531
hinge,0.04465622609463882,0.025418152288931517,0.035557458373784656,0.06336548364637928,0.07303479083884423,0.06382415043012712,0.0544768740139151,0.005724711560429641,0.0,0.053838147300747874,0.0790858499496141
trapezoid,0.03876074936253371,0.059148269261015574,0.04339410664381915,0.0458943909483589,0.03299610839530953,0.06244511477545034,0.03296188024334301,0.05845979323631112,0.053838147300747874,0.0,0.02688637646134928
random,0.07876138228821106,0.10239952927924345,0.07806748675373965,0.0514892628643544,0.050777776507103245,0.09412240964877305,0.07218415056335148,0.07754779326634531,0.0790858499496141,0.02688637646134928,0.0
