,square,rectangle,parallelogram,losange,isoTrapezoid,kite,rightKite,rustedHinge,hinge,trapezoid,random
square,0.0,0.024858076715556288,0.04734850008622615,0.07908390726431802,0.027769921411807785,0.02424815441143746,0.017970372839894333,0.03810252282078974,0.034925056681795574,0.0301520286342426,0.062384989648186284
rectangle,0.024858076715556288,0.0,0.025058097414243807,0.06561332287497323,0.05881269429853564,0.04195607636141341,0.038864843371322566,0.03386460545783765,0.024190933455235486,0.04596702547941889,0.08578985645525639
parallelogram,0.04734850008622615,0.025058097414243807,0.0,0.02197461067496098,0.0695698694156851,0.06725320662591716,0.05121852284101969,0.03726990320073453,0.0287260648233425,0.03192584417736055,0.062215578117005066
losange,0.07908390726431802,0.06561332287497323,0.02197461067496098,1.1102230246251565e-16,0.08298962234493312,0.09462816155352094,0.07554769474320056,0.054667488377253215,0.052552955152769365,0.03804025928445187,0.044326475190343384
isoTrapezoid,0.027769921411807785,0.05881269429853564,0.0695698694156851,0.08298962234493312,0.0,0.024486344884401712,0.019508398017841544,0.062046021696342546,0.062432435835698796,0.028009872161739224,0.043880786884598066
kite,0.02424815441143746,0.04195607636141341,0.06725320662591716,0.09462816155352094,0.024486344884401712,0.0,0.0129561975469078,0.05910258115167499,0.05746165190582908,0.0518142337153874,0.07718854980701284
rightKite,0.017970372839894333,0.038864843371322566,0.05121852284101969,0.07554769474320056,0.019508398017841544,0.0129561975469078,0.0,0.049343914274927236,0.04648103857889474,0.027020343631938393,0.05855636249654661
rustedHinge,0.03810252282078974,0.03386460545783765,0.03726990320073453,0.054667488377253215,0.062046021696342546,0.05910258115167499,0.049343914274927236,2.220446049250313e-16,0.004661460515247962,0.042682606000292056,0.05672158343515743
hinge,0.034925056681795574,0.024190933455235486,0.0287260648233425,0.052552955152769365,0.062432435835698796,0.05746165190582908,0.04648103857889474,0.004661460515247962,0.0,0.03911077719777545,0.0588555083742035
trapezoid,0.0301520286342426,0.04596702547941889,0.03192584417736055,0.03804025928445187,0.028009872161739224,0.0518142337153874,0.027020343631938393,0.042682606000292056,0.03911077719777545,1.1102230246251565e-16,0.02167991689382409
random,0.062384989648186284,0.08578985645525639,0.062215578117005066,0.044326475190343384,0.043880786884598066,0.07718854980701284,0.05855636249654661,0.05672158343515743,0.0588555083742035,0.02167991689382409,1.1102230246251565e-16
