,square,rectangle,parallelogram,losange,isoTrapezoid,kite,rightKite,rustedHinge,hinge,trapezoid,random
square,0.0,0.031398763288766895,0.05014785015495282,0.07074703970274976,0.019101494127452212,0.013276065331556453,0.009493967455992625,0.03521728757976972,0.03284404022078646,0.022257437601085006,0.044784934393035325
rectangle,0.031398763288766895,0.0,0.017486962825507546,0.040749905079210724,0.05549577036842046,0.036937713408387474,0.03545356071317174,0.022392844123347855,0.013607646756634506,0.03767988006034495,0.06307913025392087
parallelogram,0.05014785015495282,0.017486962825507546,2.220446049250313e-16,0.01736867539455078,0.06545527856968258,0.055086694103711475,0.04772698034946121,0.031901163348939554,0.02228034544180546,0.035510383437470594,0.056877824235016416
losange,0.07074703970274976,0.040749905079210724,0.01736867539455078,2.220446049250313e-16,0.07183566960000087,0.07245933620170142,0.06488798944992369,0.04046216888743881,0.035599556788241005,0.03851252453613685,0.041528124297396496
isoTrapezoid,0.019101494127452212,0.05549577036842046,0.06545527856968258,0.07183566960000087,0.0,0.0191570370514913,0.016552248036142414,0.05464239962092032,0.05478920592818082,0.022382909257242734,0.0325149485724433
kite,0.013276065331556453,0.036937713408387474,0.055086694103711475,0.07245933620170142,0.0191570370514913,0.0,0.009636807293551541,0.04805611130325427,0.04640603727516224,0.03586728034472475,0.054281811490695775
rightKite,0.009493967455992625,0.03545356071317174,0.04772698034946121,0.06488798944992369,0.016552248036142414,0.009636807293551541,0.0,0.04401864575657399,0.04166556865913107,0.020154472518452704,0.04533062336755789
rustedHinge,0.03521728757976972,0.022392844123347855,0.031901163348939554,0.04046216888743881,0.05464239962092032,0.04805611130325427,0.04401864575657399,0.0,0.003612313879139961,0.038716862202352265,0.04857883595257706
hinge,0.03284404022078646,0.013607646756634506,0.02228034544180546,0.035599556788241005,0.05478920592818082,0.04640603727516224,0.04166556865913107,0.003612313879139961,0.0,0.03496804084673477,0.049192782988111805
trapezoid,0.022257437601085006,0.03767988006034495,0.035510383437470594,0.03851252453613685,0.022382909257242734,0.03586728034472475,0.020154472518452704,0.038716862202352265,0.03496804084673477,0.0,0.01834672656094627
random,0.044784934393035325,0.06307913025392087,0.056877824235016416,0.041528124297396496,0.0325149485724433,0.054281811490695775,0.04533062336755789,0.04857883595257706,0.049192782988111805,0.01834672656094627,2.220446049250313e-16
