,square,rectangle,parallelogram,losange,isoTrapezoid,kite,rightKite,rustedHinge,hinge,trapezoid,random
square,0.0,0.026439327139077817,0.048704986043220266,0.07989123721251545,0.028434395617119246,0.02464025799476477,0.018060398066784833,0.03881732891563183,0.035628064963750594,0.030817851539545638,0.06401199121597767
rectangle,0.026439327139077817,0.0,0.025029212418259505,0.06547413223298637,0.060299272581298746,0.043124487155040025,0.03996740241435448,0.03406500651028388,0.02414453782022885,0.04723853894754959,0.08755536613354242
parallelogram,0.048704986043220266,0.025029212418259505,0.0,0.022401042402644622,0.07080045133443069,0.06811610224083675,0.051996269959463826,0.03767230198749316,0.028936791599639466,0.03310148610565089,0.06393808457843864
losange,0.07989123721251545,0.06547413223298637,0.022401042402644622,0.0,0.08296518605814718,0.09484367731277021,0.0756467819505412,0.055003487217422986,0.05275467772286668,0.038454756713902194,0.04458216883705468
isoTrapezoid,0.028434395617119246,0.060299272581298746,0.07080045133443069,0.08296518605814718,0.0,0.025094970665605287,0.020014774163026994,0.06304470599137568,0.0633902010850822,0.02843793917603299,0.0445589497545108
kite,0.02464025799476477,0.043124487155040025,0.06811610224083675,0.09484367731277021,0.025094970665605287,0.0,0.013238551694284117,0.05956665912577064,0.05801454246925608,0.05270954760261248,0.07896474025332023
rightKite,0.018060398066784833,0.03996740241435448,0.051996269959463826,0.0756467819505412,0.020014774163026994,0.013238551694284117,0.0,0.05002475681206553,0.047191256301868156,0.02735579265771304,0.059817780798566034
rustedHinge,0.03881732891563183,0.03406500651028388,0.03767230198749316,0.055003487217422986,0.06304470599137568,0.05956665912577064,0.05002475681206553,0.0,0.004749163662245648,0.044076487744074466,0.058905169082744235
hinge,0.035628064963750594,0.02414453782022885,0.028936791599639466,0.05275467772286668,0.0633902010850822,0.05801454246925608,0.047191256301868156,0.004749163662245648,0.0,0.04033145117883974,0.060938770917308815
trapezoid,0.030817851539545638,0.04723853894754959,0.03310148610565089,0.038454756713902194,0.02843793917603299,0.05270954760261248,0.02735579265771304,0.044076487744074466,0.04033145117883974,0.0,0.022217300935286066
random,0.06401199121597767,0.08755536613354242,0.06393808457843864,0.04458216883705468,0.0445589497545108,0.07896474025332023,0.059817780798566034,0.058905169082744235,0.060938770917308815,0.022217300935286066,0.0
