,square,rectangle,parallelogram,losange,isoTrapezoid,kite,rightKite,rustedHinge,hinge,trapezoid,random
square,1.1102230246251565e-16,0.019191878853174194,0.037205946639544574,0.06242922653206007,0.021127719897743757,0.01941757758189988,0.012851400778620126,0.027725482133758472,0.025045512163369588,0.022353880749792165,0.04768137073073331
rectangle,0.019191878853174194,1.1102230246251565e-16,0.019443522974161964,0.051427491527495706,0.045922923509397306,0.033229730385740064,0.028935895535914358,0.025615724151720642,0.01778103195718328,0.035059907801056056,0.06829854748180053
parallelogram,0.037205946639544574,0.019443522974161964,0.0,0.017046762819271533,0.05779635475590572,0.05663279329761162,0.04101935628870779,0.028339120902998838,0.020860821622265435,0.024735046300475738,0.04932667539983182
losange,0.06242922653206007,0.051427491527495706,0.017046762819271533,0.0,0.0697194214013146,0.07924236266165186,0.061239764505455985,0.041837636681792856,0.03919974449604713,0.030525412829128906,0.034473878483009535
isoTrapezoid,0.021127719897743757,0.045922923509397306,0.05779635475590572,0.0697194214013146,1.1102230246251565e-16,0.018664531219261593,0.015211676642049032,0.050123405161256906,0.049963565363313034,0.023533087528537666,0.0355453590447673
kite,0.01941757758189988,0.033229730385740064,0.05663279329761162,0.07924236266165186,0.018664531219261593,1.1102230246251565e-16,0.010623246634148154,0.04879539005273281,0.04742875967489202,0.04278757623562923,0.06295454769560538
rightKite,0.012851400778620126,0.028935895535914358,0.04101935628870779,0.061239764505455985,0.015211676642049032,0.010623246634148154,0.0,0.03929857695038941,0.036594989286445,0.021210376109194073,0.04635397005491548
rustedHinge,0.027725482133758472,0.025615724151720642,0.028339120902998838,0.041837636681792856,0.050123405161256906,0.04879539005273281,0.03929857695038941,1.1102230246251565e-16,0.003353795363964185,0.032395064333491264,0.04427151857155531
hinge,0.025045512163369588,0.01778103195718328,0.020860821622265435,0.03919974449604713,0.049963565363313034,0.04742875967489202,0.036594989286445,0.003353795363964185,0.0,0.02895082498991397,0.04570967738911247
trapezoid,0.022353880749792165,0.035059907801056056,0.024735046300475738,0.030525412829128906,0.023533087528537666,0.04278757623562923,0.021210376109194073,0.032395064333491264,0.02895082498991397,1.1102230246251565e-16,0.017043923880397327
random,0.04768137073073331,0.06829854748180053,0.04932667539983182,0.034473878483009535,0.0355453590447673,0.06295454769560538,0.04635397005491548,0.04427151857155531,0.04570967738911247,0.017043923880397327,1.1102230246251565e-16
