,square,rectangle,parallelogram,losange,isoTrapezoid,kite,rightKite,rustedHinge,hinge,trapezoid,random
square,0.0,0.02992494369353449,0.14456486427272708,0.24825901377794168,0.30306287944897703,0.2885682377108193,0.3068875865372539,0.3479335965287379,0.29103367358980525,0.2385731841672818,0.3762682736969809
rectangle,0.02992494369353449,0.0,0.14181351131709274,0.2608673682041469,0.318948145038656,0.3063132605306259,0.3301180542347757,0.34531383680241945,0.2770279287172429,0.25402533670781324,0.3942956948168298
parallelogram,0.14456486427272708,0.14181351131709274,0.0,0.052969919327203185,0.22430170832155538,0.22740796144238895,0.24236473504113976,0.2645554905904036,0.23039577761263097,0.12703292671229738,0.251586365888149
losange,0.24825901377794168,0.2608673682041469,0.052969919327203185,1.1102230246251565e-16,0.20040918283477205,0.2078601419632965,0.2166464063680037,0.24262684774245857,0.23515948915324159,0.10940983889055933,0.19209592312255652
isoTrapezoid,0.30306287944897703,0.318948145038656,0.22430170832155538,0.20040918283477205,1.1102230246251565e-16,0.0647521191438788,0.05879364570158796,0.0949851645555908,0.10811894204932992,0.053430390938982164,0.07227741585036296
kite,0.2885682377108193,0.3063132605306259,0.22740796144238895,0.2078601419632965,0.0647521191438788,0.0,0.020665692652668155,0.0687068120564247,0.07407768335939602,0.07872861797903696,0.061219970463625595
rightKite,0.3068875865372539,0.3301180542347757,0.24236473504113976,0.2166464063680037,0.05879364570158796,0.020665692652668155,0.0,0.07402880792113364,0.09219674572047165,0.07492734527137468,0.06693985813405934
rustedHinge,0.3479335965287379,0.34531383680241945,0.2645554905904036,0.24262684774245857,0.0949851645555908,0.0687068120564247,0.07402880792113364,0.0,0.021508169469740324,0.12131525935343723,0.08088987451027518
hinge,0.29103367358980525,0.2770279287172429,0.23039577761263097,0.23515948915324159,0.10811894204932992,0.07407768335939602,0.09219674572047165,0.021508169469740324,0.0,0.12011398920472816,0.09900146257338283
trapezoid,0.2385731841672818,0.25402533670781324,0.12703292671229738,0.10940983889055933,0.053430390938982164,0.07872861797903696,0.07492734527137468,0.12131525935343723,0.12011398920472816,0.0,0.07131232061251669
random,0.3762682736969809,0.3942956948168298,0.251586365888149,0.19209592312255652,0.07227741585036296,0.061219970463625595,0.06693985813405934,0.08088987451027518,0.09900146257338283,0.07131232061251669,0.0
