,square,rectangle,parallelogram,losange,isoTrapezoid,kite,rightKite,rustedHinge,hinge,trapezoid,random
square,1.1102230246251565e-16,0.02354664359951808,0.04341897821243168,0.06108100469981126,0.022563284520967675,0.021410561051043442,0.016026260112339097,0.0363058800624787,0.029613278010657273,0.020799860919527013,0.044462252494336996
rectangle,0.02354664359951808,0.0,0.017610818851235832,0.03983530339235175,0.06362872162469968,0.04428595183636852,0.03902393730548981,0.027773187757763385,0.015576769911619603,0.0335744745757941,0.0687278666069221
parallelogram,0.04341897821243168,0.017610818851235832,0.0,0.012557345816265886,0.07274723443951192,0.06357844370835442,0.05240279888160293,0.0360333279301025,0.02331521956802829,0.027438922106021724,0.05623867852966424
losange,0.06108100469981126,0.03983530339235175,0.012557345816265886,1.1102230246251565e-16,0.07897696184101932,0.07854368434556824,0.06690809477415627,0.04539253341925664,0.03633336559434441,0.0302468789520548,0.045735214430765
isoTrapezoid,0.022563284520967675,0.06362872162469968,0.07274723443951192,0.07897696184101932,0.0,0.021342132840541095,0.021219050526326444,0.0653649148829143,0.06374068768378816,0.028474783512717705,0.03527684319428348
kite,0.021410561051043442,0.04428595183636852,0.06357844370835442,0.07854368434556824,0.021342132840541095,0.0,0.012119995724245713,0.06085630554550048,0.056298441551790535,0.04358049815890108,0.06229058790663533
rightKite,0.016026260112339097,0.03902393730548981,0.05240279888160293,0.06690809477415627,0.021219050526326444,0.012119995724245713,0.0,0.05130775580916169,0.047572649319225335,0.02682563164341034,0.051589442468714775
rustedHinge,0.0363058800624787,0.027773187757763385,0.0360333279301025,0.04539253341925664,0.0653649148829143,0.06085630554550048,0.05130775580916169,1.1102230246251565e-16,0.0048410283570540225,0.04061773635665711,0.05441877521859917
hinge,0.029613278010657273,0.015576769911619603,0.02331521956802829,0.03633336559434441,0.06374068768378816,0.056298441551790535,0.047572649319225335,0.0048410283570540225,1.1102230246251565e-16,0.03297057880532628,0.05223273670823081
trapezoid,0.020799860919527013,0.0335744745757941,0.027438922106021724,0.0302468789520548,0.028474783512717705,0.04358049815890108,0.02682563164341034,0.04061773635665711,0.03297057880532628,0.0,0.017035665840573255
random,0.044462252494336996,0.0687278666069221,0.05623867852966424,0.045735214430765,0.03527684319428348,0.06229058790663533,0.051589442468714775,0.05441877521859917,0.05223273670823081,0.017035665840573255,1.1102230246251565e-16
