,square,rectangle,parallelogram,losange,isoTrapezoid,kite,rightKite,rustedHinge,hinge,trapezoid,random
square,2.220446049250313e-16,0.031434454489207786,0.04870678428205388,0.06048888952292286,0.029689270853723193,0.027446262510238295,0.019783923677366033,0.0377819285162595,0.03175670838025413,0.01281819938858264,0.03686170004056544
rectangle,0.031434454489207786,2.220446049250313e-16,0.008386745575807542,0.021053109012142412,0.09117409886669758,0.061612556398981666,0.052074452162114704,0.020852626917215233,0.008500670424905876,0.029148932636015812,0.06623573375209635
parallelogram,0.04870678428205388,0.008386745575807542,2.220446049250313e-16,0.00407895259093094,0.10493827435047165,0.07535708843946509,0.06850216514756291,0.026322099492600115,0.014578977820912664,0.03121288687588397,0.06175417020891383
losange,0.06048888952292286,0.021053109012142412,0.00407895259093094,0.0,0.10808295097215537,0.08268292562140434,0.07980287548399911,0.035257064771310964,0.024989404572835605,0.03453835733254296,0.05637744086830698
isoTrapezoid,0.029689270853723193,0.09117409886669758,0.10493827435047165,0.10808295097215537,0.0,0.021853465929393634,0.030160463722186392,0.08063797130262773,0.08239429702937306,0.03835863260090655,0.03574154181997069
kite,0.027446262510238295,0.061612556398981666,0.07535708843946509,0.08268292562140434,0.021853465929393634,0.0,0.011344634716848212,0.060761261466635186,0.0605677579162468,0.03779370234513635,0.05509814139484115
rightKite,0.019783923677366033,0.052074452162114704,0.06850216514756291,0.07980287548399911,0.030160463722186392,0.011344634716848212,0.0,0.043772450420659914,0.04631341434056546,0.029686457637136288,0.054697085800092804
rustedHinge,0.0377819285162595,0.020852626917215233,0.026322099492600115,0.035257064771310964,0.08063797130262773,0.060761261466635186,0.043772450420659914,0.0,0.005203271591545544,0.030950416997742702,0.05493343460332756
hinge,0.03175670838025413,0.008500670424905876,0.014578977820912664,0.024989404572835605,0.08239429702937306,0.0605677579162468,0.04631341434056546,0.005203271591545544,0.0,0.024769375548754913,0.05322935940357676
trapezoid,0.01281819938858264,0.029148932636015812,0.03121288687588397,0.03453835733254296,0.03835863260090655,0.03779370234513635,0.029686457637136288,0.030950416997742702,0.024769375548754913,0.0,0.01398428706396082
random,0.03686170004056544,0.06623573375209635,0.06175417020891383,0.05637744086830698,0.03574154181997069,0.05509814139484115,0.054697085800092804,0.05493343460332756,0.05322935940357676,0.01398428706396082,0.0
