,square,rectangle,parallelogram,losange,isoTrapezoid,kite,rightKite,rustedHinge,hinge,trapezoid,random
square,0.0,0.028321646483310814,0.04603867920545013,0.056287157266112664,0.026225305104621177,0.02626084952644836,0.016589667244510165,0.03275599903352566,0.02598150560445256,0.011983089704727945,0.034162470001084966
rectangle,0.028321646483310814,0.0,0.007085182126863043,0.017788326558529244,0.08430838778350935,0.06046542200548388,0.046834332052074656,0.018213603279206292,0.005869473688637328,0.025136185973196667,0.06174432914737582
parallelogram,0.04603867920545013,0.007085182126863043,0.0,0.0033656194625435454,0.10137144249987529,0.07789711302683111,0.06618016485427436,0.02587513809645603,0.012882218056117778,0.028713673157009234,0.05942133990051057
losange,0.056287157266112664,0.017788326558529244,0.0033656194625435454,1.1102230246251565e-16,0.10435973181278513,0.08480398342238094,0.07666911492482709,0.033755257855337506,0.022012112524609995,0.031393748187082404,0.05407286242462228
isoTrapezoid,0.026225305104621177,0.08430838778350935,0.10137144249987529,0.10435973181278513,0.0,0.019596524431813922,0.02839551733946022,0.07667342457825932,0.07723431027881977,0.039766033382217625,0.03605968789285341
kite,0.02626084952644836,0.06046542200548388,0.07789711302683111,0.08480398342238094,0.019596524431813922,0.0,0.01164939648613783,0.06210805009718334,0.060606319576496204,0.04237659344031597,0.05867668456623576
rightKite,0.016589667244510165,0.046834332052074656,0.06618016485427436,0.07666911492482709,0.02839551733946022,0.01164939648613783,0.0,0.04245494248168624,0.043119395140637784,0.031234090525624425,0.055801204899283974
rustedHinge,0.03275599903352566,0.018213603279206292,0.02587513809645603,0.033755257855337506,0.07667342457825932,0.06210805009718334,0.04245494248168624,1.1102230246251565e-16,0.005222745907326964,0.029820986061725896,0.05456283521887828
hinge,0.02598150560445256,0.005869473688637328,0.012882218056117778,0.022012112524609995,0.07723431027881977,0.060606319576496204,0.043119395140637784,0.005222745907326964,0.0,0.02157014942347879,0.050880257263501205
trapezoid,0.011983089704727945,0.025136185973196667,0.028713673157009234,0.031393748187082404,0.039766033382217625,0.04237659344031597,0.031234090525624425,0.029820986061725896,0.02157014942347879,0.0,0.01345108272062634
random,0.034162470001084966,0.06174432914737582,0.05942133990051057,0.05407286242462228,0.03605968789285341,0.05867668456623576,0.055801204899283974,0.05456283521887828,0.050880257263501205,0.01345108272062634,0.0
