,square,rectangle,parallelogram,losange,isoTrapezoid,kite,rightKite,rustedHinge,hinge,trapezoid,random
square,0.0,0.031333215041438045,0.05009346294010719,0.06349415154287841,0.035290858232666644,0.0326757002787913,0.02573961752337106,0.043949518801611465,0.035894849599550804,0.017101803300022977,0.0441851615440102
rectangle,0.031333215041438045,2.220446049250313e-16,0.010762970822562168,0.02534946016630546,0.09535664667810684,0.06623757748797277,0.05765634709567358,0.027623531204627683,0.013063477921561706,0.03335972415060717,0.07317965092957324
parallelogram,0.05009346294010719,0.010762970822562168,0.0,0.005146364232777034,0.10707308133181526,0.07821127264999028,0.07196025132565265,0.031549124274281914,0.018295831655371964,0.032949172769201396,0.06587149473398779
losange,0.06349415154287841,0.02534946016630546,0.005146364232777034,0.0,0.11012365812134595,0.08548906974984816,0.08296811017762096,0.04031334420182797,0.029066980012858012,0.036136466689974944,0.0596181657955942
isoTrapezoid,0.035290858232666644,0.09535664667810684,0.10707308133181526,0.11012365812134595,0.0,0.02289798068173865,0.030556758076337953,0.08051101146107265,0.0825807621406861,0.0388214657279059,0.03680880883548432
kite,0.0326757002787913,0.06623757748797277,0.07821127264999028,0.08548906974984816,0.02289798068173865,0.0,0.011709824695693927,0.061246780985280136,0.06110794957732657,0.03910411853738238,0.05579277096749358
rightKite,0.02573961752337106,0.05765634709567358,0.07196025132565265,0.08296811017762096,0.030556758076337953,0.011709824695693927,0.0,0.04473664274549771,0.047577824167467475,0.03104098340093353,0.055307423544043055
rustedHinge,0.043949518801611465,0.027623531204627683,0.031549124274281914,0.04031334420182797,0.08051101146107265,0.061246780985280136,0.04473664274549771,0.0,0.005832411639626778,0.03341316988845122,0.05582382642920092
hinge,0.035894849599550804,0.013063477921561706,0.018295831655371964,0.029066980012858012,0.0825807621406861,0.06110794957732657,0.047577824167467475,0.005832411639626778,2.220446049250313e-16,0.026820780209137807,0.05463928306976884
trapezoid,0.017101803300022977,0.03335972415060717,0.032949172769201396,0.036136466689974944,0.0388214657279059,0.03910411853738238,0.03104098340093353,0.03341316988845122,0.026820780209137807,0.0,0.015652288792292524
random,0.0441851615440102,0.07317965092957324,0.06587149473398779,0.0596181657955942,0.03680880883548432,0.05579277096749358,0.055307423544043055,0.05582382642920092,0.05463928306976884,0.015652288792292524,0.0
