,square,rectangle,parallelogram,losange,isoTrapezoid,kite,rightKite,rustedHinge,hinge,trapezoid,random
square,2.220446049250313e-16,0.09026595578917751,0.1435004219539472,0.18059628454153687,0.16230559075935524,0.13732419530229967,0.13197722699042702,0.17194552860686863,0.14594946922171814,0.141807192082118,0.18618495925140877
rectangle,0.09026595578917751,0.0,0.11986712552423817,0.18156381125731946,0.18955706878936818,0.16355997133241973,0.16438847212669616,0.16328391691373156,0.12436455056900897,0.14982480219218597,0.19675247414456098
parallelogram,0.1435004219539472,0.11986712552423817,0.0,0.05801004542566912,0.17533822104455832,0.15192109020586064,0.15443831457287494,0.15266106413613056,0.12364712075877482,0.11006617833213428,0.15160513186146207
losange,0.18059628454153687,0.18156381125731946,0.05801004542566912,0.0,0.19649771596897803,0.17790060266991914,0.18106357154748043,0.17862399043358845,0.16262547351141166,0.12575335131944032,0.1474219868453811
isoTrapezoid,0.16230559075935524,0.18955706878936818,0.17533822104455832,0.19649771596897803,0.0,0.09427644060963836,0.07282303530582734,0.161045323295804,0.14208875087387496,0.06631270271662837,0.11335237712414858
kite,0.13732419530229967,0.16355997133241973,0.15192109020586064,0.17790060266991914,0.09427644060963836,0.0,0.03982524554387479,0.1251953803529695,0.1119320380903287,0.09917763093991516,0.11424547727978274
rightKite,0.13197722699042702,0.16438847212669616,0.15443831457287494,0.18106357154748043,0.07282303530582734,0.03982524554387479,0.0,0.11991141891014223,0.10268625986619895,0.07827602262545086,0.11565135783725733
rustedHinge,0.17194552860686863,0.16328391691373156,0.15266106413613056,0.17862399043358845,0.161045323295804,0.1251953803529695,0.11991141891014223,0.0,0.027174415419807474,0.13557749259072271,0.12560097762986722
hinge,0.14594946922171814,0.12436455056900897,0.12364712075877482,0.16262547351141166,0.14208875087387496,0.1119320380903287,0.10268625986619895,0.027174415419807474,0.0,0.11407162210666233,0.12259629298308838
trapezoid,0.141807192082118,0.14982480219218597,0.11006617833213428,0.12575335131944032,0.06631270271662837,0.09917763093991516,0.07827602262545086,0.13557749259072271,0.11407162210666233,0.0,0.06778169621850538
random,0.18618495925140877,0.19675247414456098,0.15160513186146207,0.1474219868453811,0.11335237712414858,0.11424547727978274,0.11565135783725733,0.12560097762986722,0.12259629298308838,0.06778169621850538,0.0
