,square,rectangle,parallelogram,losange,isoTrapezoid,kite,rightKite,rustedHinge,hinge,trapezoid,random
square,0.0,0.006238299673641201,0.009660839575213354,0.013511638226045397,0.0036387866856560924,0.002639499214945773,0.0021946016950996627,0.0067900936463896056,0.006286731179349636,0.004007200965011948,0.00769028733121957
rectangle,0.006238299673641201,0.0,0.003515753045953751,0.007238628905602118,0.009787270245771196,0.007010418096205395,0.0070228566229866285,0.004202024778958702,0.0025177914286956815,0.006990680739483612,0.010509672390794256
parallelogram,0.009660839575213354,0.003515753045953751,2.220446049250313e-16,0.003795989322010973,0.011867932074270615,0.010192629096156258,0.009300229273792815,0.006103973163375853,0.004399511003242873,0.007275250049030957,0.0105225508016491
losange,0.013511638226045397,0.007238628905602118,0.003795989322010973,0.0,0.013197438008808127,0.013190275096238824,0.01263749146600146,0.007119326286781691,0.006385945933835235,0.008250148486038222,0.008271120890783301
isoTrapezoid,0.0036387866856560924,0.009787270245771196,0.011867932074270615,0.013197438008808127,2.220446049250313e-16,0.0035848148573108807,0.003316421088686905,0.00936044765272237,0.00947993929955071,0.004195690380465411,0.005917502784790085
kite,0.002639499214945773,0.007010418096205395,0.010192629096156258,0.013190275096238824,0.0035848148573108807,0.0,0.0019458879048054323,0.008140289597863837,0.008058049799942735,0.0063382441077300955,0.00895330161340635
rightKite,0.0021946016950996627,0.0070228566229866285,0.009300229273792815,0.01263749146600146,0.003316421088686905,0.0019458879048054323,0.0,0.007668968836839762,0.007581432764922513,0.004051328781957242,0.00817949224865222
rustedHinge,0.0067900936463896056,0.004202024778958702,0.006103973163375853,0.007119326286781691,0.00936044765272237,0.008140289597863837,0.007668968836839762,0.0,0.0008969280881000463,0.007025671471559414,0.008088754801343412
hinge,0.006286731179349636,0.0025177914286956815,0.004399511003242873,0.006385945933835235,0.00947993929955071,0.008058049799942735,0.007581432764922513,0.0008969280881000463,0.0,0.006465870490963699,0.008286776725332512
trapezoid,0.004007200965011948,0.006990680739483612,0.007275250049030957,0.008250148486038222,0.004195690380465411,0.0063382441077300955,0.004051328781957242,0.007025671471559414,0.006465870490963699,0.0,0.0038427441066335444
random,0.00769028733121957,0.010509672390794256,0.0105225508016491,0.008271120890783301,0.005917502784790085,0.00895330161340635,0.00817949224865222,0.008088754801343412,0.008286776725332512,0.0038427441066335444,0.0
