,square,rectangle,parallelogram,losange,isoTrapezoid,kite,rightKite,rustedHinge,hinge,trapezoid,random
square,1.1102230246251565e-16,0.01822956774866169,0.02795778061865095,0.03981471039289919,0.010333992179006657,0.0073632454214085374,0.005064558150440379,0.019634547342381237,0.018510336370074598,0.012087462875007393,0.023301133888497638
rectangle,0.01822956774866169,0.0,0.00929648094206037,0.020208490387766176,0.028580765745801373,0.020207484056006253,0.019495100028005807,0.011673189826094887,0.00726474730939175,0.020186893028586783,0.03077518438207827
parallelogram,0.02795778061865095,0.00929648094206037,0.0,0.009905247049274535,0.0343259063582968,0.02969150323898484,0.026339634811970325,0.01640867592259765,0.011698326458539299,0.020157039869967863,0.029380236380585734
losange,0.03981471039289919,0.020208490387766176,0.009905247049274535,0.0,0.039052338610105264,0.03944737030742562,0.03680239050598699,0.020109883940300555,0.017720342039992176,0.023153204336182176,0.02317576879619232
isoTrapezoid,0.010333992179006657,0.028580765745801373,0.0343259063582968,0.039052338610105264,0.0,0.011025228274169074,0.009503369725538224,0.027778776780643222,0.027781884974143467,0.012196596566102724,0.017663169137332124
kite,0.0073632454214085374,0.020207484056006253,0.02969150323898484,0.03944737030742562,0.011025228274169074,0.0,0.005571474229032147,0.025454319570607398,0.024524643967561155,0.019552468487835983,0.028207286744607263
rightKite,0.005064558150440379,0.019495100028005807,0.026339634811970325,0.03680239050598699,0.009503369725538224,0.005571474229032147,1.1102230246251565e-16,0.023213592620547674,0.02202469060382839,0.011638883319258775,0.02461905972987899
rustedHinge,0.019634547342381237,0.011673189826094887,0.01640867592259765,0.020109883940300555,0.027778776780643222,0.025454319570607398,0.023213592620547674,0.0,0.0020719364931435225,0.01987117929739135,0.023199653677479448
hinge,0.018510336370074598,0.00726474730939175,0.011698326458539299,0.017720342039992176,0.027781884974143467,0.024524643967561155,0.02202469060382839,0.0020719364931435225,0.0,0.01818127064405095,0.023475749102768062
trapezoid,0.012087462875007393,0.020186893028586783,0.020157039869967863,0.023153204336182176,0.012196596566102724,0.019552468487835983,0.011638883319258775,0.01987117929739135,0.01818127064405095,1.1102230246251565e-16,0.010807328335334598
random,0.023301133888497638,0.03077518438207827,0.029380236380585734,0.02317576879619232,0.017663169137332124,0.028207286744607263,0.02461905972987899,0.023199653677479448,0.023475749102768062,0.010807328335334598,1.1102230246251565e-16
