,square,rectangle,parallelogram,losange,isoTrapezoid,kite,rightKite,rustedHinge,hinge,trapezoid,random
square,1.1102230246251565e-16,0.14320816399215341,0.2608538547922946,0.3210156145900961,0.26798158939273586,0.23612049767921173,0.22574109730628178,0.28774573654891544,0.2530455425343896,0.24628998669092306,0.3342522642161809
rectangle,0.14320816399215341,0.0,0.2090233633017322,0.30862240635785965,0.32339866793404726,0.2789191845896264,0.27428932765676106,0.26068746362415274,0.19756162568322455,0.26890361271340735,0.3587683095315354
parallelogram,0.2608538547922946,0.2090233633017322,0.0,0.08661847672660139,0.29593808923564036,0.2717201692688057,0.26774776514436394,0.25005932339810877,0.21204890083760286,0.1916228785089621,0.26654042295489866
losange,0.3210156145900961,0.30862240635785965,0.08661847672660139,2.220446049250313e-16,0.3236512203898627,0.3118077002534898,0.3127381116650749,0.2954421831709614,0.27825888782892005,0.2162380400689221,0.2542136467351088
isoTrapezoid,0.26798158939273586,0.32339866793404726,0.29593808923564036,0.3236512203898627,0.0,0.1278635384399811,0.10170359727958189,0.2534851739477323,0.2447705004768972,0.10322036813102609,0.16623540082537336
kite,0.23612049767921173,0.2789191845896264,0.2717201692688057,0.3118077002534898,0.1278635384399811,0.0,0.052890565910400866,0.20868702799050187,0.19939525179047723,0.1744496657033363,0.206131359444502
rightKite,0.22574109730628178,0.27428932765676106,0.26774776514436394,0.3127381116650749,0.10170359727958189,0.052890565910400866,1.1102230246251565e-16,0.19932774222613237,0.18710557584750587,0.12879558841876537,0.19501333898707163
rustedHinge,0.28774573654891544,0.26068746362415274,0.25005932339810877,0.2954421831709614,0.2534851739477323,0.20868702799050187,0.19932774222613237,0.0,0.03325207185237822,0.23004834984449918,0.2100024972597948
hinge,0.2530455425343896,0.19756162568322455,0.21204890083760286,0.27825888782892005,0.2447705004768972,0.19939525179047723,0.18710557584750587,0.03325207185237822,0.0,0.210172198931864,0.2157988878731747
trapezoid,0.24628998669092306,0.26890361271340735,0.1916228785089621,0.2162380400689221,0.10322036813102609,0.1744496657033363,0.12879558841876537,0.23004834984449918,0.210172198931864,0.0,0.11103654932919471
random,0.3342522642161809,0.3587683095315354,0.26654042295489866,0.2542136467351088,0.16623540082537336,0.206131359444502,0.19501333898707163,0.2100024972597948,0.2157988878731747,0.11103654932919471,1.1102230246251565e-16
