,square,rectangle,parallelogram,losange,isoTrapezoid,kite,rightKite,rustedHinge,hinge,trapezoid,random
square,1.1102230246251565e-16,0.12534370898064007,0.23422440176596493,0.29264003396783966,0.23729315817809793,0.19096047473621358,0.1761344380329405,0.25572614827577,0.21685304553941442,0.22211788025614088,0.2987163542172355
rectangle,0.12534370898064007,0.0,0.1787334806338554,0.2736002553309309,0.28219474742534756,0.22789224351924553,0.21854247124296344,0.22287927759102566,0.15882610436812972,0.23890183805870913,0.31246378756542015
parallelogram,0.23422440176596493,0.1787334806338554,0.0,0.07700910473534928,0.27663110661708024,0.23300393876735015,0.2346784754563136,0.22895675527928305,0.19159334946727768,0.1825290077757128,0.2360205032138194
losange,0.29264003396783966,0.2736002553309309,0.07700910473534928,0.0,0.3020063115351628,0.2673367920483689,0.27323805090553144,0.2737775679513754,0.2571727495390934,0.1997631858623814,0.22216711246299337
isoTrapezoid,0.23729315817809793,0.28219474742534756,0.27663110661708024,0.3020063115351628,0.0,0.12225865891807541,0.0942998071467831,0.2437122124603328,0.2399882940973338,0.08888860510685548,0.1564352318058001
kite,0.19096047473621358,0.22789224351924553,0.23300393876735015,0.2673367920483689,0.12225865891807541,2.220446049250313e-16,0.0480002909305588,0.18780417169222385,0.18083811230280045,0.1554156991496437,0.18624097044834997
rightKite,0.1761344380329405,0.21854247124296344,0.2346784754563136,0.27323805090553144,0.0942998071467831,0.0480002909305588,2.220446049250313e-16,0.17635155699470828,0.16546244777999997,0.11138448119804212,0.1741095023961301
rustedHinge,0.25572614827577,0.22287927759102566,0.22895675527928305,0.2737775679513754,0.2437122124603328,0.18780417169222385,0.17635155699470828,0.0,0.03209359388673383,0.21561531368591147,0.204688903731285
hinge,0.21685304553941442,0.15882610436812972,0.19159334946727768,0.2571727495390934,0.2399882940973338,0.18083811230280045,0.16546244777999997,0.03209359388673383,1.1102230246251565e-16,0.20133231925779327,0.21516317364328252
trapezoid,0.22211788025614088,0.23890183805870913,0.1825290077757128,0.1997631858623814,0.08888860510685548,0.1554156991496437,0.11138448119804212,0.21561531368591147,0.20133231925779327,0.0,0.09323999929889226
random,0.2987163542172355,0.31246378756542015,0.2360205032138194,0.22216711246299337,0.1564352318058001,0.18624097044834997,0.1741095023961301,0.204688903731285,0.21516317364328252,0.09323999929889226,0.0
