,square,rectangle,parallelogram,losange,isoTrapezoid,kite,rightKite,rustedHinge,hinge,trapezoid,random
square,0.0,0.10089332886455238,0.15656662518297992,0.1947131302594738,0.16499791324110324,0.14145965139883865,0.13274450004127525,0.17937949835304845,0.15900560500954963,0.14744888244062637,0.20033288092847845
rectangle,0.10089332886455238,0.0,0.12613343507002905,0.1910798304915876,0.19830787052591559,0.17512652012064944,0.17131334827909173,0.1718365924906351,0.1325427562297029,0.16495732699861998,0.21952216881131936
parallelogram,0.15656662518297992,0.12613343507002905,0.0,0.05660399911246916,0.17951815528192894,0.16202761687302536,0.15809146491574522,0.1582895907394274,0.13233686821085733,0.11266645198104597,0.1575686479837285
losange,0.1947131302594738,0.1910798304915876,0.05660399911246916,0.0,0.19818047643146608,0.18449088936737423,0.18250845278296024,0.17927701090025427,0.16778350840463097,0.12253624733117963,0.1445427826963096
isoTrapezoid,0.16499791324110324,0.19830787052591559,0.17951815528192894,0.19818047643146608,0.0,0.0863634460043623,0.07271028708925809,0.15951587683026403,0.15006371150034525,0.06824262121991942,0.1100942547948508
kite,0.14145965139883865,0.17512652012064944,0.16202761687302536,0.18449088936737423,0.0863634460043623,2.220446049250313e-16,0.03527320214946339,0.1273943319927887,0.12032127709564855,0.10577663850124897,0.12449557580883663
rightKite,0.13274450004127525,0.17131334827909173,0.15809146491574522,0.18250845278296024,0.07271028708925809,0.03527320214946339,0.0,0.11825947962852779,0.1099825352199233,0.08081552213196308,0.1201805236975304
rustedHinge,0.17937949835304845,0.1718365924906351,0.1582895907394274,0.17927701090025427,0.15951587683026403,0.1273943319927887,0.11825947962852779,0.0,0.023058995765738666,0.13842072850442566,0.13177086895145573
hinge,0.15900560500954963,0.1325427562297029,0.13233686821085733,0.16778350840463097,0.15006371150034525,0.12032127709564855,0.1099825352199233,0.023058995765738666,0.0,0.12383573870496978,0.13401605714035736
trapezoid,0.14744888244062637,0.16495732699861998,0.11266645198104597,0.12253624733117963,0.06824262121991942,0.10577663850124897,0.08081552213196308,0.13842072850442566,0.12383573870496978,0.0,0.06674381884884484
random,0.20033288092847845,0.21952216881131936,0.1575686479837285,0.1445427826963096,0.1100942547948508,0.12449557580883663,0.1201805236975304,0.13177086895145573,0.13401605714035736,0.06674381884884484,0.0
