,square,rectangle,parallelogram,losange,isoTrapezoid,kite,rightKite,rustedHinge,hinge,trapezoid,random
square,2.220446049250313e-16,0.05508780878927211,0.08693532360097556,0.10733018558285734,0.08844723408307353,0.07664263415379435,0.07271839613410591,0.0904726292082344,0.07803670316062228,0.07940051349634458,0.10292759126414597
rectangle,0.05508780878927211,0.0,0.07772511657984471,0.1073031339705326,0.12041011173368399,0.10292145831684141,0.10618428176575256,0.09692754862685671,0.07571977147126807,0.09772150412848635,0.1250326900130717
parallelogram,0.08693532360097556,0.07772511657984471,0.0,0.027398367244084842,0.10136503201070535,0.08250888054428718,0.0877853987174877,0.07904269043789536,0.0649577265788146,0.0627248529058182,0.08228729508164034
losange,0.10733018558285734,0.1073031339705326,0.027398367244084842,0.0,0.10942028339645571,0.0939799618010595,0.10005685067622627,0.08804674222333297,0.08162701078598333,0.06888484490904812,0.07538903001654551
isoTrapezoid,0.08844723408307353,0.12041011173368399,0.10136503201070535,0.10942028339645571,0.0,0.05145012473142918,0.0391202850829957,0.09464254898854563,0.08763044151620503,0.036400917953685274,0.0657675495112594
kite,0.07664263415379435,0.10292145831684141,0.08250888054428718,0.0939799618010595,0.05145012473142918,2.220446049250313e-16,0.019597884135436727,0.06921572839270618,0.06280207317981568,0.05273085488902929,0.06377689223693794
rightKite,0.07271839613410591,0.10618428176575256,0.0877853987174877,0.10005685067622627,0.0391202850829957,0.019597884135436727,0.0,0.07215415724127239,0.06434917821048347,0.04274051757650754,0.06592449313888415
rustedHinge,0.0904726292082344,0.09692754862685671,0.07904269043789536,0.08804674222333297,0.09464254898854563,0.06921572839270618,0.07215415724127239,0.0,0.01314661461318567,0.07284147043034683,0.06563517280654729
hinge,0.07803670316062228,0.07571977147126807,0.0649577265788146,0.08162701078598333,0.08763044151620503,0.06280207317981568,0.06434917821048347,0.01314661461318567,0.0,0.06448679733053253,0.06678627893114741
trapezoid,0.07940051349634458,0.09772150412848635,0.0627248529058182,0.06888484490904812,0.036400917953685274,0.05273085488902929,0.04274051757650754,0.07284147043034683,0.06448679733053253,0.0,0.03676037108737151
random,0.10292759126414597,0.1250326900130717,0.08228729508164034,0.07538903001654551,0.0657675495112594,0.06377689223693794,0.06592449313888415,0.06563517280654729,0.06678627893114741,0.03676037108737151,0.0
