,square,rectangle,parallelogram,losange,isoTrapezoid,kite,rightKite,rustedHinge,hinge,trapezoid,random
square,0.0,0.13436359949338994,0.2473837060024574,0.30660427006491997,0.23336721965729068,0.21806973595051893,0.20075653042648434,0.2660912525574468,0.22924015112951823,0.22903954704276197,0.30806201321563154
rectangle,0.13436359949338994,0.0,0.19828278796594478,0.30185112581332607,0.3021444969793079,0.2814870827205437,0.2721684137328154,0.26229377065396065,0.1971257944224104,0.264076395602584,0.3531704902669084
parallelogram,0.2473837060024574,0.19828278796594478,0.0,0.08295235689628622,0.26402059643279985,0.2560013665342633,0.2412215608316972,0.21975203892141448,0.18076101190629357,0.1740471581697154,0.242609817177746
losange,0.30660427006491997,0.30185112581332607,0.08295235689628622,0.0,0.28917998710211645,0.29367483525101035,0.28178852283100664,0.25268736455059515,0.23662295161679736,0.19191348774335604,0.22131152468493964
isoTrapezoid,0.23336721965729068,0.3021444969793079,0.26402059643279985,0.28917998710211645,0.0,0.1268928298295735,0.10284342678462999,0.22450065297282729,0.21732536931236968,0.10086916578448946,0.16123933265087786
kite,0.21806973595051893,0.2814870827205437,0.2560013665342633,0.29367483525101035,0.1268928298295735,0.0,0.049585250888394494,0.19291997893736634,0.18578939074990342,0.1705825152223045,0.20036569712337016
rightKite,0.20075653042648434,0.2721684137328154,0.2412215608316972,0.28178852283100664,0.10284342678462999,0.049585250888394494,2.220446049250313e-16,0.1710929007324875,0.16195044459177066,0.1173430301461067,0.17725848536268418
rustedHinge,0.2660912525574468,0.26229377065396065,0.21975203892141448,0.25268736455059515,0.22450065297282729,0.19291997893736634,0.1710929007324875,0.0,0.030853737374793466,0.19220819354789542,0.18655776383879474
hinge,0.22924015112951823,0.1971257944224104,0.18076101190629357,0.23662295161679736,0.21732536931236968,0.18578939074990342,0.16195044459177066,0.030853737374793466,1.1102230246251565e-16,0.17544776946617202,0.19575720976943178
trapezoid,0.22903954704276197,0.264076395602584,0.1740471581697154,0.19191348774335604,0.10086916578448946,0.1705825152223045,0.1173430301461067,0.19220819354789542,0.17544776946617202,0.0,0.09544006975610608
random,0.30806201321563154,0.3531704902669084,0.242609817177746,0.22131152468493964,0.16123933265087786,0.20036569712337016,0.17725848536268418,0.18655776383879474,0.19575720976943178,0.09544006975610608,0.0
