,square,rectangle,parallelogram,losange,isoTrapezoid,kite,rightKite,rustedHinge,hinge,trapezoid,random
square,1.1102230246251565e-16,0.006688025310841006,0.009438291697439483,0.01323344367473811,0.0039001720819159535,0.0026324257576575416,0.002006689499226666,0.006638402887726436,0.006381314136671534,0.004185018300500221,0.008196724529697885
rectangle,0.006688025310841006,0.0,0.0034802471757412468,0.006829228292221878,0.009624147601985822,0.006976449896166859,0.006834545242968448,0.003680556344678787,0.00241415392978106,0.007234624050623029,0.010251959481604067
parallelogram,0.009438291697439483,0.0034802471757412468,0.0,0.0035115004004718786,0.010868256712790125,0.009559992449905574,0.008603223142437333,0.005258403424741598,0.004038872446083253,0.007117858324634407,0.009730249560102822
losange,0.01323344367473811,0.006829228292221878,0.0035115004004718786,0.0,0.01216366611855757,0.012451829675335202,0.011986836133867751,0.0064477461855066975,0.006044216235290167,0.008054583330336818,0.007565850252862161
isoTrapezoid,0.0039001720819159535,0.009624147601985822,0.010868256712790125,0.01216366611855757,1.1102230246251565e-16,0.003772045628655185,0.003443712947885924,0.008999406208374916,0.00911008627926857,0.004234888014920335,0.006077099526094254
kite,0.0026324257576575416,0.006976449896166859,0.009559992449905574,0.012451829675335202,0.003772045628655185,1.1102230246251565e-16,0.002089984219154406,0.00789469825177258,0.007726309792736252,0.006331291488519852,0.008995918335760855
rightKite,0.002006689499226666,0.006834545242968448,0.008603223142437333,0.011986836133867751,0.003443712947885924,0.002089984219154406,0.0,0.0073135043579393155,0.00706132358640188,0.00400234603649996,0.008299482308673167
rustedHinge,0.006638402887726436,0.003680556344678787,0.005258403424741598,0.0064477461855066975,0.008999406208374916,0.00789469825177258,0.0073135043579393155,0.0,0.0008451778622197148,0.00675962039347322,0.007793145592276396
hinge,0.006381314136671534,0.00241415392978106,0.004038872446083253,0.006044216235290167,0.00911008627926857,0.007726309792736252,0.00706132358640188,0.0008451778622197148,0.0,0.006446045687566571,0.008058432053309805
trapezoid,0.004185018300500221,0.007234624050623029,0.007117858324634407,0.008054583330336818,0.004234888014920335,0.006331291488519852,0.00400234603649996,0.00675962039347322,0.006446045687566571,0.0,0.004130114685744646
random,0.008196724529697885,0.010251959481604067,0.009730249560102822,0.007565850252862161,0.006077099526094254,0.008995918335760855,0.008299482308673167,0.007793145592276396,0.008058432053309805,0.004130114685744646,1.1102230246251565e-16
