,square,rectangle,parallelogram,losange,isoTrapezoid,kite,rightKite,rustedHinge,hinge,trapezoid,random
square,0.0,0.02041377381774223,0.03464557335069196,0.048803896918980016,0.012218373404987659,0.009228261219097256,0.007064033389049262,0.02423960169184558,0.022346663630484542,0.01502910121967227,0.028289753673263474
rectangle,0.02041377381774223,1.1102230246251565e-16,0.013213719109995692,0.02750142748555051,0.034627466151602504,0.023380122244953006,0.022752769187265987,0.014906343525333932,0.009436994637612495,0.024185194516262776,0.0375172073016381
parallelogram,0.03464557335069196,0.013213719109995692,0.0,0.012949415771404404,0.042191691379882656,0.036499911506191474,0.0319498728536457,0.022177469155489127,0.016269411242235576,0.024003599119321484,0.03560358661110452
losange,0.048803896918980016,0.02750142748555051,0.012949415771404404,0.0,0.04828910187579716,0.047652160725557224,0.04438420702358348,0.02749354805927351,0.02467202131443491,0.02797559934009175,0.028788937356737154
isoTrapezoid,0.012218373404987659,0.034627466151602504,0.042191691379882656,0.04828910187579716,1.1102230246251565e-16,0.013599338844763942,0.01176574396364849,0.035076716871258906,0.03475213537325039,0.015553979618417868,0.022685080075624642
kite,0.009228261219097256,0.023380122244953006,0.036499911506191474,0.047652160725557224,0.013599338844763942,0.0,0.006827053137821726,0.030409674313673807,0.029240965586271206,0.023612437571589373,0.03367998109907322
rightKite,0.007064033389049262,0.022752769187265987,0.0319498728536457,0.04438420702358348,0.01176574396364849,0.006827053137821726,1.1102230246251565e-16,0.02840354516337784,0.026881961121622444,0.014383196699580658,0.02944604079096802
rustedHinge,0.02423960169184558,0.014906343525333932,0.022177469155489127,0.02749354805927351,0.035076716871258906,0.030409674313673807,0.02840354516337784,0.0,0.0026175264568055745,0.02572269177813169,0.02959213053553822
hinge,0.022346663630484542,0.009436994637612495,0.016269411242235576,0.02467202131443491,0.03475213537325039,0.029240965586271206,0.026881961121622444,0.0026175264568055745,1.1102230246251565e-16,0.02338339780674281,0.029806977603231588
trapezoid,0.01502910121967227,0.024185194516262776,0.024003599119321484,0.02797559934009175,0.015553979618417868,0.023612437571589373,0.014383196699580658,0.02572269177813169,0.02338339780674281,1.1102230246251565e-16,0.012673372518509196
random,0.028289753673263474,0.0375172073016381,0.03560358661110452,0.028788937356737154,0.022685080075624642,0.03367998109907322,0.02944604079096802,0.02959213053553822,0.029806977603231588,0.012673372518509196,0.0
