,square,rectangle,parallelogram,losange,isoTrapezoid,kite,rightKite,rustedHinge,hinge,trapezoid,random
square,1.1102230246251565e-16,0.08030319479184056,0.14374555092340613,0.1763580330141299,0.15223344720872645,0.13412702007420652,0.12437781984351315,0.16302606230213756,0.14367526537171882,0.1382878473684913,0.18324778042131984
rectangle,0.08030319479184056,0.0,0.11965013737129793,0.17561152310907469,0.17695145415722946,0.16155059612214218,0.15752044757439676,0.15633231745046638,0.12213820374730344,0.15048604019786094,0.19968612557564513
parallelogram,0.14374555092340613,0.11965013737129793,0.0,0.0465116744006272,0.15537646306109965,0.13595642626562332,0.13429511446288256,0.131888242258265,0.1076987331522834,0.09764066592807397,0.13576566629402786
losange,0.1763580330141299,0.17561152310907469,0.0465116744006272,0.0,0.16903146253879342,0.15248528850315735,0.15230985425740395,0.1502017357894384,0.14035075737562908,0.10671791724218427,0.12314329447935746
isoTrapezoid,0.15223344720872645,0.17695145415722946,0.15537646306109965,0.16903146253879342,0.0,0.0770890053563148,0.06187871138586487,0.1369824509889448,0.12677581916989744,0.05402383799486954,0.0965118693308602
kite,0.13412702007420652,0.16155059612214218,0.13595642626562332,0.15248528850315735,0.0770890053563148,0.0,0.030465971360834954,0.10478158278932925,0.0985736200402122,0.08609060033804128,0.10013784347032395
rightKite,0.12437781984351315,0.15752044757439676,0.13429511446288256,0.15230985425740395,0.06187871138586487,0.030465971360834954,0.0,0.09865403143212781,0.08989196937043553,0.06618105881061742,0.10051167496964175
rustedHinge,0.16302606230213756,0.15633231745046638,0.131888242258265,0.1502017357894384,0.1369824509889448,0.10478158278932925,0.09865403143212781,0.0,0.02052132909451987,0.11670183158226288,0.10878739436244567
hinge,0.14367526537171882,0.12213820374730344,0.1076987331522834,0.14035075737562908,0.12677581916989744,0.0985736200402122,0.08989196937043553,0.02052132909451987,0.0,0.10329487257735614,0.11175092310373702
trapezoid,0.1382878473684913,0.15048604019786094,0.09764066592807397,0.10671791724218427,0.05402383799486954,0.08609060033804128,0.06618105881061742,0.11670183158226288,0.10329487257735614,0.0,0.05915310195102719
random,0.18324778042131984,0.19968612557564513,0.13576566629402786,0.12314329447935746,0.0965118693308602,0.10013784347032395,0.10051167496964175,0.10878739436244567,0.11175092310373702,0.05915310195102719,0.0
