,square,rectangle,parallelogram,losange,isoTrapezoid,kite,rightKite,rustedHinge,hinge,trapezoid,random
square,0.0,0.045957193021591736,0.12020225071924784,0.16891651339662184,0.10918413103492741,0.08957868593468099,0.093130189315901,0.12489097133747973,0.10432240514911129,0.10753415113236342,0.15833199679102916
rectangle,0.045957193021591736,2.220446049250313e-16,0.0739550418607896,0.13595053862476947,0.156447912245001,0.12018853457929957,0.1272570906836622,0.1126454030630466,0.08188778241576755,0.12603450452535425,0.18313529642675652
parallelogram,0.12020225071924784,0.0739550418607896,0.0,0.041391794327475195,0.16998487241782145,0.14716962335787986,0.14700636616875173,0.1228148507541863,0.09379189257028464,0.09868795087428628,0.1442155236228413
losange,0.16891651339662184,0.13595053862476947,0.041391794327475195,0.0,0.19233784146424837,0.18007870249382574,0.17953993524915168,0.15056142353776092,0.13273037904555318,0.10962405854185098,0.12597569193025193
isoTrapezoid,0.10918413103492741,0.156447912245001,0.16998487241782145,0.19233784146424837,0.0,0.06719155158786472,0.0569315941168832,0.15785349315713615,0.15372248087554552,0.062381700968127674,0.09960862457734443
kite,0.08957868593468099,0.12018853457929957,0.14716962335787986,0.18007870249382574,0.06719155158786472,2.220446049250313e-16,0.03160014799455646,0.13204747339711698,0.12233897786815628,0.10825591351453945,0.13516474156833047
rightKite,0.093130189315901,0.1272570906836622,0.14700636616875173,0.17953993524915168,0.0569315941168832,0.03160014799455646,0.0,0.12717544700269778,0.1206976045164192,0.07325288885949854,0.11694989205754425
rustedHinge,0.12489097133747973,0.1126454030630466,0.1228148507541863,0.15056142353776092,0.15785349315713615,0.13204747339711698,0.12717544700269778,0.0,0.014440848447412558,0.1365824250687484,0.13137029003543776
hinge,0.10432240514911129,0.08188778241576755,0.09379189257028464,0.13273037904555318,0.15372248087554552,0.12233897786815628,0.1206976045164192,0.014440848447412558,0.0,0.12536902459321564,0.13158894973276292
trapezoid,0.10753415113236342,0.12603450452535425,0.09868795087428628,0.10962405854185098,0.062381700968127674,0.10825591351453945,0.07325288885949854,0.1365824250687484,0.12536902459321564,0.0,0.053465924582647206
random,0.15833199679102916,0.18313529642675652,0.1442155236228413,0.12597569193025193,0.09960862457734443,0.13516474156833047,0.11694989205754425,0.13137029003543776,0.13158894973276292,0.053465924582647206,0.0
