,square,rectangle,parallelogram,losange,isoTrapezoid,kite,rightKite,rustedHinge,hinge,trapezoid,random
square,2.220446049250313e-16,0.008878850507376801,0.014174925540285988,0.01698736967983072,0.011517977135213853,0.01137152364571159,0.011446483768800975,0.012363199132539915,0.011472714622326352,0.011053589989809764,0.016419568008065433
rectangle,0.008878850507376801,0.0,0.01197801940426435,0.01684226753977003,0.022310753787618376,0.017939100851278145,0.020724030147906136,0.015528893292657941,0.012786900643708132,0.01597963527660129,0.023054673706822792
parallelogram,0.014174925540285988,0.01197801940426435,0.0,0.003572494870954901,0.018850070875421898,0.01453921241045808,0.016943253867379826,0.013090490674395494,0.009890089741132257,0.009472114536377085,0.014253345608768786
losange,0.01698736967983072,0.01684226753977003,0.003572494870954901,0.0,0.019483562927415154,0.0172017631154765,0.019266375963319593,0.014977149928871003,0.012717199147390335,0.009959065457798788,0.012857451623796257
isoTrapezoid,0.011517977135213853,0.022310753787618376,0.018850070875421898,0.019483562927415154,0.0,0.008134577179158775,0.005596172040330916,0.01395825800664019,0.013746257797784711,0.005712120365567452,0.009907234812817634
kite,0.01137152364571159,0.017939100851278145,0.01453921241045808,0.0172017631154765,0.008134577179158775,2.220446049250313e-16,0.0032209121455722967,0.015244324633520656,0.014144780285444192,0.010548509740949008,0.016355880996093197
rightKite,0.011446483768800975,0.020724030147906136,0.016943253867379826,0.019266375963319593,0.005596172040330916,0.0032209121455722967,0.0,0.01629356544301841,0.015556759161241218,0.008911968511172819,0.01564616953315523
rustedHinge,0.012363199132539915,0.015528893292657941,0.013090490674395494,0.014977149928871003,0.01395825800664019,0.015244324633520656,0.01629356544301841,0.0,0.0014997623682061478,0.010202686806981442,0.010809056384773919
hinge,0.011472714622326352,0.012786900643708132,0.009890089741132257,0.012717199147390335,0.013746257797784711,0.014144780285444192,0.015556759161241218,0.0014997623682061478,0.0,0.008984820547724204,0.01044877631600527
trapezoid,0.011053589989809764,0.01597963527660129,0.009472114536377085,0.009959065457798788,0.005712120365567452,0.010548509740949008,0.008911968511172819,0.010202686806981442,0.008984820547724204,0.0,0.005030741228845059
random,0.016419568008065433,0.023054673706822792,0.014253345608768786,0.012857451623796257,0.009907234812817634,0.016355880996093197,0.01564616953315523,0.010809056384773919,0.01044877631600527,0.005030741228845059,2.220446049250313e-16
