,square,rectangle,parallelogram,losange,isoTrapezoid,kite,rightKite,rustedHinge,hinge,trapezoid,random
square,0.0,0.01064880320790007,0.016543567327640174,0.024195982096909985,0.007218566069400412,0.004513668195295417,0.003583197804301941,0.011895968862558837,0.010891712623139704,0.008601700633603993,0.016087205928411175
rectangle,0.01064880320790007,0.0,0.006813195809810102,0.014825304697126396,0.019340010009191833,0.012695994817800926,0.01218572875327395,0.007346654405643527,0.0044419618139514006,0.01368474447101431,0.021553271121870887
parallelogram,0.016543567327640174,0.006813195809810102,0.0,0.00696721200272632,0.021144847010765355,0.01824991879266802,0.015499880233284191,0.011286817887752876,0.008168049169709368,0.01183198641373473,0.01905199664608026
losange,0.024195982096909985,0.014825304697126396,0.00696721200272632,0.0,0.023820927610147313,0.024416109544164177,0.022478642946044847,0.014473177691819883,0.013173382800794942,0.013274987832992857,0.013892400515573167
isoTrapezoid,0.007218566069400412,0.019340010009191833,0.021144847010765355,0.023820927610147313,1.1102230246251565e-16,0.0074862118836108715,0.00633559367376102,0.018848390164204254,0.018762635438323683,0.008222666043079307,0.012200040202848372
kite,0.004513668195295417,0.012695994817800926,0.01824991879266802,0.024416109544164177,0.0074862118836108715,0.0,0.003744190478398801,0.01570493537107931,0.015159991706116482,0.01292523478075902,0.01897891832749965
rightKite,0.003583197804301941,0.01218572875327395,0.015499880233284191,0.022478642946044847,0.00633559367376102,0.003744190478398801,1.1102230246251565e-16,0.014818131708466464,0.01391495376917562,0.007795545989825237,0.016459138955817187
rustedHinge,0.011895968862558837,0.007346654405643527,0.011286817887752876,0.014473177691819883,0.018848390164204254,0.01570493537107931,0.014818131708466464,0.0,0.001363630990095066,0.013953677254535446,0.016946778284408937
hinge,0.010891712623139704,0.0044419618139514006,0.008168049169709368,0.013173382800794942,0.018762635438323683,0.015159991706116482,0.01391495376917562,0.001363630990095066,0.0,0.012722852325042222,0.01724037390175004
trapezoid,0.008601700633603993,0.01368474447101431,0.01183198641373473,0.013274987832992857,0.008222666043079307,0.01292523478075902,0.007795545989825237,0.013953677254535446,0.012722852325042222,0.0,0.007035849311192277
random,0.016087205928411175,0.021553271121870887,0.01905199664608026,0.013892400515573167,0.012200040202848372,0.01897891832749965,0.016459138955817187,0.016946778284408937,0.01724037390175004,0.007035849311192277,1.1102230246251565e-16
