,square,rectangle,parallelogram,losange,isoTrapezoid,kite,rightKite,rustedHinge,hinge,trapezoid,random
square,0.0,0.09667001045559809,0.19646990952674936,0.23902634588627836,0.21497081976401033,0.1987645143429727,0.1951608550197096,0.22764793854677867,0.20153220570374952,0.19345462319081197,0.2633987423505727
rectangle,0.09667001045559809,0.0,0.1662352183331196,0.236491413561554,0.2658452230331181,0.2476003620859294,0.24676188590821868,0.23140771518000913,0.18382318843930867,0.22216811550706161,0.29587686474176267
parallelogram,0.19646990952674936,0.1662352183331196,0.0,0.05843521538462004,0.2279075803805347,0.19985375301553443,0.20364993475196314,0.1956439962830585,0.16356191966756328,0.14554291363551752,0.19574771618738906
losange,0.23902634588627836,0.236491413561554,0.05843521538462004,0.0,0.24374706265674906,0.21997002169091495,0.22347332753649762,0.21204960302202136,0.19988118074729944,0.15387640783262835,0.17496795546892363
isoTrapezoid,0.21497081976401033,0.2658452230331181,0.2279075803805347,0.24374706265674906,1.1102230246251565e-16,0.10591527473151918,0.08285969967440265,0.19675828023990505,0.18455408207052348,0.07316650238032052,0.13096754702993507
kite,0.1987645143429727,0.2476003620859294,0.19985375301553443,0.21997002169091495,0.10591527473151918,0.0,0.03896230224640007,0.1452177776470438,0.1376946721278638,0.1242074778015052,0.12713614305102183
rightKite,0.1951608550197096,0.24676188590821868,0.20364993475196314,0.22347332753649762,0.08285969967440265,0.03896230224640007,0.0,0.1372470691177824,0.127495633719361,0.09666946016047429,0.1277431021960067
rustedHinge,0.22764793854677867,0.23140771518000913,0.1956439962830585,0.21204960302202136,0.19675828023990505,0.1452177776470438,0.1372470691177824,2.220446049250313e-16,0.02674950926069697,0.1741097017507377,0.1441852251501583
hinge,0.20153220570374952,0.18382318843930867,0.16356191966756328,0.19988118074729944,0.18455408207052348,0.1376946721278638,0.127495633719361,0.02674950926069697,0.0,0.15591930375502616,0.1505088641711162
trapezoid,0.19345462319081197,0.22216811550706161,0.14554291363551752,0.15387640783262835,0.07316650238032052,0.1242074778015052,0.09666946016047429,0.1741097017507377,0.15591930375502616,0.0,0.08491391207412413
random,0.2633987423505727,0.29587686474176267,0.19574771618738906,0.17496795546892363,0.13096754702993507,0.12713614305102183,0.1277431021960067,0.1441852251501583,0.1505088641711162,0.08491391207412413,0.0
