,square,rectangle,parallelogram,losange,isoTrapezoid,kite,rightKite,rustedHinge,hinge,trapezoid,random
square,0.0,0.11687869725116484,0.20614890651287632,0.2670317064755875,0.2197004533278143,0.18051696830509212,0.15969129459323816,0.23795638965814792,0.21062196233164043,0.19550987153316512,0.2942828948187056
rectangle,0.11687869725116484,0.0,0.13606971104132692,0.2335142170187442,0.26098342232692606,0.22503377190541896,0.2241145762681136,0.20421063169689646,0.15166562760707303,0.2127139268688797,0.3094644772458893
parallelogram,0.20614890651287632,0.13606971104132692,0.0,0.06742464484826394,0.2500773387518037,0.23053891906233814,0.2274774927118155,0.1936967307485401,0.15815085318484867,0.1537833724408001,0.22886412008580004
losange,0.2670317064755875,0.2335142170187442,0.06742464484826394,0.0,0.271104566842321,0.26817014223674407,0.26458139745486675,0.23127567529363624,0.2158406612684104,0.16294290553671842,0.20325873657665083
isoTrapezoid,0.2197004533278143,0.26098342232692606,0.2500773387518037,0.271104566842321,1.1102230246251565e-16,0.13342019712971043,0.11478517224094076,0.21755459722919912,0.21603625957158268,0.10045382374719225,0.160868774238639
kite,0.18051696830509212,0.22503377190541896,0.23053891906233814,0.26817014223674407,0.13342019712971043,0.0,0.046380551656289626,0.17485760543511397,0.1670409440164684,0.1679120427838401,0.19861414315833636
rightKite,0.15969129459323816,0.2241145762681136,0.2274774927118155,0.26458139745486675,0.11478517224094076,0.046380551656289626,0.0,0.15941172557849626,0.15273350040989753,0.1294593474018486,0.1849929652591662
rustedHinge,0.23795638965814792,0.20421063169689646,0.1936967307485401,0.23127567529363624,0.21755459722919912,0.17485760543511397,0.15941172557849626,0.0,0.02526534626691368,0.18518676923914945,0.1821484578719671
hinge,0.21062196233164043,0.15166562760707303,0.15815085318484867,0.2158406612684104,0.21603625957158268,0.1670409440164684,0.15273350040989753,0.02526534626691368,0.0,0.16911405416125236,0.1895097751389695
trapezoid,0.19550987153316512,0.2127139268688797,0.1537833724408001,0.16294290553671842,0.10045382374719225,0.1679120427838401,0.1294593474018486,0.18518676923914945,0.16911405416125236,0.0,0.09570776547550508
random,0.2942828948187056,0.3094644772458893,0.22886412008580004,0.20325873657665083,0.160868774238639,0.19861414315833636,0.1849929652591662,0.1821484578719671,0.1895097751389695,0.09570776547550508,0.0
