,square,rectangle,parallelogram,losange,isoTrapezoid,kite,rightKite,rustedHinge,hinge,trapezoid,random
square,0.0,0.013435249121901749,0.018957338742598417,0.02802565125201084,0.008162369184453566,0.005294172496841831,0.004115547275828968,0.014524739331971515,0.013619206821658736,0.009042941228046053,0.01708052676159655
rectangle,0.013435249121901749,0.0,0.007658033482307203,0.015959865531840034,0.02110468487347117,0.014871702441375922,0.014548735813447955,0.008314490907072702,0.005280749998143985,0.015546280800133316,0.022438431211365018
parallelogram,0.018957338742598417,0.007658033482307203,1.1102230246251565e-16,0.009386027658680351,0.023496776978808476,0.020543833285251445,0.017948301113225873,0.012517998790351093,0.00936188622497025,0.015579805749203035,0.022324090334326807
losange,0.02802565125201084,0.015959865531840034,0.009386027658680351,0.0,0.0267103923683365,0.02750649128288385,0.02633322708044228,0.01458531235283056,0.013627886170633041,0.018068989630996013,0.017443814681330827
isoTrapezoid,0.008162369184453566,0.02110468487347117,0.023496776978808476,0.0267103923683365,0.0,0.008167581450353789,0.007863117090748606,0.021109164843964412,0.020913930703647554,0.009706649811840551,0.014086761802310499
kite,0.005294172496841831,0.014871702441375922,0.020543833285251445,0.02750649128288385,0.008167581450353789,0.0,0.004415962567599574,0.01816403956339907,0.01746808399385491,0.013655784391471415,0.01972203996217392
rightKite,0.004115547275828968,0.014548735813447955,0.017948301113225873,0.02633322708044228,0.007863117090748606,0.004415962567599574,0.0,0.016977432881182475,0.01606142375529407,0.008664354796042661,0.01860155008844988
rustedHinge,0.014524739331971515,0.008314490907072702,0.012517998790351093,0.01458531235283056,0.021109164843964412,0.01816403956339907,0.016977432881182475,1.1102230246251565e-16,0.0016745475404145171,0.01594403124714039,0.018110116632787387
hinge,0.013619206821658736,0.005280749998143985,0.00936188622497025,0.013627886170633041,0.020913930703647554,0.01746808399385491,0.01606142375529407,0.0016745475404145171,0.0,0.014838573965562096,0.018669901294660285
trapezoid,0.009042941228046053,0.015546280800133316,0.015579805749203035,0.018068989630996013,0.009706649811840551,0.013655784391471415,0.008664354796042661,0.01594403124714039,0.014838573965562096,0.0,0.009597147704289433
random,0.01708052676159655,0.022438431211365018,0.022324090334326807,0.017443814681330827,0.014086761802310499,0.01972203996217392,0.01860155008844988,0.018110116632787387,0.018669901294660285,0.009597147704289433,0.0
