,square,rectangle,parallelogram,losange,isoTrapezoid,kite,rightKite,rustedHinge,hinge,trapezoid,random
square,0.0,476.704046401286,654.7333928267052,858.3375112552079,500.78716518072787,479.0730177607592,352.16229803070013,554.4123369552183,520.1486341547518,495.75175266887567,751.1563451327622
rectangle,476.704046401286,0.0,482.179544270111,794.237970848771,735.1607911264442,627.0502836695365,565.3393666384155,548.231368800417,444.42581498151907,640.1846059797066,918.3796957314457
parallelogram,654.7333928267052,482.179544270111,0.0,452.48031803882316,833.9580300618683,834.883097311536,696.389343679128,558.0639193400699,463.9539865897908,526.8624289426748,765.0790472036081
losange,858.3375112552079,794.237970848771,452.48031803882316,0.0,919.4554388332195,988.5857871685982,862.4068671426788,692.3117545534353,667.0460540212675,598.9014517509725,626.9871335816099
isoTrapezoid,500.78716518072787,735.1607911264442,833.9580300618683,919.4554388332195,0.0,455.7501718128437,417.07521830560074,778.4222370260368,770.5537728786275,542.5426216744717,660.8672073512746
kite,479.0730177607592,627.0502836695365,834.883097311536,988.5857871685982,455.7501718128437,0.0,359.25550683492537,777.7865727127833,766.4252148941986,729.0585977241968,889.7974159021464
rightKite,352.16229803070013,565.3393666384155,696.389343679128,862.4068671426788,417.07521830560074,359.25550683492537,0.0,683.287484802892,654.145117273606,506.1079734856323,760.6692794949421
rustedHinge,554.4123369552183,548.231368800417,558.0639193400699,692.3117545534353,778.4222370260368,777.7865727127833,683.287484802892,0.0,192.31293562906296,600.3115734178,729.7075797050579
hinge,520.1486341547518,444.42581498151907,463.9539865897908,667.0460540212675,770.5537728786275,766.4252148941986,654.145117273606,192.31293562906296,0.0,557.4635119455742,743.4963277315408
trapezoid,495.75175266887567,640.1846059797066,526.8624289426748,598.9014517509725,542.5426216744717,729.0585977241968,506.1079734856323,600.3115734178,557.4635119455742,0.0,454.29078336235733
random,751.1563451327622,918.3796957314457,765.0790472036081,626.9871335816099,660.8672073512746,889.7974159021464,760.6692794949421,729.7075797050579,743.4963277315408,454.29078336235733,0.0
