,square,rectangle,parallelogram,losange,isoTrapezoid,kite,rightKite,rustedHinge,hinge,trapezoid,random
square,0.0,610.1294184491875,844.9275237882285,1088.6597061087798,638.3679947920142,606.7756647533405,516.6583869606002,753.3017250889989,718.0213639928248,665.2159331700972,960.1810950392154
rectangle,610.1294184491875,0.0,606.3068175602772,978.7653799158704,930.959818031777,787.6980468376515,754.5104247669663,711.0632125678923,596.4004485120436,819.3774462454364,1130.5558736240291
parallelogram,844.9275237882285,606.3068175602772,0.0,562.0607090935368,1023.7932136146951,1005.7574038944596,876.9104392874899,750.8442091495444,651.6973055156191,686.3094394147903,961.8277971626355
losange,1088.6597061087798,978.7653799158704,562.0607090935368,0.0,1120.6164938950612,1189.2746331342444,1064.686723497497,905.0526519384395,878.343035082926,755.3095669345017,812.5040112756486
isoTrapezoid,638.3679947920142,930.959818031777,1023.7932136146951,1120.6164938950612,0.0,595.5772135303837,537.6891807786184,974.3457432580797,973.2520590817516,652.8441489199522,812.7611722596803
kite,606.7756647533405,787.6980468376515,1005.7574038944596,1189.2746331342444,595.5772135303837,0.0,442.29218781702315,953.3931990654239,935.9293699923448,881.9696670500972,1072.49763149971
rightKite,516.6583869606002,754.5104247669663,876.9104392874899,1064.686723497497,537.6891807786184,442.29218781702315,0.0,869.4180829080784,839.0809008664285,634.3825786292214,933.4818967874705
rustedHinge,753.3017250889989,711.0632125678923,750.8442091495444,905.0526519384395,974.3457432580797,953.3931990654239,869.4180829080784,0.0,263.9861693763321,799.439396275251,924.0594102863182
hinge,718.0213639928248,596.4004485120436,651.6973055156191,878.343035082926,973.2520590817516,935.9293699923448,839.0809008664285,263.9861693763321,0.0,759.2414562615411,936.7340190991151
trapezoid,665.2159331700972,819.3774462454364,686.3094394147903,755.3095669345017,652.8441489199522,881.9696670500972,634.3825786292214,799.439396275251,759.2414562615411,0.0,567.8678433609779
random,960.1810950392154,1130.5558736240291,961.8277971626355,812.5040112756486,812.7611722596803,1072.49763149971,933.4818967874705,924.0594102863182,936.7340190991151,567.8678433609779,0.0
