,square,rectangle,parallelogram,losange,isoTrapezoid,kite,rightKite,rustedHinge,hinge,trapezoid,random
square,0.0,512.8939181118465,710.0966637798858,924.5091785220252,542.1588081661322,520.9358057203576,410.40430143366655,611.6602583007158,577.2062351182801,550.0494007783,813.5269099843154
rectangle,512.8939181118465,0.0,516.9629954261977,843.9341131251881,790.3037332570088,674.8534781148778,622.9896711617927,595.2714742690573,490.7069928813055,693.0526618172782,979.066284452407
parallelogram,710.0966637798858,516.9629954261977,0.0,482.776199454876,889.3215150602094,885.0386413191917,749.440245641981,616.6034535808793,522.2929591089329,576.4062271337958,824.4009627637066
losange,924.5091785220252,843.9341131251881,482.776199454876,0.0,977.825787489395,1045.5845754197137,919.4208722293969,753.6635969175016,726.6682589038512,645.6619443443614,683.3813487076021
isoTrapezoid,542.1588081661322,790.3037332570088,889.3215150602094,977.825787489395,0.0,495.72758914104986,452.98904670023865,834.885113627728,828.4008873638011,575.070060150471,704.9622325005604
kite,520.9358057203576,674.8534781148778,885.0386413191917,1045.5845754197137,495.72758914104986,0.0,383.29961609325596,827.3590470551998,813.9557983641705,772.4483431738458,939.6887358173473
rightKite,410.40430143366655,622.9896711617927,749.440245641981,919.4208722293969,452.98904670023865,383.29961609325596,0.0,736.8063033266296,707.4117842197206,541.4798968698215,806.8855087685635
rustedHinge,611.6602583007158,595.2714742690573,616.6034535808793,753.6635969175016,834.885113627728,827.3590470551998,736.8063033266296,0.0,212.37028057655365,660.7617587446175,784.9169149286628
hinge,577.2062351182801,490.7069928813055,522.2929591089329,726.6682589038512,828.4008873638011,813.9557983641705,707.4117842197206,212.37028057655365,0.0,619.055664831722,796.445814048553
trapezoid,550.0494007783,693.0526618172782,576.4062271337958,645.6619443443614,575.070060150471,772.4483431738458,541.4798968698215,660.7617587446175,619.055664831722,0.0,488.744944359931
random,813.5269099843154,979.066284452407,824.4009627637066,683.3813487076021,704.9622325005604,939.6887358173473,806.8855087685635,784.9169149286628,796.445814048553,488.744944359931,0.0
