,square,rectangle,parallelogram,losange,isoTrapezoid,kite,rightKite,rustedHinge,hinge,trapezoid,random
square,0.0,625.9197028646955,865.9290517086163,1117.4418633150894,660.8357550361096,622.5736306689383,539.1957949379488,782.4292101865672,746.6360590586879,691.3274486689768,995.9698962917465
rectangle,625.9197028646955,0.0,624.0731543540501,1009.6700072832258,959.8619300372579,810.1406418910038,783.380506061478,736.4567020050457,620.7418657960591,848.6272115654532,1166.5650812103424
parallelogram,865.9290517086163,624.0731543540501,0.0,580.7783761154838,1047.0489490267846,1027.2603549742657,902.1987303199725,773.7349613540667,675.5593396060567,708.5598818461684,992.4572031196639
losange,1117.4418633150894,1009.6700072832258,580.7783761154838,0.0,1144.4271933840985,1216.3993474519996,1093.66336940538,933.6164014184934,909.7167232068234,774.3679351681365,839.8980805578186
isoTrapezoid,660.8357550361096,959.8619300372579,1047.0489490267846,1144.4271933840985,0.0,616.8752064543878,555.7694032908339,999.4758619124467,999.361234513128,668.4933210228422,837.8831417825146
kite,622.5736306689383,810.1406418910038,1027.2603549742657,1216.3993474519996,616.8752064543878,0.0,454.05287751148325,976.5788611412836,958.7890608026131,905.177596700506,1104.5024499130861
rightKite,539.1957949379488,783.380506061478,902.1987303199725,1093.66336940538,555.7694032908339,454.05287751148325,0.0,894.7744103169617,865.2815194105328,657.2763816188079,966.4559538218134
rustedHinge,782.4292101865672,736.4567020050457,773.7349613540667,933.6164014184934,999.4758619124467,976.5788611412836,894.7744103169617,0.0,274.2189371515916,826.2250034238,953.9982897473321
hinge,746.6360590586879,620.7418657960591,675.5593396060567,909.7167232068234,999.361234513128,958.7890608026131,865.2815194105328,274.2189371515916,0.0,787.291492685684,968.0634838017291
trapezoid,691.3274486689768,848.6272115654532,708.5598818461684,774.3679351681365,668.4933210228422,905.177596700506,657.2763816188079,826.2250034238,787.291492685684,0.0,587.702504148253
random,995.9698962917465,1166.5650812103424,992.4572031196639,839.8980805578186,837.8831417825146,1104.5024499130861,966.4559538218134,953.9982897473321,968.0634838017291,587.702504148253,0.0
