,square,rectangle,parallelogram,losange,isoTrapezoid,kite,rightKite,rustedHinge,hinge,trapezoid,random
square,0.0,268.4219417686489,338.780703688602,402.0801125831906,209.48844392386079,174.59357759821125,147.81210056772755,284.3959766277515,274.56485653749166,226.0916921448951,320.1767532747574
rectangle,268.4219417686489,0.0,199.48529396901807,304.28713793757635,356.057302937266,290.3045952731936,284.8667677748111,226.1532930556772,176.23054671030488,293.3334697624434,378.8581059018541
parallelogram,338.780703688602,199.48529396901807,0.0,198.35860398242775,386.1633478674776,354.0318202009191,330.08715208320365,269.5756856987639,225.2069613555134,284.38600061649294,359.2328725659242
losange,402.0801125831906,304.28713793757635,198.35860398242775,0.0,404.2538394042549,405.7364839411354,384.59853231766624,303.3854041997501,284.46396492956825,295.95980246039665,306.72401964510425
isoTrapezoid,209.48844392386079,356.057302937266,386.1633478674776,404.2538394042549,0.0,209.19906994713028,194.76079186172853,353.4889416679731,353.8389482890857,226.220422224891,272.1971234766217
kite,174.59357759821125,290.3045952731936,354.0318202009191,405.7364839411354,209.19906994713028,0.0,148.54404923131918,331.29846027188546,325.4436581714706,286.191083395361,351.4494941642021
rightKite,147.81210056772755,284.8667677748111,330.08715208320365,384.59853231766624,194.76079186172853,148.54404923131918,0.0,317.5672440949094,308.85953247629806,214.87258284550427,321.70797749265813
rustedHinge,284.3959766277515,226.1532930556772,269.5756856987639,303.3854041997501,353.4889416679731,331.29846027188546,317.5672440949094,0.0,90.84896174889623,297.4942686064323,332.6593656422488
hinge,274.56485653749166,176.23054671030488,225.2069613555134,284.46396492956825,353.8389482890857,325.4436581714706,308.85953247629806,90.84896174889623,0.0,282.62503174818767,334.6273476776659
trapezoid,226.0916921448951,293.3334697624434,284.38600061649294,295.95980246039665,226.220422224891,286.191083395361,214.87258284550427,297.4942686064323,282.62503174818767,0.0,204.4385698053464
random,320.1767532747574,378.8581059018541,359.2328725659242,306.72401964510425,272.1971234766217,351.4494941642021,321.70797749265813,332.6593656422488,334.6273476776659,204.4385698053464,0.0
