,square,rectangle,parallelogram,losange,isoTrapezoid,kite,rightKite,rustedHinge,hinge,trapezoid,random
square,0.0,225.40031764758308,282.5195157455931,336.83164944713,168.86700502884992,140.9655697764125,115.50182756700534,235.71682603367495,229.4282270727761,183.9027115013471,262.78967245589854
rectangle,225.40031764758308,0.0,160.3656405966823,247.9540563028696,293.8410466733964,240.06440815961224,235.3525348776303,184.39592165405165,143.28848147611032,241.52254167269757,310.5442309271834
parallelogram,282.5195157455931,160.3656405966823,0.0,165.87770640155205,320.9924411910299,293.8712597954971,274.87919965175007,217.03306715634992,179.57084641183528,238.64412816659276,298.1337424729561
losange,336.83164944713,247.9540563028696,165.87770640155205,0.0,338.4482535417172,338.4419926689452,323.0292899780805,242.87247306729694,227.0773609070495,252.1368448722948,255.50742932109168
isoTrapezoid,168.86700502884992,293.8410466733964,320.9924411910299,338.4482535417172,0.0,172.5145938710526,159.8176600526944,289.8948045559704,291.4610393517018,187.160712905448,228.08858798930774
kite,140.9655697764125,240.06440815961224,293.8712597954971,338.4419926689452,172.5145938710526,0.0,119.9945078856724,273.83605299628715,269.3985091204495,235.2441363825511,290.6193765394476
rightKite,115.50182756700534,235.3525348776303,274.87919965175007,323.0292899780805,159.8176600526944,119.9945078856724,0.0,259.9869170235882,253.86014657842776,178.37360462797793,268.3572616049034
rustedHinge,235.71682603367495,184.39592165405165,217.03306715634992,242.87247306729694,289.8948045559704,273.83605299628715,259.9869170235882,0.0,72.9229458192207,240.55699063791164,268.9197922136341
hinge,229.4282270727761,143.28848147611032,179.57084641183528,227.0773609070495,291.4610393517018,269.3985091204495,253.86014657842776,72.9229458192207,0.0,229.5771927980903,271.5457391773941
trapezoid,183.9027115013471,241.52254167269757,238.64412816659276,252.1368448722948,187.160712905448,235.2441363825511,178.37360462797793,240.55699063791164,229.5771927980903,0.0,172.6517686898202
random,262.78967245589854,310.5442309271834,298.1337424729561,255.50742932109168,228.08858798930774,290.6193765394476,268.3572616049034,268.9197922136341,271.5457391773941,172.6517686898202,0.0
