,square,rectangle,parallelogram,losange,isoTrapezoid,kite,rightKite,rustedHinge,hinge,trapezoid,random
square,0.0,210.11371693916058,255.48626844213393,299.9344167543153,152.0722296136001,123.12617895137517,97.50248396125072,209.85704975685277,208.61169568696684,160.66559430972399,233.917819970544
rectangle,210.11371693916058,0.0,137.41832806037903,214.69041131710196,272.2046121765041,220.89803767588415,216.22397558160728,159.94437933241633,125.04290296922356,219.28120697421267,281.0894405533689
parallelogram,255.48626844213393,137.41832806037903,0.0,143.49082514003612,291.8339168727702,262.06390039470256,248.67725913633967,184.78742588401394,154.3771908206827,221.8519733661772,271.12066865501214
losange,299.9344167543153,214.69041131710196,143.49082514003612,0.0,302.69207220992865,298.48078334703325,288.52573031777644,207.60777921153326,194.91091444702633,231.7081998064862,231.49132348177017
isoTrapezoid,152.0722296136001,272.2046121765041,291.8339168727702,302.69207220992865,0.0,155.89025614923185,145.77381706523622,258.7269931318571,264.854502743412,167.0100290021531,203.83660589578668
kite,123.12617895137517,220.89803767588415,262.06390039470256,298.48078334703325,155.89025614923185,0.0,104.06494782330853,243.56108395913827,242.0622336017319,202.05204368631945,253.96360251390038
rightKite,97.50248396125072,216.22397558160728,248.67725913633967,288.52573031777644,145.77381706523622,104.06494782330853,0.0,229.6843833462223,227.43631650410384,156.1699012306081,239.40781794163084
rustedHinge,209.85704975685277,159.94437933241633,184.78742588401394,207.60777921153326,258.7269931318571,243.56108395913827,229.6843833462223,0.0,62.69058872635048,210.28208324817678,239.7481496493341
hinge,208.61169568696684,125.04290296922356,154.3771908206827,194.91091444702633,264.854502743412,242.0622336017319,227.43631650410384,62.69058872635048,0.0,204.63088871576943,245.2004516228467
trapezoid,160.66559430972399,219.28120697421267,221.8519733661772,231.7081998064862,167.0100290021531,202.05204368631945,156.1699012306081,210.28208324817678,204.63088871576943,0.0,160.31465227403282
random,233.917819970544,281.0894405533689,271.12066865501214,231.49132348177017,203.83660589578668,253.96360251390038,239.40781794163084,239.7481496493341,245.2004516228467,160.31465227403282,0.0
