,square,rectangle,parallelogram,losange,isoTrapezoid,kite,rightKite,rustedHinge,hinge,trapezoid,random
square,0.0,641.543482876468,882.1015121664515,1137.789974972079,677.270501693915,632.7745565168797,546.2830012659574,798.9381094726131,763.1231221180117,707.259752969912,1019.5689157481968
rectangle,641.543482876468,0.0,637.0482506963758,1029.0667485154006,977.7613106417444,824.6636342754562,798.1549367049947,749.9183540719149,632.0215876957737,867.7775745365808,1188.917207802482
parallelogram,882.1015121664515,637.0482506963758,0.0,592.4340052247143,1058.4339314480044,1038.8161126061286,912.6610991946299,784.7847165837228,686.9902289891377,720.6949864613911,1008.8338707669549
losange,1137.789974972079,1029.0667485154006,592.4340052247143,0.0,1154.5045122391016,1230.552555363971,1106.8535377469357,948.5983891460692,927.0629699466973,785.8326482053595,851.3416609650023
isoTrapezoid,677.270501693915,977.7613106417444,1058.4339314480044,1154.5045122391016,0.0,628.5583632801546,564.7448787149276,1012.8290147522051,1013.0236190903578,676.3069519940868,849.1755116141532
kite,632.7745565168797,824.6636342754562,1038.8161126061286,1230.552555363971,628.5583632801546,0.0,460.2572205443831,987.4808259079872,970.7282519190645,918.3457264153217,1124.239914779667
rightKite,546.2830012659574,798.1549367049947,912.6610991946299,1106.8535377469357,564.7448787149276,460.2572205443831,0.0,906.1993799759132,877.175908335009,666.6471769159181,984.1415909901419
rustedHinge,798.9381094726131,749.9183540719149,784.7847165837228,948.5983891460692,1012.8290147522051,987.4808259079872,906.1993799759132,0.0,279.48071288589557,842.7277114646937,973.5843420075464
hinge,763.1231221180117,632.0215876957737,686.9902289891377,927.0629699466973,1013.0236190903578,970.7282519190645,877.175908335009,279.48071288589557,0.0,804.4880364465154,989.3225543288551
trapezoid,707.259752969912,867.7775745365808,720.6949864613911,785.8326482053595,676.3069519940868,918.3457264153217,666.6471769159181,842.7277114646937,804.4880364465154,0.0,598.8175736879501
random,1019.5689157481968,1188.917207802482,1008.8338707669549,851.3416609650023,849.1755116141532,1124.239914779667,984.1415909901419,973.5843420075464,989.3225543288551,598.8175736879501,0.0
