,square,rectangle,parallelogram,losange,isoTrapezoid,kite,rightKite,rustedHinge,hinge,trapezoid,random
square,0.0,860.0943785941596,1105.0067927661223,1368.0704983663063,828.1975745162489,740.6547765821346,635.2536468082841,980.6575914369536,939.0014605377983,875.9395153737339,1255.047795935463
rectangle,860.0943785941596,0.0,735.5588805849633,1175.8597054192894,1188.6032681879253,999.4497104117913,973.6509918414484,856.2703725338014,709.22874518093,1082.8997023332756,1432.0438477097334
parallelogram,1105.0067927661223,735.5588805849633,0.0,721.0205606633567,1263.107149481423,1218.4762997636249,1088.766918179963,952.6222827206143,837.1219467847619,925.8128595745617,1248.25334819984
losange,1368.0704983663063,1175.8597054192894,721.0205606633567,0.0,1325.8629110818606,1422.9243307409035,1292.304770097924,1149.837931510572,1115.9051971263625,951.1800646763198,1013.7857358342704
isoTrapezoid,828.1975745162489,1188.6032681879253,1263.107149481423,1325.8629110818606,0.0,785.8700387601358,711.9226508471988,1194.547581657636,1195.8270391907156,806.0761485603049,1005.7359045571637
kite,740.6547765821346,999.4497104117913,1218.4762997636249,1422.9243307409035,785.8700387601358,0.0,554.4360482233861,1131.0269716737005,1118.392096001535,1107.6843628673028,1367.097110886442
rightKite,635.2536468082841,973.6509918414484,1088.766918179963,1292.304770097924,711.9226508471988,554.4360482233861,0.0,1062.4438362608985,1036.5039838673595,807.503210055527,1201.073143585292
rustedHinge,980.6575914369536,856.2703725338014,952.6222827206143,1149.837931510572,1194.547581657636,1131.0269716737005,1062.4438362608985,0.0,337.6055323817528,1079.8771884535527,1249.8857690581078
hinge,939.0014605377983,709.22874518093,837.1219467847619,1115.9051971263625,1195.8270391907156,1118.392096001535,1036.5039838673595,337.6055323817528,0.0,1035.796228942571,1261.6515770858177
trapezoid,875.9395153737339,1082.8997023332756,925.8128595745617,951.1800646763198,806.0761485603049,1107.6843628673028,807.503210055527,1079.8771884535527,1035.796228942571,0.0,736.644484537272
random,1255.047795935463,1432.0438477097334,1248.25334819984,1013.7857358342704,1005.7359045571637,1367.097110886442,1201.073143585292,1249.8857690581078,1261.6515770858177,736.644484537272,0.0
