,square,rectangle,parallelogram,losange,isoTrapezoid,kite,rightKite,rustedHinge,hinge,trapezoid,random
square,0.0,637.056458291754,880.2724254369722,1136.8501392933513,675.310152108226,631.3317425230206,547.0175580740394,795.9704842064469,759.8897161586646,706.5408863370714,1016.2668063732524
rectangle,637.056458291754,0.0,635.9399925493497,1028.1770719684548,975.8405005930373,822.0033238531723,795.9762382897518,747.2991117427017,630.2121367040085,865.2267843641341,1186.157826431029
parallelogram,880.2724254369722,635.9399925493497,0.0,590.6353258818192,1057.9777135880931,1037.8962294232358,912.0881601641707,782.9969020007037,685.5032713356829,719.0342404490685,1006.6502894703342
losange,1136.8501392933513,1028.1770719684548,590.6353258818192,0.0,1155.5572000050433,1230.5152783327085,1106.7871390772389,947.1182645608562,925.339948351783,784.4646411399841,851.6714104978696
isoTrapezoid,675.310152108226,975.8405005930373,1057.9777135880931,1155.5572000050433,0.0,627.1085765192367,563.5389020036529,1011.0328222698643,1011.681889402898,675.8284782997977,848.6444470246921
kite,631.3317425230206,822.0033238531723,1037.8962294232358,1230.5152783327085,627.1085765192367,0.0,459.48632073261234,986.0279707423662,968.972005179071,917.0708703486339,1121.057796753757
rightKite,547.0175580740394,795.9762382897518,912.0881601641707,1106.7871390772389,563.5389020036529,459.48632073261234,0.0,903.8306626855212,874.9743325880665,666.3173829215456,981.2219190218883
rustedHinge,795.9704842064469,747.2991117427017,782.9969020007037,947.1182645608562,1011.0328222698643,986.0279707423662,903.8306626855212,0.0,277.58800746551674,839.2139794443585,969.4819490742889
hinge,759.8897161586646,630.2121367040085,685.5032713356829,925.339948351783,1011.681889402898,968.972005179071,874.9743325880665,277.58800746551674,0.0,801.5028666751431,985.1603503791588
trapezoid,706.5408863370714,865.2267843641341,719.0342404490685,784.4646411399841,675.8284782997977,917.0708703486339,666.3173829215456,839.2139794443585,801.5028666751431,0.0,596.618540730577
random,1016.2668063732524,1186.157826431029,1006.6502894703342,851.6714104978696,848.6444470246921,1121.057796753757,981.2219190218883,969.4819490742889,985.1603503791588,596.618540730577,0.0
