,square,rectangle,parallelogram,losange,isoTrapezoid,kite,rightKite,rustedHinge,hinge,trapezoid,random
square,0.0,634.5390300006407,876.8758955582814,1130.5772551321922,670.2170648047639,628.2084850998513,544.9067322548069,792.7627269755317,756.2960777536134,700.7659416966944,1008.0573875682501
rectangle,634.5390300006407,0.0,632.3876401372753,1021.4930869918848,972.4361708432591,818.9119099116605,793.4015152363403,744.8367130621393,627.5693541533836,859.2104780532849,1178.8218465665077
parallelogram,876.8758955582814,632.3876401372753,0.0,586.3906791330689,1057.2365570839183,1036.1983952314442,911.4128096350546,780.7981660860232,681.9163652929147,715.7701724271637,1001.1616905403699
losange,1130.5772551321922,1021.4930869918848,586.3906791330689,0.0,1154.0947801005025,1226.8079119376703,1104.192825836713,941.8359641286623,918.3536586554276,780.7556694327407,846.2837960762038
isoTrapezoid,670.2170648047639,972.4361708432591,1057.2365570839183,1154.0947801005025,0.0,623.9884007082596,560.8782023926491,1008.7600116247469,1008.9020618222696,674.1748780558597,845.2776438049991
kite,628.2084850998513,818.9119099116605,1036.1983952314442,1226.8079119376703,623.9884007082596,0.0,458.35206479625117,986.2997669940295,968.3919307432773,913.3781197893388,1115.1838817627568
rightKite,544.9067322548069,793.4015152363403,911.4128096350546,1104.192825836713,560.8782023926491,458.35206479625117,0.0,904.7909126122975,874.9963620484185,664.1499700412027,976.8112294305076
rustedHinge,792.7627269755317,744.8367130621393,780.7981660860232,941.8359641286623,1008.7600116247469,986.2997669940295,904.7909126122975,0.0,276.75273201930275,834.3776818717147,962.6151498216418
hinge,756.2960777536134,627.5693541533836,681.9163652929147,918.3536586554276,1008.9020618222696,968.3919307432773,874.9963620484185,276.75273201930275,0.0,795.5763572364845,977.7822404327939
trapezoid,700.7659416966944,859.2104780532849,715.7701724271637,780.7556694327407,674.1748780558597,913.3781197893388,664.1499700412027,834.3776818717147,795.5763572364845,0.0,592.7840874476454
random,1008.0573875682501,1178.8218465665077,1001.1616905403699,846.2837960762038,845.2776438049991,1115.1838817627568,976.8112294305076,962.6151498216418,977.7822404327939,592.7840874476454,0.0
