,square,rectangle,parallelogram,losange,isoTrapezoid,kite,rightKite,rustedHinge,hinge,trapezoid,random
square,0.0,538.5518351521484,745.2784701447695,963.1875299090179,562.1755561738881,538.9987752721229,431.97838323171953,643.1010870950689,608.3534905896884,575.2647749817118,845.063467443258
rectangle,538.5518351521484,0.0,534.198425360466,868.3638717930114,822.7398404701588,699.3907603134289,650.9126218934243,617.6646308514538,510.0808868260077,719.826276329315,1010.5303679436611
parallelogram,745.2784701447695,534.198425360466,0.0,498.5516996945378,922.8084567358378,912.6131058018985,778.0434048581344,645.8999468202705,549.2739166158689,604.0613988600288,856.1290713245414
losange,963.1875299090179,868.3638717930114,498.5516996945378,0.0,1011.5124165489913,1076.536951342778,950.3221898191583,784.4804810100602,755.783497625161,671.7794392230227,712.741421965625
isoTrapezoid,562.1755561738881,822.7398404701588,922.8084567358378,1011.5124165489913,0.0,518.3266656968848,471.0890952780593,867.2455101132832,861.1170423345933,591.6466841936166,726.9719512423267
kite,538.9987752721229,699.3907603134289,912.6131058018985,1076.536951342778,518.3266656968848,0.0,395.89501550203465,856.3527998049988,840.9961798145429,795.2569689581042,966.9481961640223
rightKite,431.97838323171953,650.9126218934243,778.0434048581344,950.3221898191583,471.0890952780593,395.89501550203465,0.0,768.1067293846799,737.6045332133713,559.9183139467897,832.5828902754373
rustedHinge,643.1010870950689,617.6646308514538,645.8999468202705,784.4804810100602,867.2455101132832,856.3527998049988,768.1067293846799,0.0,222.7133257110744,693.100488352568,816.35373865011
hinge,608.3534905896884,510.0808868260077,549.2739166158689,755.783497625161,861.1170423345933,840.9961798145429,737.6045332133713,222.7133257110744,0.0,651.1942751821687,827.25570038431
trapezoid,575.2647749817118,719.826276329315,604.0613988600288,671.7794392230227,591.6466841936166,795.2569689581042,559.9183139467897,693.100488352568,651.1942751821687,0.0,505.29331167025936
random,845.063467443258,1010.5303679436611,856.1290713245414,712.741421965625,726.9719512423267,966.9481961640223,832.5828902754373,816.35373865011,827.25570038431,505.29331167025936,0.0
