,square,rectangle,parallelogram,losange,isoTrapezoid,kite,rightKite,rustedHinge,hinge,trapezoid,random
square,0.0,892.4365568327814,1129.3125521543577,1398.7540549465425,854.7977800073771,755.6485909379359,647.9137650247578,1007.4042989985293,963.950954330902,909.5655729322787,1286.7921191679452
rectangle,892.4365568327814,0.0,762.4349866782512,1204.3559029742125,1215.8127932537789,1020.3591545087573,994.7746849367509,876.8567920271962,727.2471691903542,1123.6697559666904,1467.7683895993819
parallelogram,1129.3125521543577,762.4349866782512,0.0,740.2159399435144,1272.7793501021526,1231.5199988556415,1101.303071550271,977.3276470923013,863.0810727775657,948.1212370883369,1269.889550822823
losange,1398.7540549465425,1204.3559029742125,740.2159399435144,0.0,1339.3519948749736,1444.0802173531922,1315.6684227170401,1189.0461775503463,1152.7604196372527,969.6842589957926,1034.1471918684297
isoTrapezoid,854.7977800073771,1215.8127932537789,1272.7793501021526,1339.3519948749736,0.0,813.3562023393606,734.2830721428819,1211.422024542137,1210.5605100168596,823.7658194242443,1017.7611115076403
kite,755.6485909379359,1020.3591545087573,1231.5199988556415,1444.0802173531922,813.3562023393606,0.0,569.686558494454,1149.5902205045713,1132.365000213718,1137.0395656407045,1394.9112690978404
rightKite,647.9137650247578,994.7746849367509,1101.303071550271,1315.6684227170401,734.2830721428819,569.686558494454,0.0,1078.090356018132,1051.1482507482033,835.8517767906978,1226.2585505898405
rustedHinge,1007.4042989985293,876.8567920271962,977.3276470923013,1189.0461775503463,1211.422024542137,1149.5902205045713,1078.090356018132,0.0,347.66541477129533,1113.867654851558,1286.4622658205808
hinge,963.950954330902,727.2471691903542,863.0810727775657,1152.7604196372527,1210.5605100168596,1132.365000213718,1051.1482507482033,347.66541477129533,0.0,1073.1586597961007,1298.256955936025
trapezoid,909.5655729322787,1123.6697559666904,948.1212370883369,969.6842589957926,823.7658194242443,1137.0395656407045,835.8517767906978,1113.867654851558,1073.1586597961007,0.0,751.9203357048345
random,1286.7921191679452,1467.7683895993819,1269.889550822823,1034.1471918684297,1017.7611115076403,1394.9112690978404,1226.2585505898405,1286.4622658205808,1298.256955936025,751.9203357048345,0.0
