,square,rectangle,parallelogram,losange,isoTrapezoid,kite,rightKite,rustedHinge,hinge,trapezoid,random
square,0.0,248.6374874698049,312.7872588453999,372.6407753174684,189.23769601484207,158.22668642297018,130.71804095359778,260.998816444321,253.3725506501306,205.35156937088652,292.4254412860191
rectangle,248.6374874698049,0.0,179.74574315472927,276.6234240106099,326.57481596039855,266.90380415773643,261.55104402203506,205.77188411145133,159.9550872068532,268.3809273989667,346.4401081148219
parallelogram,312.7872588453999,179.74574315472927,0.0,182.144604192845,356.4482903038581,326.7607393168447,305.7623196431102,243.0862424986888,201.7263955718632,263.36139334488774,331.1200660359399
losange,372.6407753174684,276.6234240106099,182.144604192845,0.0,375.43656912739067,375.56239672859033,357.9526871093794,273.3895158079927,255.79875954792007,277.3252629748048,284.4398414769928
isoTrapezoid,189.23769601484207,326.57481596039855,356.4482903038581,375.43656912739067,0.0,191.9969744172341,177.90330508479198,322.7446685006605,324.08039710555136,208.20016925858891,251.22606645129082
kite,158.22668642297018,266.90380415773643,326.7607393168447,375.56239672859033,191.9969744172341,0.0,134.74311348123626,304.3379576264468,299.6269155356394,262.4350874326066,323.00160747843574
rightKite,130.71804095359778,261.55104402203506,305.7623196431102,357.9526871093794,177.90330508479198,134.74311348123626,0.0,289.8157290865082,282.9175550680015,198.1600499987186,297.12253552610815
rustedHinge,260.998816444321,205.77188411145133,243.0862424986888,273.3895158079927,322.7446685006605,304.3379576264468,289.8157290865082,0.0,81.88847550835641,268.8420829929771,300.8889836443921
hinge,253.3725506501306,159.9550872068532,201.7263955718632,255.79875954792007,324.08039710555136,299.6269155356394,282.9175550680015,81.88847550835641,0.0,256.10703280603224,303.6515363268568
trapezoid,205.35156937088652,268.3809273989667,263.36139334488774,277.3252629748048,208.20016925858891,262.4350874326066,198.1600499987186,268.8420829929771,256.10703280603224,0.0,189.6933732380427
random,292.4254412860191,346.4401081148219,331.1200660359399,284.4398414769928,251.22606645129082,323.00160747843574,297.12253552610815,300.8889836443921,303.6515363268568,189.6933732380427,0.0
