,square,rectangle,parallelogram,losange,isoTrapezoid,kite,rightKite,rustedHinge,hinge,trapezoid,random
square,0.0,926.4222372469727,1170.8682659480082,1449.8615643389755,883.8184174939656,778.0091650341527,665.3924058656963,1043.333347700952,998.9442589945425,942.0379474707216,1335.0209093861138
rectangle,926.4222372469727,0.0,784.8434560232664,1242.2026253751653,1259.2735092939786,1052.5239313392285,1026.5374900362692,902.7535112308333,747.4301691927001,1163.5378093416555,1519.5691191452247
parallelogram,1170.8682659480082,784.8434560232664,0.0,763.8137593850814,1317.74921727031,1269.065627255265,1135.8391626299358,1013.3711505329111,895.0144507398992,982.8386967501801,1315.4728884149356
losange,1449.8615643389755,1242.2026253751653,763.8137593850814,0.0,1385.096269233641,1490.0834421129368,1358.7907096963988,1231.8824893831666,1194.473217364135,1004.8176903089382,1070.8084166949225
isoTrapezoid,883.8184174939656,1259.2735092939786,1317.74921727031,1385.096269233641,0.0,840.7438148878067,759.911315078054,1253.6799304316355,1254.6439037677749,850.6176626291862,1051.7530456553882
kite,778.0091650341527,1052.5239313392285,1269.065627255265,1490.0834421129368,840.7438148878067,0.0,586.5033237431593,1184.4251267824088,1166.8662586185067,1173.679817015529,1441.9406979302269
rightKite,665.3924058656963,1026.5374900362692,1135.8391626299358,1358.7907096963988,759.911315078054,586.5033237431593,0.0,1111.8751824260182,1084.2560335714834,861.5013610030379,1269.3471497941102
rustedHinge,1043.333347700952,902.7535112308333,1013.3711505329111,1231.8824893831666,1253.6799304316355,1184.4251267824088,1111.8751824260182,0.0,356.80918677016973,1156.8117099088802,1335.7997933521585
hinge,998.9442589945425,747.4301691927001,895.0144507398992,1194.473217364135,1254.6439037677749,1166.8662586185067,1084.2560335714834,356.80918677016973,0.0,1115.8246022094136,1350.045434319114
trapezoid,942.0379474707216,1163.5378093416555,982.8386967501801,1004.8176903089382,850.6176626291862,1173.679817015529,861.5013610030379,1156.8117099088802,1115.8246022094136,0.0,776.750751334486
random,1335.0209093861138,1519.5691191452247,1315.4728884149356,1070.8084166949225,1051.7530456553882,1441.9406979302269,1269.3471497941102,1335.7997933521585,1350.045434319114,776.750751334486,0.0
