,square,rectangle,parallelogram,losange,isoTrapezoid,kite,rightKite,rustedHinge,hinge,trapezoid,random
square,0.0,57.8616975596801,77.36077558973349,88.51897365387003,55.98312599681095,43.60325921791086,38.04185526323246,60.105810908055595,60.040762720704876,55.413490404185524,78.49935292007574
rectangle,57.8616975596801,0.0,41.583399775915865,66.23152126994805,92.175610445418,73.70232797329962,70.97299250512891,43.71826069577679,32.001332415576975,68.19189206527511,95.15748799086991
parallelogram,77.36077558973349,41.583399775915865,0.0,39.51393201791563,99.17285758978299,91.11962516393199,84.76346946005721,58.906557408170116,44.26791566466523,65.46273329550294,91.38496056329457
losange,88.51897365387003,66.23152126994805,39.51393201791563,0.0,96.07912939599764,99.58350692150137,93.09091849209707,73.81769865955218,63.26168425840792,60.35943009780203,75.38809249557164
isoTrapezoid,55.98312599681095,92.175610445418,99.17285758978299,96.07912939599764,0.0,53.862733021888545,50.14967921059188,89.7845898600166,90.31022429318007,55.764493723366364,60.97540099555408
kite,43.60325921791086,73.70232797329962,91.11962516393199,99.58350692150137,53.862733021888545,0.0,33.1836897834761,71.10383227246747,75.89300787279603,74.26479474640162,86.3693623068679
rightKite,38.04185526323246,70.97299250512891,84.76346946005721,93.09091849209707,50.14967921059188,33.1836897834761,0.0,68.00560568631803,71.3127892251722,59.66803595302523,80.37258393567448
rustedHinge,60.105810908055595,43.71826069577679,58.906557408170116,73.81769865955218,89.7845898600166,71.10383227246747,68.00560568631803,0.0,24.016915455671867,72.74824002043825,91.64012297407436
hinge,60.040762720704876,32.001332415576975,44.26791566466523,63.26168425840792,90.31022429318007,75.89300787279603,71.3127892251722,24.016915455671867,0.0,65.19500591352308,87.49114880575414
trapezoid,55.413490404185524,68.19189206527511,65.46273329550294,60.35943009780203,55.764493723366364,74.26479474640162,59.66803595302523,72.74824002043825,65.19500591352308,0.0,44.95873342052884
random,78.49935292007574,95.15748799086991,91.38496056329457,75.38809249557164,60.97540099555408,86.3693623068679,80.37258393567448,91.64012297407436,87.49114880575414,44.95873342052884,0.0
