,square,rectangle,parallelogram,losange,isoTrapezoid,kite,rightKite,rustedHinge,hinge,trapezoid,random
square,0.0,30.127589867487927,40.07284597097534,45.85875399221966,25.52445996822398,20.45304027439668,17.936409225617954,30.752863734505667,30.771855721240346,26.417841072080076,38.30593296336693
rectangle,30.127589867487927,0.0,20.694336869468536,32.315662999475286,43.83621648947591,35.87368482608291,35.16854475350157,23.086209071979397,17.009065909324104,31.832669591053385,44.99067973143259
parallelogram,40.07284597097534,20.694336869468536,0.0,20.632624203661305,49.38396258754433,45.31719246373007,43.05229261616945,29.910300712361078,23.03627132558058,32.27043444854344,44.23088762774299
losange,45.85875399221966,32.315662999475286,20.632624203661305,0.0,49.86417103959748,49.86351552265189,47.93583405364054,35.68747037623505,31.10859938507947,31.84524212458472,37.65248571833208
isoTrapezoid,25.52445996822398,43.83621648947591,49.38396258754433,49.86417103959748,0.0,24.769231682323763,22.682839582787327,42.29777169606885,43.180040896122954,27.862858870974748,32.63795696613582
kite,20.45304027439668,35.87368482608291,45.31719246373007,49.86351552265189,24.769231682323763,0.0,16.65766140679091,36.39614539262184,37.948591991327184,35.02576158662279,42.37634919442987
rightKite,17.936409225617954,35.16854475350157,43.05229261616945,47.93583405364054,22.682839582787327,16.65766140679091,0.0,35.21494938763625,36.495436705127254,28.44855641294298,40.21299722314767
rustedHinge,30.752863734505667,23.086209071979397,29.910300712361078,35.68747037623505,42.29777169606885,36.39614539262184,35.21494938763625,0.0,11.727976531471226,33.4477826247473,42.26404972361468
hinge,30.771855721240346,17.009065909324104,23.03627132558058,31.10859938507947,43.180040896122954,37.948591991327184,36.495436705127254,11.727976531471226,0.0,30.532115801696044,40.896549574609715
trapezoid,26.417841072080076,31.832669591053385,32.27043444854344,31.84524212458472,27.862858870974748,35.02576158662279,28.44855641294298,33.4477826247473,30.532115801696044,0.0,23.040509504588478
random,38.30593296336693,44.99067973143259,44.23088762774299,37.65248571833208,32.63795696613582,42.37634919442987,40.21299722314767,42.26404972361468,40.896549574609715,23.040509504588478,0.0
