,square,rectangle,parallelogram,losange,isoTrapezoid,kite,rightKite,rustedHinge,hinge,trapezoid,random
square,0.0,83.8269784756268,121.81274177063902,154.37355602370076,100.78739531551366,102.16780801780307,95.19812033629162,119.6025475550335,114.4393074546416,101.51219466401973,134.35269929558854
rectangle,83.8269784756268,0.0,93.29732293385862,138.76966422338538,133.3196281849587,123.46538314055645,117.59425887243127,111.5239458520855,98.7771769719431,115.18790911535686,152.00220788360943
parallelogram,121.81274177063902,93.29732293385862,0.0,79.34722357765511,142.99422985821698,146.15305855156387,131.14063789501972,109.83436636544829,101.07298070212404,96.80007600994607,126.36784201100042
losange,154.37355602370076,138.76966422338538,79.34722357765511,0.0,159.67312709616138,170.62331083740608,155.42022094672404,130.62320647776158,130.6395545651892,112.02547030713708,120.88542140782207
isoTrapezoid,100.78739531551366,133.3196281849587,142.99422985821698,159.67312709616138,0.0,88.12766876956657,79.4517142545891,133.25177976510153,134.09516125217675,94.2210044244349,111.64570143495051
kite,102.16780801780307,123.46538314055645,146.15305855156387,170.62331083740608,88.12766876956657,0.0,67.27887267001664,130.30901580146318,130.76506968880696,124.99647345004574,143.5606420480717
rightKite,95.19812033629162,117.59425887243127,131.14063789501972,155.42022094672404,79.4517142545891,67.27887267001664,0.0,118.15526505983892,116.15882132025828,91.7741960087122,120.57505986115169
rustedHinge,119.6025475550335,111.5239458520855,109.83436636544829,130.62320647776158,133.25177976510153,130.30901580146318,118.15526505983892,0.0,39.820618078587295,113.50499769597538,122.15600395967502
hinge,114.4393074546416,98.7771769719431,101.07298070212404,130.6395545651892,134.09516125217675,130.76506968880696,116.15882132025828,39.820618078587295,0.0,109.56380624650241,123.20054812260523
trapezoid,101.51219466401973,115.18790911535686,96.80007600994607,112.02547030713708,94.2210044244349,124.99647345004574,91.7741960087122,113.50499769597538,109.56380624650241,0.0,77.85324072615144
random,134.35269929558854,152.00220788360943,126.36784201100042,120.88542140782207,111.64570143495051,143.5606420480717,120.57505986115169,122.15600395967502,123.20054812260523,77.85324072615144,0.0
