,square,rectangle,parallelogram,losange,isoTrapezoid,kite,rightKite,rustedHinge,hinge,trapezoid,random
square,0.0,55.12034405332097,85.50430778864659,111.63520206340064,72.75633859329109,71.75167364356324,73.38269475472116,86.99326030611029,81.4176803071903,71.7108697338334,93.09916210816259
rectangle,55.12034405332097,0.0,64.52126622961406,97.8057990329264,93.92509971469745,85.73503258146738,88.34343832433511,82.7962026825274,73.68746581498839,81.40559377300367,103.7920878682386
parallelogram,85.50430778864659,64.52126622961406,0.0,57.32377234174611,99.54872758194561,96.91011318404473,94.60363741483852,82.87413179893346,75.98205369373099,72.30986746426092,92.28896773024972
losange,111.63520206340064,97.8057990329264,57.32377234174611,0.0,111.59972924067985,114.84690252064857,111.4362094779903,99.01857187451459,97.18132347029942,83.06095675847641,93.50918581048744
isoTrapezoid,72.75633859329109,93.92509971469745,99.54872758194561,111.59972924067985,0.0,60.02025225491707,56.33938262348664,90.18779360489029,89.25295197111595,57.94967089877631,72.30096907639978
kite,71.75167364356324,85.73503258146738,96.91011318404473,114.84690252064857,60.02025225491707,0.0,38.63348388622536,80.79962471189364,78.59835991061458,76.71019145700107,87.00135946498474
rightKite,73.38269475472116,88.34343832433511,94.60363741483852,111.4362094779903,56.33938262348664,38.63348388622536,0.0,76.86490412046454,74.84159803130548,64.75268608105159,78.85203134294245
rustedHinge,86.99326030611029,82.7962026825274,82.87413179893346,99.01857187451459,90.18779360489029,80.79962471189364,76.86490412046454,0.0,27.227542432008867,81.06080486325135,83.57943772391036
hinge,81.4176803071903,73.68746581498839,75.98205369373099,97.18132347029942,89.25295197111595,78.59835991061458,74.84159803130548,27.227542432008867,0.0,77.74265632685747,83.23717802893945
trapezoid,71.7108697338334,81.40559377300367,72.30986746426092,83.06095675847641,57.94967089877631,76.71019145700107,64.75268608105159,81.06080486325135,77.74265632685747,0.0,55.112097776658615
random,93.09916210816259,103.7920878682386,92.28896773024972,93.50918581048744,72.30096907639978,87.00135946498474,78.85203134294245,83.57943772391036,83.23717802893945,55.112097776658615,0.0
