,square,rectangle,parallelogram,losange,isoTrapezoid,kite,rightKite,rustedHinge,hinge,trapezoid,random
square,0.0,46.11648677262877,64.46741199099851,79.9460502174117,53.30926861252262,49.13153957339359,46.45201602671077,60.67790153811617,58.01496798215939,52.89422875166566,72.96766504671493
rectangle,46.11648677262877,0.0,44.06890151998984,67.59803334287648,74.0974366259068,62.062598516532816,61.89362488411975,53.69866533161957,46.1797088752552,60.92069816580247,80.830038711266
parallelogram,64.46741199099851,44.06890151998984,0.0,37.86482311992083,75.4828688468919,69.17905937722578,66.44136658322307,54.14505882277001,47.732658189475394,52.94231962371579,69.15062708372145
losange,79.9460502174117,67.59803334287648,37.86482311992083,0.0,80.10336810014324,79.73935912062697,77.19032368995944,64.46556521649728,62.416807414950625,56.424694685151984,61.9183406045133
isoTrapezoid,53.30926861252262,74.0974366259068,75.4828688468919,80.10336810014324,0.0,42.99954572584851,39.48268109831627,70.16550377771216,70.75397247436685,44.516336582334795,54.60048815257971
kite,49.13153957339359,62.062598516532816,69.17905937722578,79.73935912062697,42.99954572584851,0.0,29.644988548628973,61.6632610528762,61.091803892867745,56.92954963238098,67.24644566801001
rightKite,46.45201602671077,61.89362488411975,66.44136658322307,77.19032368995944,39.48268109831627,29.644988548628973,0.0,59.31144066396858,58.8182476684962,44.755308866574744,61.478297912311334
rustedHinge,60.67790153811617,53.69866533161957,54.14505882277001,64.46556521649728,70.16550377771216,61.6632610528762,59.31144066396858,0.0,18.673200157763517,58.506552738059405,65.34500063930008
hinge,58.01496798215939,46.1797088752552,47.732658189475394,62.416807414950625,70.75397247436685,61.091803892867745,58.8182476684962,18.673200157763517,0.0,56.60565478881066,65.62652027480591
trapezoid,52.89422875166566,60.92069816580247,52.94231962371579,56.424694685151984,44.516336582334795,56.92954963238098,44.755308866574744,58.506552738059405,56.60565478881066,0.0,39.93851543063769
random,72.96766504671493,80.830038711266,69.15062708372145,61.9183406045133,54.60048815257971,67.24644566801001,61.478297912311334,65.34500063930008,65.62652027480591,39.93851543063769,0.0
