,square,rectangle,parallelogram,losange,isoTrapezoid,kite,rightKite,rustedHinge,hinge,trapezoid,random
square,0.0,50.39750606352705,67.7332971999263,80.86960109770558,49.78054346380881,45.70614106766859,42.062412666450754,60.45272572584192,59.02518599235794,50.11687402960858,71.66181570493171
rectangle,50.39750606352705,0.0,42.90368362807132,66.87448683476983,77.65239849514394,64.23007406057295,63.50616559095123,51.581223966173944,43.95199764879709,61.979981093574125,84.50129083682904
parallelogram,67.7332971999263,42.90368362807132,0.0,37.71134639134969,81.33995220034453,74.73197122087821,70.74654312829516,55.112288514416974,46.8727747203047,55.800141869651966,74.32739203172447
losange,80.86960109770558,66.87448683476983,37.71134639134969,0.0,83.30645889968405,84.09959522492667,80.2297367245596,66.28200783117182,62.39356952285501,56.94884780628308,64.24919703255365
isoTrapezoid,49.78054346380881,77.65239849514394,81.33995220034453,83.30645889968405,0.0,44.95735929345124,41.52095238880108,74.98738102209636,75.74622086820806,46.12529250464658,55.729394510028264
kite,45.70614106766859,64.23007406057295,74.73197122087821,84.09959522492667,44.95735929345124,0.0,29.33229836802864,65.66698310753016,66.43549963276052,60.03070353145818,72.2827483500659
rightKite,42.062412666450754,63.50616559095123,70.74654312829516,80.2297367245596,41.52095238880108,29.33229836802864,0.0,63.174088255322644,63.25414874742778,47.18186241556853,65.85131003320592
rustedHinge,60.45272572584192,51.581223966173944,55.112288514416974,66.28200783117182,74.98738102209636,65.66698310753016,63.174088255322644,0.0,18.96774946271582,61.91202006912126,71.8608022226007
hinge,59.02518599235794,43.95199764879709,46.8727747203047,62.39356952285501,75.74622086820806,66.43549963276052,63.25414874742778,18.96774946271582,0.0,58.6439267167543,70.89390437841242
trapezoid,50.11687402960858,61.979981093574125,55.800141869651966,56.94884780628308,46.12529250464658,60.03070353145818,47.18186241556853,61.91202006912126,58.6439267167543,0.0,40.92563441820115
random,71.66181570493171,84.50129083682904,74.32739203172447,64.24919703255365,55.729394510028264,72.2827483500659,65.85131003320592,71.8608022226007,70.89390437841242,40.92563441820115,0.0
