,square,rectangle,parallelogram,losange,isoTrapezoid,kite,rightKite,rustedHinge,hinge,trapezoid,random
square,0.0,49.661114106951736,68.51228010687575,83.98460500327137,57.42151009723692,55.64159759333632,54.41950751269485,66.2069184803888,62.8490591844857,56.66339798111267,77.69354563535535
rectangle,49.661114106951736,0.0,49.39508329597783,73.97316783941854,79.04148625331604,68.40951805449862,69.42388170310929,61.87391959080264,53.89295663008894,65.96809555472903,86.32310458457991
parallelogram,68.51228010687575,49.39508329597783,0.0,42.14953215808493,79.5364458993305,73.91037682441451,71.40731185880675,58.442037720428864,51.50197973406757,56.54305990225918,72.44029965409943
losange,83.98460500327137,73.97316783941854,42.14953215808493,0.0,84.47242277595544,84.18309993370247,81.61913317332672,67.99034023483317,65.91263461204363,60.936816559534286,65.55229986965455
isoTrapezoid,57.42151009723692,79.04148625331604,79.5364458993305,84.47242277595544,0.0,45.92945251650481,42.71904748088087,72.6995236017142,72.6877919849205,47.002006052609865,58.760516628634214
kite,55.64159759333632,68.40951805449862,73.91037682441451,84.18309993370247,45.92945251650481,0.0,31.85003050209429,65.06500702030993,63.94890917496854,59.91524578556391,70.13854638183098
rightKite,54.41950751269485,69.42388170310929,71.40731185880675,81.61913317332672,42.71904748088087,31.85003050209429,0.0,62.55045153187845,61.542247701572,48.30199978595189,64.42241123248425
rustedHinge,66.2069184803888,61.87391959080264,58.442037720428864,67.99034023483317,72.6995236017142,65.06500702030993,62.55045153187845,0.0,20.507175482642094,61.65346199478634,66.25757241990455
hinge,62.8490591844857,53.89295663008894,51.50197973406757,65.91263461204363,72.6877919849205,63.94890917496854,61.542247701572,20.507175482642094,0.0,58.95858777001521,66.1776323748549
trapezoid,56.66339798111267,65.96809555472903,56.54305990225918,60.936816559534286,47.002006052609865,59.91524578556391,48.30199978595189,61.65346199478634,58.95858777001521,0.0,43.847481250465066
random,77.69354563535535,86.32310458457991,72.44029965409943,65.55229986965455,58.760516628634214,70.13854638183098,64.42241123248425,66.25757241990455,66.1776323748549,43.847481250465066,0.0
