,square,rectangle,parallelogram,losange,isoTrapezoid,kite,rightKite,rustedHinge,hinge,trapezoid,random
square,0.0,19.28711352849367,38.81860250466074,48.56505404863911,30.49783576951266,27.073881218974492,22.305004156861685,38.506372024086815,32.398113609970984,30.04291694054389,42.126802287261796
rectangle,19.28711352849367,0.0,35.961290506720545,48.929623087098165,37.992592584300986,31.801283699937578,28.965593819998322,37.337657292514955,29.080066587687547,34.450662068758454,45.680627163597194
parallelogram,38.81860250466074,35.961290506720545,0.0,30.400552200454694,41.4311670204701,40.676746333956835,37.165554995873485,40.383951496551454,33.791701276937395,30.30585829236054,38.841925708568546
losange,48.56505404863911,48.929623087098165,30.400552200454694,0.0,46.54007005375751,47.724765150798106,46.391509851332614,47.38741763873022,45.38289521455135,37.042756429473584,37.818389465009055
isoTrapezoid,30.49783576951266,37.992592584300986,41.4311670204701,46.54007005375751,0.0,26.961025103118715,23.949246402254722,42.83091196919418,40.234664556376984,27.097626812266792,34.53269187023649
kite,27.073881218974492,31.801283699937578,40.676746333956835,47.724765150798106,26.961025103118715,0.0,19.455801117612392,39.73807662471029,36.58005375439597,34.88387215186293,41.191706726872525
rightKite,22.305004156861685,28.965593819998322,37.165554995873485,46.391509851332614,23.949246402254722,19.455801117612392,0.0,39.73128424774337,35.634663394841056,27.561514391145,39.53838393899749
rustedHinge,38.506372024086815,37.337657292514955,40.383951496551454,47.38741763873022,42.83091196919418,39.73807662471029,39.73128424774337,0.0,15.259851920800628,40.085948313645666,41.10602111880803
hinge,32.398113609970984,29.080066587687547,33.791701276937395,45.38289521455135,40.234664556376984,36.58005375439597,35.634663394841056,15.259851920800628,0.0,35.419571083095,39.60441576074912
trapezoid,30.04291694054389,34.450662068758454,30.30585829236054,37.042756429473584,27.097626812266792,34.88387215186293,27.561514391145,40.085948313645666,35.419571083095,0.0,25.12265774441881
random,42.126802287261796,45.680627163597194,38.841925708568546,37.818389465009055,34.53269187023649,41.191706726872525,39.53838393899749,41.10602111880803,39.60441576074912,25.12265774441881,0.0
