,square,rectangle,parallelogram,losange,isoTrapezoid,kite,rightKite,rustedHinge,hinge,trapezoid,random
square,0.0,132.4749861527915,164.941449995083,197.47576268768287,103.67223994435555,86.82326463756485,74.17215869509745,141.25635514323,136.63117119276103,111.6847835233411,156.5013548974008
rectangle,132.4749861527915,0.0,102.76656269844122,151.90782025798723,176.23096908993327,144.36345881104722,141.57324285634095,113.04645457076018,88.92970374024398,146.0148952728239,183.79246821285176
parallelogram,164.941449995083,102.76656269844122,0.0,109.6882394205287,188.7335582296237,175.41860891932583,163.15632822883558,136.6616099682734,115.88219354364566,146.04842966145256,179.29845330315354
losange,197.47576268768287,151.90782025798723,109.6882394205287,0.0,199.6303350217103,200.87379135429845,193.2201858183674,148.4352616225595,140.35413686025018,154.12178505404995,154.8645470253095
isoTrapezoid,103.67223994435555,176.23096908993327,188.7335582296237,199.6303350217103,0.0,108.59190231580573,103.60868037985053,175.4439310152214,175.59108508668058,116.97900432141947,143.09413764741132
kite,86.82326463756485,144.36345881104722,175.41860891932583,200.87379135429845,108.59190231580573,0.0,76.06714499826896,165.89797696689303,162.7124828200468,141.43073409162474,173.93903071184536
rightKite,74.17215869509745,141.57324285634095,163.15632822883558,193.2201858183674,103.60868037985053,76.06714499826896,0.0,157.7484340131535,153.78126923235172,111.4781568157923,164.39493196884908
rustedHinge,141.25635514323,113.04645457076018,136.6616099682734,148.4352616225595,175.4439310152214,165.89797696689303,157.7484340131535,0.0,48.595743638104416,148.51677196321467,162.63951574205225
hinge,136.63117119276103,88.92970374024398,115.88219354364566,140.35413686025018,175.59108508668058,162.7124828200468,153.78126923235172,48.595743638104416,0.0,142.07904085283363,164.09782771625686
trapezoid,111.6847835233411,146.0148952728239,146.04842966145256,154.12178505404995,116.97900432141947,141.43073409162474,111.4781568157923,148.51677196321467,142.07904085283363,0.0,111.41869491298168
random,156.5013548974008,183.79246821285176,179.29845330315354,154.8645470253095,143.09413764741132,173.93903071184536,164.39493196884908,162.63951574205225,164.09782771625686,111.41869491298168,0.0
