,square,rectangle,parallelogram,losange,isoTrapezoid,kite,rightKite,rustedHinge,hinge,trapezoid,random
square,0.0,961.2583868135087,1255.4849997285382,1475.2738540964492,718.5203991419406,610.4477897956377,474.5993576492425,1008.0129915697319,992.6008819640408,790.4518709706603,1196.2595635903401
rectangle,961.2583868135087,0.0,653.0642774566301,1104.8248193679922,1356.1671173368575,1057.0102167923196,1024.181755879793,835.7890722440285,656.1295601589538,1042.9433083307194,1465.9505927786815
parallelogram,1255.4849997285382,653.0642774566301,0.0,660.3092546949945,1496.8339773927692,1328.9291185494499,1246.5403261959852,942.8141380318102,767.1137942197201,1032.6102597473143,1359.6921485652224
losange,1475.2738540964492,1104.8248193679922,660.3092546949945,0.0,1554.9987882368273,1526.906836190911,1435.6137340583946,1082.5550721564994,993.7633051373839,1054.8482849235602,1110.7799097575091
isoTrapezoid,718.5203991419406,1356.1671173368575,1496.8339773927692,1554.9987882368273,0.0,760.0768113667704,671.3947967728677,1296.594997027503,1328.8437621091198,832.7944847979118,1031.8703968714162
kite,610.4477897956377,1057.0102167923196,1328.9291185494499,1526.906836190911,760.0768113667704,0.0,490.79958993174057,1249.6612567706734,1236.182419530058,1046.3162638147455,1359.2996594476963
rightKite,474.5993576492425,1024.181755879793,1246.5403261959852,1435.6137340583946,671.3947967728677,490.79958993174057,0.0,1163.717842897988,1145.1207491986265,783.0575526405835,1223.3711289597816
rustedHinge,1008.0129915697319,835.7890722440285,942.8141380318102,1082.5550721564994,1296.594997027503,1249.6612567706734,1163.717842897988,0.0,292.99996759519337,1007.7758993486777,1221.6558665771338
hinge,992.6008819640408,656.1295601589538,767.1137942197201,993.7633051373839,1328.8437621091198,1236.182419530058,1145.1207491986265,292.99996759519337,0.0,960.7523774252171,1242.8811036434886
trapezoid,790.4518709706603,1042.9433083307194,1032.6102597473143,1054.8482849235602,832.7944847979118,1046.3162638147455,783.0575526405835,1007.7758993486777,960.7523774252171,0.0,720.2203869642598
random,1196.2595635903401,1465.9505927786815,1359.6921485652224,1110.7799097575091,1031.8703968714162,1359.2996594476963,1223.3711289597816,1221.6558665771338,1242.8811036434886,720.2203869642598,0.0
