,square,rectangle,parallelogram,losange,isoTrapezoid,kite,rightKite,rustedHinge,hinge,trapezoid,random
square,1.1102230246251565e-16,2.204672766337179e-05,6.614603693932963e-05,8.22522270091941e-05,7.635545052464554e-05,7.68432095620275e-05,6.601909586700927e-05,9.079084212038069e-05,8.418084915085e-05,8.093275570242309e-05,0.00010625375668193993
rectangle,2.204672766337179e-05,1.1102230246251565e-16,5.1109640104129994e-05,7.223486329588358e-05,8.811238195749471e-05,8.027639601571046e-05,7.280937929210474e-05,8.357497442101902e-05,7.330455757392773e-05,8.288398881806103e-05,0.00010713226439984513
parallelogram,6.614603693932963e-05,5.1109640104129994e-05,0.0,1.770951859458858e-05,7.989867706870157e-05,6.890793593572475e-05,6.593572380919621e-05,7.078880799948895e-05,6.0544220584879405e-05,4.512883589080641e-05,6.825043413638543e-05
losange,8.22522270091941e-05,7.223486329588358e-05,1.770951859458858e-05,0.0,8.54302039485777e-05,7.746781273665349e-05,7.391801748590776e-05,7.677596507271733e-05,7.075817853197108e-05,4.614093513388706e-05,5.749692552814434e-05
isoTrapezoid,7.635545052464554e-05,8.811238195749471e-05,7.989867706870157e-05,8.54302039485777e-05,0.0,4.0933129698661475e-05,3.6020502809264165e-05,7.399868469337711e-05,7.011881747731596e-05,3.6560565158105796e-05,5.688431926709203e-05
kite,7.68432095620275e-05,8.027639601571046e-05,6.890793593572475e-05,7.746781273665349e-05,4.0933129698661475e-05,0.0,1.4691054126436676e-05,6.085497588503852e-05,5.448587913681191e-05,5.4545570393194076e-05,5.930157461819796e-05
rightKite,6.601909586700927e-05,7.280937929210474e-05,6.593572380919621e-05,7.391801748590776e-05,3.6020502809264165e-05,1.4691054126436676e-05,0.0,5.0810588454131e-05,4.635505923200611e-05,4.665837583883725e-05,5.461625582092733e-05
rustedHinge,9.079084212038069e-05,8.357497442101902e-05,7.078880799948895e-05,7.677596507271733e-05,7.399868469337711e-05,6.085497588503852e-05,5.0810588454131e-05,0.0,7.955850854779456e-06,7.20243647871488e-05,6.148674769757001e-05
hinge,8.418084915085e-05,7.330455757392773e-05,6.0544220584879405e-05,7.075817853197108e-05,7.011881747731596e-05,5.448587913681191e-05,4.635505923200611e-05,7.955850854779456e-06,1.1102230246251565e-16,6.434430678969871e-05,5.501554474496295e-05
trapezoid,8.093275570242309e-05,8.288398881806103e-05,4.512883589080641e-05,4.614093513388706e-05,3.6560565158105796e-05,5.4545570393194076e-05,4.665837583883725e-05,7.20243647871488e-05,6.434430678969871e-05,1.1102230246251565e-16,3.448000453520894e-05
random,0.00010625375668193993,0.00010713226439984513,6.825043413638543e-05,5.749692552814434e-05,5.688431926709203e-05,5.930157461819796e-05,5.461625582092733e-05,6.148674769757001e-05,5.501554474496295e-05,3.448000453520894e-05,0.0
