,square,rectangle,parallelogram,losange,isoTrapezoid,kite,rightKite,rustedHinge,hinge,trapezoid,random
square,0.0,2.186045540142345e-07,4.3505045310698875e-07,6.383562387579644e-07,1.5592271052078388e-07,1.2718194397631777e-07,9.310924564687184e-08,2.9718304894732483e-07,2.640954557264763e-07,2.0556789259718045e-07,4.0986276073073924e-07
rectangle,2.186045540142345e-07,0.0,1.7533595320085027e-07,4.246197048418665e-07,4.777205329098422e-07,3.033474271774139e-07,2.818547093497159e-07,2.264705861731997e-07,1.3986866698179057e-07,3.1873669958937256e-07,5.982648140223645e-07
parallelogram,4.3505045310698875e-07,1.7533595320085027e-07,0.0,1.4043354035209177e-07,5.948312086223595e-07,5.192183402114026e-07,4.2520634802034607e-07,3.1672126776793874e-07,2.21832055724569e-07,2.70437328531159e-07,4.912720177330243e-07
losange,6.383562387579644e-07,4.246197048418665e-07,1.4043354035209177e-07,0.0,6.831787526806465e-07,6.926382212224524e-07,5.915238081577456e-07,4.1876960166220556e-07,3.6794849089805126e-07,3.090981116615765e-07,3.704556422734484e-07
isoTrapezoid,1.5592271052078388e-07,4.777205329098422e-07,5.948312086223595e-07,6.831787526806465e-07,0.0,1.7272432872861287e-07,1.4383422342056917e-07,4.896153311673146e-07,4.824798323088686e-07,2.1043709630408358e-07,3.090249920401078e-07
kite,1.2718194397631777e-07,3.033474271774139e-07,5.192183402114026e-07,6.926382212224524e-07,1.7272432872861287e-07,1.1102230246251565e-16,8.575851118131084e-08,4.466694855098652e-07,4.2720859527722865e-07,3.525437128892861e-07,5.39184659587022e-07
rightKite,9.310924564687184e-08,2.818547093497159e-07,4.2520634802034607e-07,5.915238081577456e-07,1.4383422342056917e-07,8.575851118131084e-08,0.0,4.074893258376733e-07,3.791337204184231e-07,1.9273972962086106e-07,4.263219249844852e-07
rustedHinge,2.9718304894732483e-07,2.264705861731997e-07,3.1672126776793874e-07,4.1876960166220556e-07,4.896153311673146e-07,4.466694855098652e-07,4.074893258376733e-07,0.0,3.2395225724179966e-08,3.4869172438334317e-07,4.4755124628537146e-07
hinge,2.640954557264763e-07,1.3986866698179057e-07,2.21832055724569e-07,3.6794849089805126e-07,4.824798323088686e-07,4.2720859527722865e-07,3.791337204184231e-07,3.2395225724179966e-08,0.0,3.03805587686945e-07,4.4522661413193276e-07
trapezoid,2.0556789259718045e-07,3.1873669958937256e-07,2.70437328531159e-07,3.090981116615765e-07,2.1043709630408358e-07,3.525437128892861e-07,1.9273972962086106e-07,3.4869172438334317e-07,3.03805587686945e-07,0.0,1.417363689748541e-07
random,4.0986276073073924e-07,5.982648140223645e-07,4.912720177330243e-07,3.704556422734484e-07,3.090249920401078e-07,5.39184659587022e-07,4.263219249844852e-07,4.4755124628537146e-07,4.4522661413193276e-07,1.417363689748541e-07,1.1102230246251565e-16
