,square,rectangle,parallelogram,losange,isoTrapezoid,kite,rightKite,rustedHinge,hinge,trapezoid,random
square,1.1102230246251565e-16,4.251749334827082e-07,9.693555257372921e-07,1.459850659024653e-06,3.828315143783456e-07,3.549709766126341e-07,2.908281658831058e-07,7.352871175259068e-07,6.296651620107951e-07,5.074862752252329e-07,9.642148791622063e-07
rectangle,4.251749334827082e-07,1.1102230246251565e-16,4.535291023843868e-07,1.0346217932388768e-06,1.0123089152491715e-06,6.889531790621461e-07,6.559792793403574e-07,5.874509196868161e-07,3.803604828878093e-07,7.292598369623704e-07,1.332626066830045e-06
parallelogram,9.693555257372921e-07,4.535291023843868e-07,0.0,3.326799090652699e-07,1.2804669961008486e-06,1.1877082999323108e-06,9.719692622978116e-07,8.006255404202633e-07,5.751906129169981e-07,5.909567376560787e-07,1.072515649624961e-06
losange,1.459850659024653e-06,1.0346217932388768e-06,3.326799090652699e-07,0.0,1.5071081215234372e-06,1.578899320620053e-06,1.3446447798548533e-06,1.0545550214180466e-06,9.244368229799349e-07,6.936611565144801e-07,8.506050098722184e-07
isoTrapezoid,3.828315143783456e-07,1.0123089152491715e-06,1.2804669961008486e-06,1.5071081215234372e-06,0.0,4.051918944814048e-07,3.5351706151320883e-07,1.121832278516699e-06,1.0828528592687903e-06,4.7652885104554343e-07,7.063276168395305e-07
kite,3.549709766126341e-07,6.889531790621461e-07,1.1877082999323108e-06,1.578899320620053e-06,4.051918944814048e-07,0.0,2.0877035988853265e-07,1.0455925032459845e-06,9.843035602141725e-07,8.409020740840489e-07,1.2209591606637815e-06
rightKite,2.908281658831058e-07,6.559792793403574e-07,9.719692622978116e-07,1.3446447798548533e-06,3.5351706151320883e-07,2.0877035988853265e-07,0.0,9.757196973714244e-07,8.975724420379194e-07,4.6824314581250803e-07,9.549768842376238e-07
rustedHinge,7.352871175259068e-07,5.874509196868161e-07,8.006255404202633e-07,1.0545550214180466e-06,1.121832278516699e-06,1.0455925032459845e-06,9.757196973714244e-07,1.1102230246251565e-16,7.989411010544956e-08,8.667272561879713e-07,1.0263500723750596e-06
hinge,6.296651620107951e-07,3.803604828878093e-07,5.751906129169981e-07,9.244368229799349e-07,1.0828528592687903e-06,9.843035602141725e-07,8.975724420379194e-07,7.989411010544956e-08,1.1102230246251565e-16,7.454437057630159e-07,9.873850587149846e-07
trapezoid,5.074862752252329e-07,7.292598369623704e-07,5.909567376560787e-07,6.936611565144801e-07,4.7652885104554343e-07,8.409020740840489e-07,4.6824314581250803e-07,8.667272561879713e-07,7.454437057630159e-07,1.1102230246251565e-16,3.206851676429423e-07
random,9.642148791622063e-07,1.332626066830045e-06,1.072515649624961e-06,8.506050098722184e-07,7.063276168395305e-07,1.2209591606637815e-06,9.549768842376238e-07,1.0263500723750596e-06,9.873850587149846e-07,3.206851676429423e-07,0.0
