,square,rectangle,parallelogram,losange,isoTrapezoid,kite,rightKite,rustedHinge,hinge,trapezoid,random
square,0.0,1.3194575987363066e-07,2.2588581738425262e-07,3.1889340523783005e-07,7.920425537655262e-08,5.995783336487648e-08,3.9312002320102124e-08,1.5411200304793482e-07,1.4398130621096072e-07,9.90877647710775e-08,2.0746534412641182e-07
rectangle,1.3194575987363066e-07,1.1102230246251565e-16,7.410534086371712e-08,1.9016521468628866e-07,2.686638822524401e-07,1.6560076399052548e-07,1.5467644620681398e-07,1.0651282045248678e-07,6.621223469505111e-08,1.6410486303186644e-07,3.081925114001294e-07
parallelogram,2.2588581738425262e-07,7.410534086371712e-08,1.1102230246251565e-16,7.31922534802365e-08,3.19792395009344e-07,2.624392252403851e-07,2.2263792343046873e-07,1.4292098204915504e-07,9.839137538047993e-08,1.506302605980281e-07,2.6641737949084643e-07
losange,3.1889340523783005e-07,1.9016521468628866e-07,7.31922534802365e-08,0.0,3.5236366868751645e-07,3.438522740983885e-07,3.0109133974942637e-07,1.8227077391852475e-07,1.5867239200328953e-07,1.6325128504579567e-07,1.8708770543884867e-07
isoTrapezoid,7.920425537655262e-08,2.686638822524401e-07,3.19792395009344e-07,3.5236366868751645e-07,0.0,9.004616852159586e-08,7.28061867460994e-08,2.564249697023513e-07,2.6130030961191153e-07,1.106880631596141e-07,1.6457353080312487e-07
kite,5.995783336487648e-08,1.6560076399052548e-07,2.624392252403851e-07,3.438522740983885e-07,9.004616852159586e-08,0.0,4.078960869069448e-08,2.314845735096327e-07,2.2427705270722242e-07,1.725864372525976e-07,2.7312927886047333e-07
rightKite,3.9312002320102124e-08,1.5467644620681398e-07,2.2263792343046873e-07,3.0109133974942637e-07,7.28061867460994e-08,4.078960869069448e-08,0.0,2.0475482809256818e-07,1.945653727020158e-07,9.743626039337983e-08,2.234079810037315e-07
rustedHinge,1.5411200304793482e-07,1.0651282045248678e-07,1.4292098204915504e-07,1.8227077391852475e-07,2.564249697023513e-07,2.314845735096327e-07,2.0475482809256818e-07,0.0,1.4150941973767317e-08,1.6445532169395705e-07,2.209015848020357e-07
hinge,1.4398130621096072e-07,6.621223469505111e-08,9.839137538047993e-08,1.5867239200328953e-07,2.6130030961191153e-07,2.2427705270722242e-07,1.945653727020158e-07,1.4150941973767317e-08,0.0,1.4760337352370811e-07,2.2650347730746034e-07
trapezoid,9.90877647710775e-08,1.6410486303186644e-07,1.506302605980281e-07,1.6325128504579567e-07,1.106880631596141e-07,1.725864372525976e-07,9.743626039337983e-08,1.6445532169395705e-07,1.4760337352370811e-07,0.0,8.048025879059395e-08
random,2.0746534412641182e-07,3.081925114001294e-07,2.6641737949084643e-07,1.8708770543884867e-07,1.6457353080312487e-07,2.7312927886047333e-07,2.234079810037315e-07,2.209015848020357e-07,2.2650347730746034e-07,8.048025879059395e-08,0.0
