,square,rectangle,parallelogram,losange,isoTrapezoid,kite,rightKite,rustedHinge,hinge,trapezoid,random
square,0.0,1.2794400322535537e-06,3.6105168051969727e-06,5.354429112092163e-06,2.498335315737066e-06,2.873591153029764e-06,2.66452470465417e-06,3.7964874464169185e-06,3.2773191861457107e-06,3.0242301441996133e-06,5.146165996117169e-06
rectangle,1.2794400322535537e-06,0.0,2.1463636407093034e-06,4.2098606986007425e-06,4.240889423856586e-06,3.7455397696728454e-06,3.6301257030357803e-06,3.3610211729317996e-06,2.5355790670422707e-06,3.660166034036294e-06,6.0799024851343475e-06
parallelogram,3.6105168051969727e-06,2.1463636407093034e-06,0.0,1.300867839004738e-06,4.817381886401684e-06,5.039629819458824e-06,4.4035721926682925e-06,3.830803705695551e-06,3.004406947892946e-06,2.633143697416962e-06,4.726714357472517e-06
losange,5.354429112092163e-06,4.2098606986007425e-06,1.300867839004738e-06,0.0,5.50589585890382e-06,6.126870125355843e-06,5.4611874881205225e-06,4.6526297426963126e-06,4.135673610350388e-06,2.8627953676529927e-06,3.942535151790771e-06
isoTrapezoid,2.498335315737066e-06,4.240889423856586e-06,4.817381886401684e-06,5.50589585890382e-06,1.1102230246251565e-16,1.940852355164502e-06,1.6980606548644417e-06,4.53699587255052e-06,4.450183567428212e-06,1.824461759336593e-06,3.056012552793419e-06
kite,2.873591153029764e-06,3.7455397696728454e-06,5.039629819458824e-06,6.126870125355843e-06,1.940852355164502e-06,0.0,8.143824511419595e-07,4.164948618878839e-06,3.94298295425255e-06,3.4849269063830235e-06,4.469342383184305e-06
rightKite,2.66452470465417e-06,3.6301257030357803e-06,4.4035721926682925e-06,5.4611874881205225e-06,1.6980606548644417e-06,8.143824511419595e-07,0.0,3.854330125174776e-06,3.624961284254269e-06,2.261055634722453e-06,3.61518704183883e-06
rustedHinge,3.7964874464169185e-06,3.3610211729317996e-06,3.830803705695551e-06,4.6526297426963126e-06,4.53699587255052e-06,4.164948618878839e-06,3.854330125174776e-06,0.0,3.6307569983851096e-07,3.994815722996314e-06,3.968620523986388e-06
hinge,3.2773191861457107e-06,2.5355790670422707e-06,3.004406947892946e-06,4.135673610350388e-06,4.450183567428212e-06,3.94298295425255e-06,3.624961284254269e-06,3.6307569983851096e-07,0.0,3.588783747510149e-06,3.780806701270123e-06
trapezoid,3.0242301441996133e-06,3.660166034036294e-06,2.633143697416962e-06,2.8627953676529927e-06,1.824461759336593e-06,3.4849269063830235e-06,2.261055634722453e-06,3.994815722996314e-06,3.588783747510149e-06,0.0,1.686030489445045e-06
random,5.146165996117169e-06,6.0799024851343475e-06,4.726714357472517e-06,3.942535151790771e-06,3.056012552793419e-06,4.469342383184305e-06,3.61518704183883e-06,3.968620523986388e-06,3.780806701270123e-06,1.686030489445045e-06,0.0
