,square,rectangle,parallelogram,losange,isoTrapezoid,kite,rightKite,rustedHinge,hinge,trapezoid,random
square,1.1102230246251565e-16,1.644025572344887e-07,2.5438462702975784e-07,3.5522997410275536e-07,9.653436905399104e-08,6.811129737993582e-08,4.2657581911242914e-08,1.7810349550728688e-07,1.715900064258591e-07,1.1165513302824337e-07,2.394018938645104e-07
rectangle,1.644025572344887e-07,0.0,7.981984684324317e-08,2.081830092759418e-07,3.2938014260519566e-07,2.0053844185241587e-07,1.8646518229470388e-07,1.1655713416658386e-07,7.230133824975837e-08,1.9438181342312788e-07,3.5994415625850706e-07
parallelogram,2.5438462702975784e-07,7.981984684324317e-08,0.0,8.383058958116862e-08,3.6696211436204607e-07,2.8962575915336686e-07,2.493018240734557e-07,1.5095540328857737e-07,1.0418028872916096e-07,1.7897057769111768e-07,3.096300633664839e-07
losange,3.5522997410275536e-07,2.081830092759418e-07,8.383058958116862e-08,0.0,3.935912363806082e-07,3.7594941770802137e-07,3.3522531095453445e-07,1.9343355350809333e-07,1.692236847317119e-07,1.9079086999163053e-07,2.1219060652999389e-07
isoTrapezoid,9.653436905399104e-08,3.2938014260519566e-07,3.6696211436204607e-07,3.935912363806082e-07,0.0,1.0721170473626529e-07,8.778030868850095e-08,3.0010144203007627e-07,3.130093758629826e-07,1.2814695271590182e-07,1.9078402291317076e-07
kite,6.811129737993582e-08,2.0053844185241587e-07,2.8962575915336686e-07,3.7594941770802137e-07,1.0721170473626529e-07,0.0,4.6187945579312384e-08,2.647802513910946e-07,2.599195246810737e-07,1.8811178181810106e-07,3.01795413215622e-07
rightKite,4.2657581911242914e-08,1.8646518229470388e-07,2.493018240734557e-07,3.3522531095453445e-07,8.778030868850095e-08,4.6187945579312384e-08,1.1102230246251565e-16,2.298010803869488e-07,2.223334996109827e-07,1.0913738845985677e-07,2.551127471495107e-07
rustedHinge,1.7810349550728688e-07,1.1655713416658386e-07,1.5095540328857737e-07,1.9343355350809333e-07,3.0010144203007627e-07,2.647802513910946e-07,2.298010803869488e-07,0.0,1.58260035076907e-08,1.8350020924984278e-07,2.5509777157317615e-07
hinge,1.715900064258591e-07,7.230133824975837e-08,1.0418028872916096e-07,1.692236847317119e-07,3.130093758629826e-07,2.599195246810737e-07,2.223334996109827e-07,1.58260035076907e-08,1.1102230246251565e-16,1.6896525278919938e-07,2.658469100413896e-07
trapezoid,1.1165513302824337e-07,1.9438181342312788e-07,1.7897057769111768e-07,1.9079086999163053e-07,1.2814695271590182e-07,1.8811178181810106e-07,1.0913738845985677e-07,1.8350020924984278e-07,1.6896525278919938e-07,0.0,1.0021270224758183e-07
random,2.394018938645104e-07,3.5994415625850706e-07,3.096300633664839e-07,2.1219060652999389e-07,1.9078402291317076e-07,3.01795413215622e-07,2.551127471495107e-07,2.5509777157317615e-07,2.658469100413896e-07,1.0021270224758183e-07,1.1102230246251565e-16
