,square,rectangle,parallelogram,losange,isoTrapezoid,kite,rightKite,rustedHinge,hinge,trapezoid,random
square,2.220446049250313e-16,0.045062682768230444,0.07269285908699175,0.10116013522768752,0.025749336721714866,0.01787669918598367,0.011289929578226388,0.04840297446396591,0.047120465203827955,0.029729119142270166,0.06627430774782617
rectangle,0.045062682768230444,0.0,0.021661200221399057,0.057946146054972614,0.0881017549961054,0.05448154267537675,0.0507629011903189,0.03228377034685215,0.02005647208401784,0.05325709303503201,0.10105315163271322
parallelogram,0.07269285908699175,0.021661200221399057,0.0,0.023217777348629065,0.10420304515802681,0.08248706827882679,0.07166514197843232,0.04254728225210791,0.02897204403632936,0.05250514656864347,0.09019236102003036
losange,0.10116013522768752,0.057946146054972614,0.023217777348629065,0.0,0.11262522324480628,0.10865317975394972,0.09612293383843451,0.055240949915511206,0.04741054998205518,0.05532030367803076,0.062222238952532316
isoTrapezoid,0.025749336721714866,0.0881017549961054,0.10420304515802681,0.11262522324480628,0.0,0.028395672824116924,0.023037128329126966,0.08066714600000102,0.08455363090540524,0.034009919597871696,0.05130510890102036
kite,0.01787669918598367,0.05448154267537675,0.08248706827882679,0.10865317975394972,0.028395672824116924,0.0,0.012156338679493395,0.07313265328746377,0.07181605167676708,0.051032095781284315,0.08497223775343488
rightKite,0.011289929578226388,0.0507629011903189,0.07166514197843232,0.09612293383843451,0.023037128329126966,0.012156338679493395,0.0,0.06319949931903435,0.06139323780068784,0.02916265471198587,0.07013440922504666
rustedHinge,0.04840297446396591,0.03228377034685215,0.04254728225210791,0.055240949915511206,0.08066714600000102,0.07313265328746377,0.06319949931903435,0.0,0.004540658461398728,0.04998620040775492,0.07198015509467537
hinge,0.047120465203827955,0.02005647208401784,0.02897204403632936,0.04741054998205518,0.08455363090540524,0.07181605167676708,0.06139323780068784,0.004540658461398728,0.0,0.04612323261626328,0.07481965846820371
trapezoid,0.029729119142270166,0.05325709303503201,0.05250514656864347,0.05532030367803076,0.034009919597871696,0.051032095781284315,0.02916265471198587,0.04998620040775492,0.04612323261626328,0.0,0.027266020837715343
random,0.06627430774782617,0.10105315163271322,0.09019236102003036,0.062222238952532316,0.05130510890102036,0.08497223775343488,0.07013440922504666,0.07198015509467537,0.07481965846820371,0.027266020837715343,0.0
