,square,rectangle,parallelogram,losange,isoTrapezoid,kite,rightKite,rustedHinge,hinge,trapezoid,random
square,0.0,1.2643165037129478e-07,2.0142812251489062e-07,2.8340754776312593e-07,7.443450456001699e-08,5.379884715495109e-08,3.421924799074105e-08,1.4058550390494418e-07,1.3374522889186835e-07,8.929297556914406e-08,1.902151971489019e-07
rectangle,1.2643165037129478e-07,0.0,6.30422417602361e-08,1.6536115432508325e-07,2.513298703599176e-07,1.5591548818694179e-07,1.4480902710278798e-07,9.35466215601366e-08,5.80831089891376e-08,1.522147979882149e-07,2.8253431716418476e-07
parallelogram,2.0142812251489062e-07,6.30422417602361e-08,1.1102230246251565e-16,6.723011569675919e-08,2.8786562111804415e-07,2.3183126018899713e-07,1.9864261735502708e-07,1.2225928325282354e-07,8.355844072216456e-08,1.410188705808224e-07,2.459810501953541e-07
losange,2.8340754776312593e-07,1.6536115432508325e-07,6.723011569675919e-08,0.0,3.1185736415473286e-07,3.030275431692431e-07,2.68819146609367e-07,1.5530720187673097e-07,1.3517181929323385e-07,1.5122248853138842e-07,1.6887604159521175e-07
isoTrapezoid,7.443450456001699e-08,2.513298703599176e-07,2.8786562111804415e-07,3.1185736415473286e-07,0.0,8.302719589625696e-08,6.82089457137991e-08,2.3404527238479744e-07,2.414994938471082e-07,1.0046681042652494e-07,1.5103924189130424e-07
kite,5.379884715495109e-08,1.5591548818694179e-07,2.3183126018899713e-07,3.030275431692431e-07,8.302719589625696e-08,1.1102230246251565e-16,3.6637871514422216e-08,2.101604426041348e-07,2.049344653975993e-07,1.525360584508917e-07,2.4305429735527184e-07
rightKite,3.421924799074105e-08,1.4480902710278798e-07,1.9864261735502708e-07,2.68819146609367e-07,6.82089457137991e-08,3.6637871514422216e-08,1.1102230246251565e-16,1.832234286514023e-07,1.756415175524495e-07,8.860311673242194e-08,2.0479675899576222e-07
rustedHinge,1.4058550390494418e-07,9.35466215601366e-08,1.2225928325282354e-07,1.5530720187673097e-07,2.3404527238479744e-07,2.101604426041348e-07,1.832234286514023e-07,0.0,1.244512426445965e-08,1.466936759841886e-07,2.0091721131265672e-07
hinge,1.3374522889186835e-07,5.80831089891376e-08,8.355844072216456e-08,1.3517181929323385e-07,2.414994938471082e-07,2.049344653975993e-07,1.756415175524495e-07,1.244512426445965e-08,1.1102230246251565e-16,1.3325184144985514e-07,2.0815160828302481e-07
trapezoid,8.929297556914406e-08,1.522147979882149e-07,1.410188705808224e-07,1.5122248853138842e-07,1.0046681042652494e-07,1.525360584508917e-07,8.860311673242194e-08,1.466936759841886e-07,1.3325184144985514e-07,0.0,7.976495963735175e-08
random,1.902151971489019e-07,2.8253431716418476e-07,2.459810501953541e-07,1.6887604159521175e-07,1.5103924189130424e-07,2.4305429735527184e-07,2.0479675899576222e-07,2.0091721131265672e-07,2.0815160828302481e-07,7.976495963735175e-08,0.0
