,square,rectangle,parallelogram,losange,isoTrapezoid,kite,rightKite,rustedHinge,hinge,trapezoid,random
square,1.1102230246251565e-16,1.8942141206679253e-06,5.7567445433948095e-06,8.295336550334653e-06,3.970284061849405e-06,4.953367297444444e-06,4.420103000390974e-06,6.184193855340858e-06,5.46572659965161e-06,5.018391248556853e-06,8.10379993232413e-06
rectangle,1.8942141206679253e-06,1.1102230246251565e-16,3.6927468036740407e-06,6.759151601976043e-06,6.56751641481268e-06,6.297163027468855e-06,5.879291759103289e-06,5.613894700551292e-06,4.453226094991436e-06,6.049041933464672e-06,9.536540127697002e-06
parallelogram,5.7567445433948095e-06,3.6927468036740407e-06,1.1102230246251565e-16,2.1191317618463046e-06,7.479667854748406e-06,8.076083006791634e-06,7.0754453413979235e-06,6.343003630115973e-06,5.182268230652376e-06,4.345416279027958e-06,7.528586050131736e-06
losange,8.295336550334653e-06,6.759151601976043e-06,2.1191317618463046e-06,1.1102230246251565e-16,8.48311688461667e-06,9.534103984631948e-06,8.555767017748295e-06,7.515965471882602e-06,6.806289387206732e-06,4.701510301519107e-06,6.268776853501912e-06
isoTrapezoid,3.970284061849405e-06,6.56751641481268e-06,7.479667854748406e-06,8.48311688461667e-06,0.0,3.187259051795621e-06,2.769345093467379e-06,6.908803750982351e-06,6.828594285024359e-06,2.9569765535031323e-06,4.923258832278954e-06
kite,4.953367297444444e-06,6.297163027468855e-06,8.076083006791634e-06,9.534103984631948e-06,3.187259051795621e-06,0.0,1.3001998603323628e-06,6.301387106111278e-06,5.994585438928723e-06,5.572982950896588e-06,6.7959058135391714e-06
rightKite,4.420103000390974e-06,5.879291759103289e-06,7.0754453413979235e-06,8.555767017748295e-06,2.769345093467379e-06,1.3001998603323628e-06,0.0,5.732945860703609e-06,5.404353831561792e-06,3.7206514186260975e-06,5.559406174415749e-06
rustedHinge,6.184193855340858e-06,5.613894700551292e-06,6.343003630115973e-06,7.515965471882602e-06,6.908803750982351e-06,6.301387106111278e-06,5.732945860703609e-06,0.0,5.583444637746737e-07,6.2639298346045535e-06,5.96337117297896e-06
hinge,5.46572659965161e-06,4.453226094991436e-06,5.182268230652376e-06,6.806289387206732e-06,6.828594285024359e-06,5.994585438928723e-06,5.404353831561792e-06,5.583444637746737e-07,1.1102230246251565e-16,5.710849896201076e-06,5.674064473271123e-06
trapezoid,5.018391248556853e-06,6.049041933464672e-06,4.345416279027958e-06,4.701510301519107e-06,2.9569765535031323e-06,5.572982950896588e-06,3.7206514186260975e-06,6.2639298346045535e-06,5.710849896201076e-06,1.1102230246251565e-16,2.8846901527490587e-06
random,8.10379993232413e-06,9.536540127697002e-06,7.528586050131736e-06,6.268776853501912e-06,4.923258832278954e-06,6.7959058135391714e-06,5.559406174415749e-06,5.96337117297896e-06,5.674064473271123e-06,2.8846901527490587e-06,0.0
