,square,rectangle,parallelogram,losange,isoTrapezoid,kite,rightKite,rustedHinge,hinge,trapezoid,random
square,1.1102230246251565e-16,1.4157488803512308e-07,2.4883751159610057e-07,3.517858258028639e-07,8.713033783358526e-08,6.758105564053096e-08,4.497901417988004e-08,1.699098409746469e-07,1.5747600612403545e-07,1.0909559566840699e-07,2.284566261723242e-07
rectangle,1.4157488803512308e-07,0.0,8.562033593229046e-08,2.1353530221812633e-07,2.907188231260349e-07,1.8160790804522264e-07,1.685492105885089e-07,1.1910467978548667e-07,7.36819297797453e-08,1.8036536386656365e-07,3.391867842150731e-07
parallelogram,2.4883751159610057e-07,8.562033593229046e-08,1.1102230246251565e-16,8.052186828422236e-08,3.5141152421314104e-07,2.9337425344611034e-07,2.4688710964504423e-07,1.6284335568883535e-07,1.122756918547907e-07,1.651092990107017e-07,2.921863643257083e-07
losange,3.517858258028639e-07,2.1353530221812633e-07,8.052186828422236e-08,0.0,3.891078342865839e-07,3.829264856314296e-07,3.340183093447635e-07,2.0730023631010397e-07,1.802326580202518e-07,1.8005332114157113e-07,2.0846156034703966e-07
isoTrapezoid,8.713033783358526e-08,2.907188231260349e-07,3.5141152421314104e-07,3.891078342865839e-07,0.0,9.856824534359987e-08,8.117607597224463e-08,2.83090314634471e-07,2.8660567852334395e-07,1.224921987175165e-07,1.8085527198064e-07
kite,6.758105564053096e-08,1.8160790804522264e-07,2.9337425344611034e-07,3.829264856314296e-07,9.856824534359987e-08,1.1102230246251565e-16,4.634663264280192e-08,2.565259914488749e-07,2.4847851665121823e-07,1.9308503118597997e-07,3.0363664282884173e-07
rightKite,4.497901417988004e-08,1.685492105885089e-07,2.4688710964504423e-07,3.340183093447635e-07,8.117607597224463e-08,4.634663264280192e-08,0.0,2.2786968001398122e-07,2.1583026765803481e-07,1.0837509933914191e-07,2.471598308240175e-07
rustedHinge,1.699098409746469e-07,1.1910467978548667e-07,1.6284335568883535e-07,2.0730023631010397e-07,2.83090314634471e-07,2.565259914488749e-07,2.2786968001398122e-07,0.0,1.6365411803498375e-08,1.847827677536884e-07,2.467817351581303e-07
hinge,1.5747600612403545e-07,7.36819297797453e-08,1.122756918547907e-07,1.802326580202518e-07,2.8660567852334395e-07,2.4847851665121823e-07,2.1583026765803481e-07,1.6365411803498375e-08,0.0,1.6448950934666584e-07,2.5128786751427157e-07
trapezoid,1.0909559566840699e-07,1.8036536386656365e-07,1.651092990107017e-07,1.8005332114157113e-07,1.224921987175165e-07,1.9308503118597997e-07,1.0837509933914191e-07,1.847827677536884e-07,1.6448950934666584e-07,0.0,8.758147074239275e-08
random,2.284566261723242e-07,3.391867842150731e-07,2.921863643257083e-07,2.0846156034703966e-07,1.8085527198064e-07,3.0363664282884173e-07,2.471598308240175e-07,2.467817351581303e-07,2.5128786751427157e-07,8.758147074239275e-08,0.0
