,square,rectangle,parallelogram,losange,isoTrapezoid,kite,rightKite,rustedHinge,hinge,trapezoid,random
square,1.1102230246251565e-16,1.2657831127693697e-07,2.0047346427354285e-07,2.825069398415536e-07,7.435732818361629e-08,5.3452353099281424e-08,3.4505579726840097e-08,1.4055306363225384e-07,1.3389408015651583e-07,8.892244807157113e-08,1.8902666787390388e-07
rectangle,1.2657831127693697e-07,1.1102230246251565e-16,6.455463097410075e-08,1.6674894909307625e-07,2.5169584927375865e-07,1.5598735048083512e-07,1.4542307813503186e-07,9.32068393577623e-08,5.8010852121981316e-08,1.5268107134147613e-07,2.812843634680817e-07
parallelogram,2.0047346427354285e-07,6.455463097410075e-08,0.0,6.837432042772207e-08,2.867871372602693e-07,2.31075459877772e-07,1.977164612032567e-07,1.232087699643003e-07,8.480087598794483e-08,1.4143782267606042e-07,2.4508371321285694e-07
losange,2.825069398415536e-07,1.6674894909307625e-07,6.837432042772207e-08,0.0,3.112752373635175e-07,3.024314130239958e-07,2.684238091799074e-07,1.564210255766696e-07,1.3649956087657955e-07,1.5190830016109658e-07,1.6947326442195987e-07
isoTrapezoid,7.435732818361629e-08,2.5169584927375865e-07,2.867871372602693e-07,3.112752373635175e-07,0.0,8.339123491740708e-08,6.883585668138181e-08,2.348678632690948e-07,2.4211888460801134e-07,1.0055806987097071e-07,1.5100538253154383e-07
kite,5.3452353099281424e-08,1.5598735048083512e-07,2.31075459877772e-07,3.024314130239958e-07,8.339123491740708e-08,0.0,3.66926534711709e-08,2.0983080273317967e-07,2.0486129492791605e-07,1.5150441035061135e-07,2.417542042110199e-07
rightKite,3.4505579726840097e-08,1.4542307813503186e-07,1.977164612032567e-07,2.684238091799074e-07,6.883585668138181e-08,3.66926534711709e-08,1.1102230246251565e-16,1.8350050512427885e-07,1.7608443259042872e-07,8.827158992641415e-08,2.0390551658255873e-07
rustedHinge,1.4055306363225384e-07,9.32068393577623e-08,1.232087699643003e-07,1.564210255766696e-07,2.348678632690948e-07,2.0983080273317967e-07,1.8350050512427885e-07,0.0,1.2474413946250706e-08,1.4784760460351265e-07,2.0209810325244604e-07
hinge,1.3389408015651583e-07,5.8010852121981316e-08,8.480087598794483e-08,1.3649956087657955e-07,2.4211888460801134e-07,2.0486129492791605e-07,1.7608443259042872e-07,1.2474413946250706e-08,0.0,1.344446021178669e-07,2.0881312612353042e-07
trapezoid,8.892244807157113e-08,1.5268107134147613e-07,1.4143782267606042e-07,1.5190830016109658e-07,1.0055806987097071e-07,1.5150441035061135e-07,8.827158992641415e-08,1.4784760460351265e-07,1.344446021178669e-07,0.0,7.962779058345859e-08
random,1.8902666787390388e-07,2.812843634680817e-07,2.4508371321285694e-07,1.6947326442195987e-07,1.5100538253154383e-07,2.417542042110199e-07,2.0390551658255873e-07,2.0209810325244604e-07,2.0881312612353042e-07,7.962779058345859e-08,0.0
