,square,rectangle,parallelogram,losange,isoTrapezoid,kite,rightKite,rustedHinge,hinge,trapezoid,random
square,1.1102230246251565e-16,5.7099478591227104e-05,0.00015532317373012638,0.00018582977814463053,0.00017615876806964526,0.0001719232575823071,0.00014538820444609524,0.00019783566784492557,0.0001831476763303197,0.00018611318470862503,0.0002348761263742949
rectangle,5.7099478591227104e-05,0.0,0.00012807953259563742,0.00016948887123446887,0.00020497873154690094,0.00018838554302791355,0.00016879567968719478,0.00019244977798782426,0.0001698971542455352,0.0001923061118460634,0.000244308967545237
parallelogram,0.00015532317373012638,0.00012807953259563742,0.0,4.031236428569951e-05,0.000184099597843157,0.00016220634523100852,0.0001534458358428692,0.00016008344719786738,0.00013356475052217487,0.00011020428990471398,0.0001620656122018893
losange,0.00018582977814463053,0.00016948887123446887,4.031236428569951e-05,0.0,0.0001993642928177497,0.0001820538862422616,0.00017258234283101803,0.0001735618314948617,0.00015494403812355007,0.00011297606729587795,0.00014228633094270915
isoTrapezoid,0.00017615876806964526,0.00020497873154690094,0.000184099597843157,0.0001993642928177497,0.0,9.343717335696944e-05,8.499942134621019e-05,0.00016431050739318387,0.00014967457906678305,9.310253809069469e-05,0.00013104759730209192
kite,0.0001719232575823071,0.00018838554302791355,0.00016220634523100852,0.0001820538862422616,9.343717335696944e-05,1.1102230246251565e-16,3.685536224806718e-05,0.0001401328629412335,0.00011968530759254303,0.0001270972241096402,0.00013782357492686526
rightKite,0.00014538820444609524,0.00016879567968719478,0.0001534458358428692,0.00017258234283101803,8.499942134621019e-05,3.685536224806718e-05,0.0,0.0001164820004881939,0.00010245382113105439,0.00011325994047139964,0.00012843131415152254
rustedHinge,0.00019783566784492557,0.00019244977798782426,0.00016008344719786738,0.0001735618314948617,0.00016431050739318387,0.0001401328629412335,0.0001164820004881939,0.0,2.5273721616425604e-05,0.000163734948381844,0.00014120189845634457
hinge,0.0001831476763303197,0.0001698971542455352,0.00013356475052217487,0.00015494403812355007,0.00014967457906678305,0.00011968530759254303,0.00010245382113105439,2.5273721616425604e-05,0.0,0.00014113417504513226,0.00012164677905035504
trapezoid,0.00018611318470862503,0.0001923061118460634,0.00011020428990471398,0.00011297606729587795,9.310253809069469e-05,0.0001270972241096402,0.00011325994047139964,0.000163734948381844,0.00014113417504513226,0.0,8.368454944884807e-05
random,0.0002348761263742949,0.000244308967545237,0.0001620656122018893,0.00014228633094270915,0.00013104759730209192,0.00013782357492686526,0.00012843131415152254,0.00014120189845634457,0.00012164677905035504,8.368454944884807e-05,1.1102230246251565e-16
