,square,rectangle,parallelogram,losange,isoTrapezoid,kite,rightKite,rustedHinge,hinge,trapezoid,random
square,1.1102230246251565e-16,3.336089644534468e-07,7.060658152591159e-07,1.0612839945745023e-06,2.5150658622408173e-07,2.182998112276735e-07,1.664226905173649e-07,4.984286817721895e-07,4.3499523749712665e-07,3.4029456874584696e-07,6.659242521855901e-07
rectangle,3.336089644534468e-07,0.0,2.926885270815305e-07,7.112605782122472e-07,7.506597997641862e-07,4.85879471101569e-07,4.571649110385323e-07,3.865701256877685e-07,2.402466370288181e-07,5.111887482200927e-07,9.55461865626006e-07
parallelogram,7.060658152591159e-07,2.926885270815305e-07,0.0,2.386556129385653e-07,9.70828706314819e-07,8.600206181652581e-07,7.035495015461635e-07,5.443712099983955e-07,3.760726451362828e-07,4.3528785598212494e-07,7.87596830198467e-07
losange,1.0612839945745023e-06,7.112605782122472e-07,2.386556129385653e-07,1.1102230246251565e-16,1.143817051296736e-06,1.1584307996193033e-06,9.869602141110434e-07,7.265445453041863e-07,6.277040712765469e-07,5.11764018606975e-07,6.113701204180089e-07
isoTrapezoid,2.5150658622408173e-07,7.506597997641862e-07,9.70828706314819e-07,1.143817051296736e-06,0.0,2.823228620885132e-07,2.4155997246921856e-07,8.141748000234372e-07,7.88150900876694e-07,3.470187334153607e-07,5.101860270917413e-07
kite,2.182998112276735e-07,4.85879471101569e-07,8.600206181652581e-07,1.1584307996193033e-06,2.823228620885132e-07,1.1102230246251565e-16,1.4326904773653837e-07,7.483547614928199e-07,7.091967554329059e-07,5.866232526408055e-07,8.835730953560272e-07
rightKite,1.664226905173649e-07,4.571649110385323e-07,7.035495015461635e-07,9.869602141110434e-07,2.4155997246921856e-07,1.4326904773653837e-07,0.0,6.896316810944825e-07,6.366785249012352e-07,3.217456241433325e-07,6.969931415357067e-07
rustedHinge,4.984286817721895e-07,3.865701256877685e-07,5.443712099983955e-07,7.265445453041863e-07,8.141748000234372e-07,7.483547614928199e-07,6.896316810944825e-07,0.0,5.371670686038499e-08,5.980490963564122e-07,7.403277926254503e-07
hinge,4.3499523749712665e-07,2.402466370288181e-07,3.760726451362828e-07,6.277040712765469e-07,7.88150900876694e-07,7.091967554329059e-07,6.366785249012352e-07,5.371670686038499e-08,1.1102230246251565e-16,5.105471683197749e-07,7.197134076486478e-07
trapezoid,3.4029456874584696e-07,5.111887482200927e-07,4.3528785598212494e-07,5.11764018606975e-07,3.470187334153607e-07,5.866232526408055e-07,3.217456241433325e-07,5.980490963564122e-07,5.105471683197749e-07,0.0,2.271319006208472e-07
random,6.659242521855901e-07,9.55461865626006e-07,7.87596830198467e-07,6.113701204180089e-07,5.101860270917413e-07,8.835730953560272e-07,6.969931415357067e-07,7.403277926254503e-07,7.197134076486478e-07,2.271319006208472e-07,0.0
