,square,rectangle,parallelogram,losange,isoTrapezoid,kite,rightKite,rustedHinge,hinge,trapezoid,random
square,0.0,0.01140779611659426,0.02064589848905929,0.030643691323325672,0.007301493685453964,0.006026612790028252,0.003677041938841663,0.013631139056384467,0.012694731659880776,0.009526479660729725,0.019845617888984757
rectangle,0.01140779611659426,0.0,0.00723967342892029,0.017952934760170458,0.022410729727769696,0.014888414090953428,0.013373172115061505,0.009646913092283826,0.006101268135232707,0.014764065332683374,0.026571563478238525
parallelogram,0.02064589848905929,0.00723967342892029,0.0,0.006726549153294958,0.02704587064915509,0.02381159364587415,0.0201630662922615,0.012421103029705227,0.008544836930184485,0.013046795870393035,0.02154981166684633
losange,0.030643691323325672,0.017952934760170458,0.006726549153294958,0.0,0.0314080551065371,0.03135820954996782,0.028390258441125638,0.016239876002166476,0.01431705207900591,0.01618015219996205,0.015669773312524837
isoTrapezoid,0.007301493685453964,0.022410729727769696,0.02704587064915509,0.0314080551065371,0.0,0.008235026139284507,0.006520688088963333,0.021464359783239018,0.021849177247747487,0.010177482804258675,0.01573710259503569
kite,0.006026612790028252,0.014888414090953428,0.02381159364587415,0.03135820954996782,0.008235026139284507,0.0,0.0038961849653974534,0.019940303105681956,0.019643250108999255,0.0167670506156955,0.02522850930415188
rightKite,0.003677041938841663,0.013373172115061505,0.0201630662922615,0.028390258441125638,0.006520688088963333,0.0038961849653974534,1.1102230246251565e-16,0.017556709659041436,0.016662863237221548,0.00965639850377964,0.021235318631608102
rustedHinge,0.013631139056384467,0.009646913092283826,0.012421103029705227,0.016239876002166476,0.021464359783239018,0.019940303105681956,0.017556709659041436,1.1102230246251565e-16,0.0012217823437619124,0.01430619430237734,0.017956718114458203
hinge,0.012694731659880776,0.006101268135232707,0.008544836930184485,0.01431705207900591,0.021849177247747487,0.019643250108999255,0.016662863237221548,0.0012217823437619124,0.0,0.012781310266262058,0.018577119830945454
trapezoid,0.009526479660729725,0.014764065332683374,0.013046795870393035,0.01618015219996205,0.010177482804258675,0.0167670506156955,0.00965639850377964,0.01430619430237734,0.012781310266262058,0.0,0.0072426711514075315
random,0.019845617888984757,0.026571563478238525,0.02154981166684633,0.015669773312524837,0.01573710259503569,0.02522850930415188,0.021235318631608102,0.017956718114458203,0.018577119830945454,0.0072426711514075315,1.1102230246251565e-16
