,square,rectangle,parallelogram,losange,isoTrapezoid,kite,rightKite,rustedHinge,hinge,trapezoid,random
square,0.0,0.044641098329678,0.17205251264490828,0.2610791831265734,0.24863997885466937,0.18614599174618907,0.19058579827773192,0.28090219703449537,0.2495212939229352,0.18806425001274696,0.3086309009867927
rectangle,0.044641098329678,0.0,0.13740074581083717,0.25278210131172074,0.29974592317705484,0.22016465419493225,0.22314075509494324,0.28039954293189007,0.23712836956558836,0.21750614746064423,0.34374468676907266
parallelogram,0.17205251264490828,0.13740074581083717,0.0,0.06787847677429482,0.2193793820147567,0.1728201294066678,0.1634497320927566,0.18245337903208148,0.14181761797028536,0.10159551348791107,0.20956259986270998
losange,0.2610791831265734,0.25278210131172074,0.06787847677429482,0.0,0.20919510383165596,0.20277231237809468,0.1869682297950953,0.17982323407129952,0.16265246574359737,0.100523025218759,0.14907229792735144
isoTrapezoid,0.24863997885466937,0.29974592317705484,0.2193793820147567,0.20919510383165596,0.0,0.09891433430110008,0.07414263395128207,0.15454847150933138,0.15274717392171688,0.09224515405325595,0.10034443858814213
kite,0.18614599174618907,0.22016465419493225,0.1728201294066678,0.20277231237809468,0.09891433430110008,0.0,0.027425632462169225,0.1923294774907166,0.17874693081817472,0.14933874055480334,0.20681276016582795
rightKite,0.19058579827773192,0.22314075509494324,0.1634497320927566,0.1869682297950953,0.07414263395128207,0.027425632462169225,2.220446049250313e-16,0.16670876190370254,0.15588791519654144,0.11351330317280428,0.18082669661669093
rustedHinge,0.28090219703449537,0.28039954293189007,0.18245337903208148,0.17982323407129952,0.15454847150933138,0.1923294774907166,0.16670876190370254,0.0,0.014686044722089231,0.15442826449179559,0.1451840031220295
hinge,0.2495212939229352,0.23712836956558836,0.14181761797028536,0.16265246574359737,0.15274717392171688,0.17874693081817472,0.15588791519654144,0.014686044722089231,2.220446049250313e-16,0.1331573557501461,0.1400616133002427
trapezoid,0.18806425001274696,0.21750614746064423,0.10159551348791107,0.100523025218759,0.09224515405325595,0.14933874055480334,0.11351330317280428,0.15442826449179559,0.1331573557501461,0.0,0.07249100399562414
random,0.3086309009867927,0.34374468676907266,0.20956259986270998,0.14907229792735144,0.10034443858814213,0.20681276016582795,0.18082669661669093,0.1451840031220295,0.1400616133002427,0.07249100399562414,0.0
