,square,rectangle,parallelogram,losange,isoTrapezoid,kite,rightKite,rustedHinge,hinge,trapezoid,random
square,1.1102230246251565e-16,0.004867564698631255,0.00695033762586772,0.01032035602719017,0.002862475015866006,0.0020531852967401454,0.0013306427815327204,0.0050765064816338246,0.004902026474958854,0.0032362648168100527,0.006363731661536365
rectangle,0.004867564698631255,0.0,0.0028001103946794226,0.0058572546779464,0.0077115968011178815,0.00552941136016738,0.005339569787289222,0.003073923038666604,0.0019918827336086187,0.0055312301791858864,0.008158818758210784
parallelogram,0.00695033762586772,0.0028001103946794226,0.0,0.0030755521605357883,0.008676612177697551,0.007815983943485927,0.006818433640112143,0.004560499637705329,0.0033958972612994076,0.005784559590498728,0.008017074587007844
losange,0.01032035602719017,0.0058572546779464,0.0030755521605357883,0.0,0.010217784893175264,0.010599452272922694,0.010134910628468385,0.005589529713443175,0.005025068648937703,0.0073288301982328274,0.007078116878132312
isoTrapezoid,0.002862475015866006,0.0077115968011178815,0.008676612177697551,0.010217784893175264,0.0,0.003164340736146354,0.0028121837627804736,0.007264771282711635,0.007432836611917182,0.0037022600172689213,0.00554729424644429
kite,0.0020531852967401454,0.00552941136016738,0.007815983943485927,0.010599452272922694,0.003164340736146354,0.0,0.0014831262761562103,0.006838833902737873,0.006716112741361524,0.00503784961508591,0.007444904186528989
rightKite,0.0013306427815327204,0.005339569787289222,0.006818433640112143,0.010134910628468385,0.0028121837627804736,0.0014831262761562103,0.0,0.006010790733568583,0.005851788718916451,0.00334382874795236,0.006878032411891222
rustedHinge,0.0050765064816338246,0.003073923038666604,0.004560499637705329,0.005589529713443175,0.007264771282711635,0.006838833902737873,0.006010790733568583,0.0,0.0005261798809013118,0.005404206046097149,0.006325730903014026
hinge,0.004902026474958854,0.0019918827336086187,0.0033958972612994076,0.005025068648937703,0.007432836611917182,0.006716112741361524,0.005851788718916451,0.0005261798809013118,0.0,0.005062744338067526,0.00658335905406493
trapezoid,0.0032362648168100527,0.0055312301791858864,0.005784559590498728,0.0073288301982328274,0.0037022600172689213,0.00503784961508591,0.00334382874795236,0.005404206046097149,0.005062744338067526,0.0,0.0038800194251581432
random,0.006363731661536365,0.008158818758210784,0.008017074587007844,0.007078116878132312,0.00554729424644429,0.007444904186528989,0.006878032411891222,0.006325730903014026,0.00658335905406493,0.0038800194251581432,0.0
