,square,rectangle,parallelogram,losange,isoTrapezoid,kite,rightKite,rustedHinge,hinge,trapezoid,random
square,2.220446049250313e-16,0.0018068655659733146,0.002621698663264671,0.0038223893042809154,0.0011282498923542716,0.0007951176211385969,0.000494670419456833,0.0019706971601030077,0.001873727998220165,0.0012926638068012641,0.0026417232200776075
rectangle,0.0018068655659733146,2.220446049250313e-16,0.0009181508080822187,0.002397626391713925,0.003896748312699483,0.002235847925829648,0.0020511439557853173,0.0012371949332624643,0.0007714945887127289,0.002163424132779479,0.003951577385018945
parallelogram,0.002621698663264671,0.0009181508080822187,0.0,0.0009810641636652795,0.003924987217872156,0.0029819097070002965,0.0025247548511075912,0.0016125955588920382,0.0011434173637429046,0.0017384646435897322,0.003217551659104423
losange,0.0038223893042809154,0.002397626391713925,0.0009810641636652795,0.0,0.004250784696977039,0.003890281854238453,0.003521730666963152,0.002130326050685083,0.00191428268839966,0.0019771157157336683,0.002246717854212932
isoTrapezoid,0.0011282498923542716,0.003896748312699483,0.003924987217872156,0.004250784696977039,0.0,0.0012696032752052,0.001039984005269723,0.0034803810960608583,0.0036036059614408256,0.0015018005161477888,0.0022500102080130757
kite,0.0007951176211385969,0.002235847925829648,0.0029819097070002965,0.003890281854238453,0.0012696032752052,0.0,0.000527435238168672,0.0028183279888593926,0.0027645003113841993,0.0020673902050174497,0.0031921073997963623
rightKite,0.000494670419456833,0.0020511439557853173,0.0025247548511075912,0.003521730666963152,0.001039984005269723,0.000527435238168672,0.0,0.0024505454917281844,0.002359576883684933,0.001231376220211966,0.0028463690250718487
rustedHinge,0.0019706971601030077,0.0012371949332624643,0.0016125955588920382,0.002130326050685083,0.0034803810960608583,0.0028183279888593926,0.0024505454917281844,0.0,0.00016522867380863726,0.002038525059052665,0.0027859242322110234
hinge,0.001873727998220165,0.0007714945887127289,0.0011434173637429046,0.00191428268839966,0.0036036059614408256,0.0027645003113841993,0.002359576883684933,0.00016522867380863726,0.0,0.001880539081287047,0.002905148392889023
trapezoid,0.0012926638068012641,0.002163424132779479,0.0017384646435897322,0.0019771157157336683,0.0015018005161477888,0.0020673902050174497,0.001231376220211966,0.002038525059052665,0.001880539081287047,2.220446049250313e-16,0.0011335517737460776
random,0.0026417232200776075,0.003951577385018945,0.003217551659104423,0.002246717854212932,0.0022500102080130757,0.0031921073997963623,0.0028463690250718487,0.0027859242322110234,0.002905148392889023,0.0011335517737460776,0.0
