,square,rectangle,parallelogram,losange,isoTrapezoid,kite,rightKite,rustedHinge,hinge,trapezoid,random
square,0.0,0.09329535753896967,0.12968012071101653,0.1910866620419307,0.04855311277242935,0.02824867429777378,0.02178775961010515,0.09741778984835947,0.09610350783996735,0.05700118946449173,0.11454205168517329
rectangle,0.09329535753896967,0.0,0.04396814394323467,0.10535820478424363,0.16335136679174433,0.09711759158716315,0.0980129724150205,0.05162815096094375,0.03188516975463107,0.09935790206004014,0.16291822080644647
parallelogram,0.12968012071101653,0.04396814394323467,0.0,0.0540875070599226,0.17484356958721792,0.13442760825501165,0.11830454483104891,0.07087468876651937,0.052341178185053905,0.09945356913348469,0.15412352847541677
losange,0.1910866620419307,0.10535820478424363,0.0540875070599226,0.0,0.19692842809428102,0.1827752202823042,0.17407373364792622,0.08890824530885555,0.0835311773017311,0.11714128589746675,0.11409817258160093
isoTrapezoid,0.04855311277242935,0.16335136679174433,0.17484356958721792,0.19692842809428102,0.0,0.05482173869668783,0.046629306456026254,0.15047508964397305,0.15826459664693215,0.06770444064924253,0.0962927395685712
kite,0.02824867429777378,0.09711759158716315,0.13442760825501165,0.1827752202823042,0.05482173869668783,0.0,0.020499514465943003,0.11914147856196655,0.11813993424210445,0.08125733811213798,0.12874167563733552
rightKite,0.02178775961010515,0.0980129724150205,0.11830454483104891,0.17407373364792622,0.046629306456026254,0.020499514465943003,0.0,0.11029958588988753,0.1088895047275753,0.05238064922866437,0.12196640585452578
rustedHinge,0.09741778984835947,0.05162815096094375,0.07087468876651937,0.08890824530885555,0.15047508964397305,0.11914147856196655,0.11029958588988753,0.0,0.007907176867754662,0.09398996519386715,0.12076456687054105
hinge,0.09610350783996735,0.03188516975463107,0.052341178185053905,0.0835311773017311,0.15826459664693215,0.11813993424210445,0.1088895047275753,0.007907176867754662,0.0,0.09140693685988022,0.12854958127600002
trapezoid,0.05700118946449173,0.09935790206004014,0.09945356913348469,0.11714128589746675,0.06770444064924253,0.08125733811213798,0.05238064922866437,0.09398996519386715,0.09140693685988022,0.0,0.05568968811924202
random,0.11454205168517329,0.16291822080644647,0.15412352847541677,0.11409817258160093,0.0962927395685712,0.12874167563733552,0.12196640585452578,0.12076456687054105,0.12854958127600002,0.05568968811924202,2.220446049250313e-16
