,square,rectangle,parallelogram,losange,isoTrapezoid,kite,rightKite,rustedHinge,hinge,trapezoid,random
square,2.220446049250313e-16,0.0009630159735148913,0.0021373093775547414,0.0033035356098808366,0.0009427525700639316,0.0009840875988198494,0.0007826347530761613,0.0017069876953559326,0.0014829221334616838,0.0012036799648855734,0.0022848256095028274
rectangle,0.0009630159735148913,0.0,0.0009969700839262963,0.0023075479857082026,0.0023972983396275405,0.0017733313365171366,0.001660380564345254,0.0014447539606001758,0.0009744715200311616,0.0016776529154589603,0.0031591060878719546
parallelogram,0.0021373093775547414,0.0009969700839262963,2.220446049250313e-16,0.0008287618742705005,0.0030617410292288483,0.00294588913261129,0.0024150374443181466,0.0019775373955119857,0.0014233527208361574,0.0013782939733276711,0.00267545913419176
losange,0.0033035356098808366,0.0023075479857082026,0.0008287618742705005,0.0,0.0037360965237462906,0.003968670829438081,0.0034059027549842025,0.002556637811852891,0.002182635095185237,0.0016709420707714528,0.002139689162917402
isoTrapezoid,0.0009427525700639316,0.0023972983396275405,0.0030617410292288483,0.0037360965237462906,2.220446049250313e-16,0.0009915204206573103,0.0008456839006840688,0.002690256391240542,0.0026125609870657485,0.0011655538963462053,0.0017839129995648184
kite,0.0009840875988198494,0.0017733313365171366,0.00294588913261129,0.003968670829438081,0.0009915204206573103,2.220446049250313e-16,0.0004898115874372166,0.0026058747797911286,0.002469001990715425,0.002084569935512093,0.002993933892060263
rightKite,0.0007826347530761613,0.001660380564345254,0.0024150374443181466,0.0034059027549842025,0.0008456839006840688,0.0004898115874372166,0.0,0.002335066078325676,0.002171209200160118,0.001212570288668835,0.0023696578308565197
rustedHinge,0.0017069876953559326,0.0014447539606001758,0.0019775373955119857,0.002556637811852891,0.002690256391240542,0.0026058747797911286,0.002335066078325676,2.220446049250313e-16,0.0001857038511711151,0.0020133971788279803,0.0023571306887898436
hinge,0.0014829221334616838,0.0009744715200311616,0.0014233527208361574,0.002182635095185237,0.0026125609870657485,0.002469001990715425,0.002171209200160118,0.0001857038511711151,2.220446049250313e-16,0.001713208220127549,0.0022565709414716917
trapezoid,0.0012036799648855734,0.0016776529154589603,0.0013782939733276711,0.0016709420707714528,0.0011655538963462053,0.002084569935512093,0.001212570288668835,0.0020133971788279803,0.001713208220127549,0.0,0.0008458793253558472
random,0.0022848256095028274,0.0031591060878719546,0.00267545913419176,0.002139689162917402,0.0017839129995648184,0.002993933892060263,0.0023696578308565197,0.0023571306887898436,0.0022565709414716917,0.0008458793253558472,0.0
