,square,rectangle,parallelogram,losange,isoTrapezoid,kite,rightKite,rustedHinge,hinge,trapezoid,random
square,0.0,0.007876501780928469,0.02370217032845534,0.030257018584017303,0.0228029135133605,0.0262350682029292,0.022263610695584468,0.030979387054241414,0.02792820798950868,0.024850005965062816,0.0372077355796655
rectangle,0.007876501780928469,0.0,0.017693293983004232,0.026328012901024378,0.02710944922724634,0.02843514394778557,0.025040663723889578,0.027003966290675585,0.022782314495321643,0.025631153006749008,0.0383752987073398
parallelogram,0.02370217032845534,0.017693293983004232,0.0,0.007947819082180119,0.03331485933169909,0.03289073072288118,0.03091806629590632,0.03080237463719049,0.026613562261554202,0.02019841815535972,0.03263937621709734
losange,0.030257018584017303,0.026328012901024378,0.007947819082180119,0.0,0.03793012893682246,0.03819707204573741,0.03661397257792265,0.0353248034707323,0.03256632139388793,0.021838197240097612,0.029186226203364418
isoTrapezoid,0.0228029135133605,0.02710944922724634,0.03331485933169909,0.03793012893682246,1.1102230246251565e-16,0.018942635047941025,0.01573903442753921,0.027644878959392383,0.027120768807660456,0.014185963221804543,0.023760985074869678
kite,0.0262350682029292,0.02843514394778557,0.03289073072288118,0.03819707204573741,0.018942635047941025,0.0,0.006311785087441457,0.02616090809278593,0.02336420391302796,0.02183723037014962,0.025976248709956518
rightKite,0.022263610695584468,0.025040663723889578,0.03091806629590632,0.03661397257792265,0.01573903442753921,0.006311785087441457,0.0,0.022634729072780524,0.020695015520078464,0.016549704357653572,0.0236803472990178
rustedHinge,0.030979387054241414,0.027003966290675585,0.03080237463719049,0.0353248034707323,0.027644878959392383,0.02616090809278593,0.022634729072780524,0.0,0.0030139995573889022,0.02410385666063808,0.024357097679868933
hinge,0.02792820798950868,0.022782314495321643,0.026613562261554202,0.03256632139388793,0.027120768807660456,0.02336420391302796,0.020695015520078464,0.0030139995573889022,0.0,0.02161780334041452,0.02251432586779356
trapezoid,0.024850005965062816,0.025631153006749008,0.02019841815535972,0.021838197240097612,0.014185963221804543,0.02183723037014962,0.016549704357653572,0.02410385666063808,0.02161780334041452,0.0,0.011584555907662497
random,0.0372077355796655,0.0383752987073398,0.03263937621709734,0.029186226203364418,0.023760985074869678,0.025976248709956518,0.0236803472990178,0.024357097679868933,0.02251432586779356,0.011584555907662497,0.0
