,square,rectangle,parallelogram,losange,isoTrapezoid,kite,rightKite,rustedHinge,hinge,trapezoid,random
square,1.1102230246251565e-16,0.00027714155497893245,0.00047125642959122693,0.0007124308226439391,0.00018911107121621917,0.00015165730129884647,0.00010202825423089035,0.00033600597775795826,0.0003045625859986467,0.00024027206575205629,0.00047076582899918673
rectangle,0.00027714155497893245,0.0,0.00018848700403772956,0.00046718081563801306,0.0006141384689779539,0.00037045214679731764,0.00033921170041684157,0.00023825599684779153,0.00014851129968085353,0.0003744005687922325,0.0006869346865259196
parallelogram,0.00047125642959122693,0.00018848700403772956,0.0,0.00017994299306933748,0.000680257791969896,0.0005653158277539871,0.00046171635293346114,0.0003331221997536771,0.00023426093353717814,0.0002957960546711158,0.0005527832526491805
losange,0.0007124308226439391,0.00046718081563801306,0.00017994299306933748,0.0,0.0007836623559418499,0.0007508645598366392,0.0006636740577422584,0.00043570223985833767,0.0003885768608741236,0.00035366517591828295,0.00040642685044645077
isoTrapezoid,0.00018911107121621917,0.0006141384689779539,0.000680257791969896,0.0007836623559418499,1.1102230246251565e-16,0.00021785070432422948,0.00017848297417488723,0.0005843623371954987,0.0005850572550084587,0.00026916270765697803,0.0003995444705446882
kite,0.00015165730129884647,0.00037045214679731764,0.0005653158277539871,0.0007508645598366392,0.00021785070432422948,1.1102230246251565e-16,0.00010390989692576902,0.0004988362380824451,0.0004843232890592297,0.00040840263208452576,0.0006088731814222204
rightKite,0.00010202825423089035,0.00033921170041684157,0.00046171635293346114,0.0006636740577422584,0.00017848297417488723,0.00010390989692576902,0.0,0.0004473512779594735,0.00041764325883641984,0.0002351927083347194,0.0005151912200861419
rustedHinge,0.00033600597775795826,0.00023825599684779153,0.0003331221997536771,0.00043570223985833767,0.0005843623371954987,0.0004988362380824451,0.0004473512779594735,0.0,3.39678353286077e-05,0.00037891719914318056,0.0004870771000110574
hinge,0.0003045625859986467,0.00014851129968085353,0.00023426093353717814,0.0003885768608741236,0.0005850572550084587,0.0004843232890592297,0.00041764325883641984,3.39678353286077e-05,0.0,0.0003369808783102446,0.0005005988932560435
trapezoid,0.00024027206575205629,0.0003744005687922325,0.0002957960546711158,0.00035366517591828295,0.00026916270765697803,0.00040840263208452576,0.0002351927083347194,0.00037891719914318056,0.0003369808783102446,0.0,0.00018334818799414787
random,0.00047076582899918673,0.0006869346865259196,0.0005527832526491805,0.00040642685044645077,0.0003995444705446882,0.0006088731814222204,0.0005151912200861419,0.0004870771000110574,0.0005005988932560435,0.00018334818799414787,0.0
