,square,rectangle,parallelogram,losange,isoTrapezoid,kite,rightKite,rustedHinge,hinge,trapezoid,random
square,2.220446049250313e-16,0.000441142250701132,0.0006535344174036783,0.0009635343746522418,0.0002843571238495546,0.00020555936675392683,0.0001300078755169798,0.0004896808458428881,0.0004587046730978317,0.00033647622869659166,0.0006771728047518799
rectangle,0.000441142250701132,0.0,0.0002456273422628552,0.0006199223147501653,0.0009611323062862498,0.0005671893904839465,0.0005149284534969878,0.0003161118936123586,0.00019460966412820913,0.0005488013054049112,0.0009908596523678925
parallelogram,0.0006535344174036783,0.0002456273422628552,0.0,0.0002539900619572544,0.0009681131045604641,0.0007673522685119893,0.0006386816955664676,0.0004285031518438398,0.00030539386743000385,0.0004337034645834903,0.0008094478095947988
losange,0.0009635343746522418,0.0006199223147501653,0.0002539900619572544,0.0,0.0010638287324991058,0.0010056014802894975,0.0009017990630543204,0.0005648586911489728,0.0005122291368728771,0.0004891456849542841,0.0005604430837389263
isoTrapezoid,0.0002843571238495546,0.0009611323062862498,0.0009681131045604641,0.0010638287324991058,0.0,0.0003200974140631363,0.0002640665465534209,0.0008672182143610874,0.0008918524213603618,0.00038354826603537173,0.0005805931789995
kite,0.00020555936675392683,0.0005671893904839465,0.0007673522685119893,0.0010056014802894975,0.0003200974140631363,0.0,0.00014201558850901463,0.0007162798702935458,0.0007025604848456268,0.0005455400684285516,0.0008345936176485935
rightKite,0.0001300078755169798,0.0005149284534969878,0.0006386816955664676,0.0009017990630543204,0.0002640665465534209,0.00014201558850901463,0.0,0.0006218387441724316,0.0005934454366613995,0.00032435530330310325,0.0007393571890321748
rustedHinge,0.0004896808458428881,0.0003161118936123586,0.0004285031518438398,0.0005648586911489728,0.0008672182143610874,0.0007162798702935458,0.0006218387441724316,2.220446049250313e-16,4.3149658693786286e-05,0.0005271300905170806,0.0007025673063426607
hinge,0.0004587046730978317,0.00019460966412820913,0.00030539386743000385,0.0005122291368728771,0.0008918524213603618,0.0007025604848456268,0.0005934454366613995,4.3149658693786286e-05,0.0,0.0004820982197960566,0.00073412405990958
trapezoid,0.00033647622869659166,0.0005488013054049112,0.0004337034645834903,0.0004891456849542841,0.00038354826603537173,0.0005455400684285516,0.00032435530330310325,0.0005271300905170806,0.0004820982197960566,2.220446049250313e-16,0.00029374980390661776
random,0.0006771728047518799,0.0009908596523678925,0.0008094478095947988,0.0005604430837389263,0.0005805931789995,0.0008345936176485935,0.0007393571890321748,0.0007025673063426607,0.00073412405990958,0.00029374980390661776,0.0
