,square,rectangle,parallelogram,losange,isoTrapezoid,kite,rightKite,rustedHinge,hinge,trapezoid,random
square,0.0,0.00576711357686388,0.018047588041188112,0.023527971094274513,0.016085154861950945,0.019612305561140464,0.016454805051781873,0.023077294061164544,0.020638935730205366,0.018306685741835804,0.02835418567252035
rectangle,0.00576711357686388,0.0,0.013088105171794706,0.020036299224521548,0.020564656173113538,0.021769323142728614,0.019097085871021657,0.020214455871189085,0.016796662695927167,0.019441051705222923,0.030010558589225966
parallelogram,0.018047588041188112,0.013088105171794706,0.0,0.006229006972713558,0.024140414657328968,0.02549101625473349,0.0233691445248132,0.022600183783229144,0.01931534658341505,0.014857351380493378,0.0250778732253224
losange,0.023527971094274513,0.020036299224521548,0.006229006972713558,0.0,0.027691272153371638,0.029899744291507546,0.027984148426622335,0.025994536480526742,0.0237943585069067,0.016197029840327448,0.022337294348710568
isoTrapezoid,0.016085154861950945,0.020564656173113538,0.024140414657328968,0.027691272153371638,0.0,0.013649504883671337,0.011360003637432725,0.02150542634288055,0.021007834814373516,0.010106519760740729,0.017927234858927776
kite,0.019612305561140464,0.021769323142728614,0.02549101625473349,0.029899744291507546,0.013649504883671337,0.0,0.004768172730264086,0.02038990774653715,0.018470417506845416,0.017214698062239076,0.02061920252731031
rightKite,0.016454805051781873,0.019097085871021657,0.0233691445248132,0.027984148426622335,0.011360003637432725,0.004768172730264086,2.220446049250313e-16,0.017843108224477655,0.01639575573390306,0.012639030841025023,0.018396715780598538
rustedHinge,0.023077294061164544,0.020214455871189085,0.022600183783229144,0.025994536480526742,0.02150542634288055,0.02038990774653715,0.017843108224477655,0.0,0.0022071544844218804,0.018473147516293698,0.01871205894839878
hinge,0.020638935730205366,0.016796662695927167,0.01931534658341505,0.0237943585069067,0.021007834814373516,0.018470417506845416,0.01639575573390306,0.0022071544844218804,0.0,0.016547776518973656,0.017292947845518825
trapezoid,0.018306685741835804,0.019441051705222923,0.014857351380493378,0.016197029840327448,0.010106519760740729,0.017214698062239076,0.012639030841025023,0.018473147516293698,0.016547776518973656,0.0,0.008924930407842369
random,0.02835418567252035,0.030010558589225966,0.0250778732253224,0.022337294348710568,0.017927234858927776,0.02061920252731031,0.018396715780598538,0.01871205894839878,0.017292947845518825,0.008924930407842369,0.0
