,square,rectangle,parallelogram,losange,isoTrapezoid,kite,rightKite,rustedHinge,hinge,trapezoid,random
square,0.0,0.0010358345403702618,0.0015099192090107794,0.002206038095469931,0.0006583614459567677,0.0004604351372771154,0.00029002387471743774,0.001128924440432666,0.0010660282823024003,0.000774507180267392,0.0015562833087475747
rectangle,0.0010358345403702618,1.1102230246251565e-16,0.0005425098592006794,0.0013978685272697522,0.0022521772237458215,0.0013051982060224843,0.0011861945372179106,0.0006995137372740601,0.00043290006390350744,0.0012587221174512608,0.0022985884227672004
parallelogram,0.0015099192090107794,0.0005425098592006794,0.0,0.0005703507048427925,0.002249380231391873,0.0017432211057307745,0.0014569051604887973,0.0009505640875382415,0.0006782623811265598,0.0009960883930041353,0.0018766573359429994
losange,0.002206038095469931,0.0013978685272697522,0.0005703507048427925,0.0,0.002438045201237249,0.0022797334808883907,0.0020432388164366433,0.0012733610217422475,0.001148662879971285,0.0011075640940145792,0.0012868363847726716
isoTrapezoid,0.0006583614459567677,0.0022521772237458215,0.002249380231391873,0.002438045201237249,0.0,0.0007351541137666784,0.0006044981886383916,0.0020188359568920067,0.002081417042276712,0.0008774985701042182,0.0013205129400807314
kite,0.0004604351372771154,0.0013051982060224843,0.0017432211057307745,0.0022797334808883907,0.0007351541137666784,0.0,0.0003175995011380772,0.001635842459354775,0.0016023781823718553,0.0012305465652967529,0.0018936925040757835
rightKite,0.00029002387471743774,0.0011861945372179106,0.0014569051604887973,0.0020432388164366433,0.0006044981886383916,0.0003175995011380772,1.1102230246251565e-16,0.0014183699500820435,0.0013579338050042633,0.0007300172558998286,0.00168431049537221
rustedHinge,0.001128924440432666,0.0006995137372740601,0.0009505640875382415,0.0012733610217422475,0.0020188359568920067,0.001635842459354775,0.0014183699500820435,0.0,9.489448632404862e-05,0.0012002511697917218,0.0016508127581321697
hinge,0.0010660282823024003,0.00043290006390350744,0.0006782623811265598,0.001148662879971285,0.002081417042276712,0.0016023781823718553,0.0013579338050042633,9.489448632404862e-05,0.0,0.0011008292527042718,0.0017121994744901947
trapezoid,0.000774507180267392,0.0012587221174512608,0.0009960883930041353,0.0011075640940145792,0.0008774985701042182,0.0012305465652967529,0.0007300172558998286,0.0012002511697917218,0.0011008292527042718,0.0,0.000671222425039808
random,0.0015562833087475747,0.0022985884227672004,0.0018766573359429994,0.0012868363847726716,0.0013205129400807314,0.0018936925040757835,0.00168431049537221,0.0016508127581321697,0.0017121994744901947,0.000671222425039808,0.0
