,square,rectangle,parallelogram,losange,isoTrapezoid,kite,rightKite,rustedHinge,hinge,trapezoid,random
square,0.0,0.02207576393428279,0.05617236905478162,0.07758741107434675,0.07083337586877891,0.05782996797810458,0.04935540864704524,0.07591974344511077,0.06531525484415313,0.06329021652017641,0.09120921466834819
rectangle,0.02207576393428279,0.0,0.04742626820937934,0.07491616701489645,0.07862153572896602,0.06510199132883565,0.05757880693007156,0.07049685795286098,0.05574981937435297,0.0668304977748777,0.09424738428295543
parallelogram,0.05617236905478162,0.04742626820937934,0.0,0.020644209651426326,0.08404487501833369,0.06347517121312907,0.059915965641166524,0.06642230303077179,0.056085503428168426,0.04592421080201259,0.07173421230231825
losange,0.07758741107434675,0.07491616701489645,0.020644209651426326,0.0,0.09862288378024697,0.07974302033352187,0.07609485653617032,0.08169610747698652,0.07532422845498232,0.05240183535394227,0.06791855934899593
isoTrapezoid,0.07083337586877891,0.07862153572896602,0.08404487501833369,0.09862288378024697,0.0,0.04734854402721478,0.04082579672643971,0.064913876406413,0.06182590026309409,0.042215202331472246,0.060316117971807914
kite,0.05782996797810458,0.06510199132883565,0.06347517121312907,0.07974302033352187,0.04734854402721478,0.0,0.01365192521079106,0.0552487259765434,0.047128607039906956,0.048625989001822245,0.06092080271989864
rightKite,0.04935540864704524,0.05757880693007156,0.059915965641166524,0.07609485653617032,0.04082579672643971,0.01365192521079106,0.0,0.048892778853507735,0.042077722320755684,0.0389427535512068,0.05509597212199624
rustedHinge,0.07591974344511077,0.07049685795286098,0.06642230303077179,0.08169610747698652,0.064913876406413,0.0552487259765434,0.048892778853507735,0.0,0.010282840026568651,0.056619746503201895,0.057979751229544796
hinge,0.06531525484415313,0.05574981937435297,0.056085503428168426,0.07532422845498232,0.06182590026309409,0.047128607039906956,0.042077722320755684,0.010282840026568651,0.0,0.04867792440843288,0.05272803134128334
trapezoid,0.06329021652017641,0.0668304977748777,0.04592421080201259,0.05240183535394227,0.042215202331472246,0.048625989001822245,0.0389427535512068,0.056619746503201895,0.04867792440843288,0.0,0.03124645669501347
random,0.09120921466834819,0.09424738428295543,0.07173421230231825,0.06791855934899593,0.060316117971807914,0.06092080271989864,0.05509597212199624,0.057979751229544796,0.05272803134128334,0.03124645669501347,0.0
