,square,rectangle,parallelogram,losange,isoTrapezoid,kite,rightKite,rustedHinge,hinge,trapezoid,random
square,0.0,0.000644933799838765,0.0009500023702344595,0.0013927481112742113,0.00041468867281224675,0.0002908646409530702,0.0001845203740419299,0.0007069205801086831,0.0006664429937848215,0.0004948972281749731,0.00098284720534203
rectangle,0.000644933799838765,0.0,0.0003482058719609382,0.0008864435595027365,0.0014057846377972805,0.0008192437347848136,0.0007443895543585155,0.0004428216951994912,0.00027291237109128286,0.0007958992350566296,0.0014405466014517643
parallelogram,0.0009500023702344595,0.0003482058719609382,0.0,0.0003606541593134116,0.0014094411675341645,0.0011037664535628045,0.0009196101669108891,0.0006089888351904493,0.0004351462077342161,0.0006285235711939174,0.0011815515942495969
losange,0.0013927481112742113,0.0008864435595027365,0.0003606541593134116,0.0,0.0015367122971340352,0.0014477563161221507,0.0012976245929348096,0.0008160200682379992,0.000737778850517512,0.000697680215469787,0.0008119644041125751
isoTrapezoid,0.00041468867281224675,0.0014057846377972805,0.0014094411675341645,0.0015367122971340352,0.0,0.0004635667126734466,0.00038135134546624094,0.0012637283181419212,0.0013030992765568072,0.0005558329231372117,0.0008364719983262603
kite,0.0002908646409530702,0.0008192437347848136,0.0011037664535628045,0.0014477563161221507,0.0004635667126734466,1.1102230246251565e-16,0.00020321777285792209,0.0010290480838098803,0.0010104079162697177,0.0007853444093510742,0.001201531253127719
rightKite,0.0001845203740419299,0.0007443895543585155,0.0009196101669108891,0.0012976245929348096,0.00038135134546624094,0.00020321777285792209,1.1102230246251565e-16,0.0008920572036658081,0.0008545685973530004,0.0004664545459384106,0.0010674804298822504
rustedHinge,0.0007069205801086831,0.0004428216951994912,0.0006089888351904493,0.0008160200682379992,0.0012637283181419212,0.0010290480838098803,0.0008920572036658081,0.0,6.061425024050937e-05,0.0007615461785411837,0.0010333824722145168
hinge,0.0006664429937848215,0.00027291237109128286,0.0004351462077342161,0.000737778850517512,0.0013030992765568072,0.0010104079162697177,0.0008545685973530004,6.061425024050937e-05,0.0,0.0006987402449433189,0.0010749553721588478
trapezoid,0.0004948972281749731,0.0007958992350566296,0.0006285235711939174,0.000697680215469787,0.0005558329231372117,0.0007853444093510742,0.0004664545459384106,0.0007615461785411837,0.0006987402449433189,1.1102230246251565e-16,0.00042625158719999945
random,0.00098284720534203,0.0014405466014517643,0.0011815515942495969,0.0008119644041125751,0.0008364719983262603,0.001201531253127719,0.0010674804298822504,0.0010333824722145168,0.0010749553721588478,0.00042625158719999945,1.1102230246251565e-16
