,square,rectangle,parallelogram,losange,isoTrapezoid,kite,rightKite,rustedHinge,hinge,trapezoid,random
square,0.0,0.03499973725987027,0.08543495959163783,0.11107866306413772,0.10027411123317698,0.08573028290272489,0.07222370793596611,0.11253808185655745,0.10019988474932806,0.09313838116436457,0.13877745035215017
rectangle,0.03499973725987027,0.0,0.06557634027349302,0.10084313442323956,0.11557794715702319,0.09863504026771086,0.0879669635747432,0.10196152644411227,0.08250624989937172,0.10014511944867832,0.14724501522180355
parallelogram,0.08543495959163783,0.06557634027349302,2.220446049250313e-16,0.024501182647081676,0.12207043528635508,0.09993177010185783,0.09258476445816621,0.09511942184206512,0.08066886942820672,0.06718458068193334,0.10924259852581997
losange,0.11107866306413772,0.10084313442323956,0.024501182647081676,2.220446049250313e-16,0.1378363059484654,0.12319395088361262,0.11297288058830735,0.11409044339004926,0.10509961538445367,0.07338948712052318,0.09786377209045849
isoTrapezoid,0.10027411123317698,0.11557794715702319,0.12207043528635508,0.1378363059484654,0.0,0.06314071818022216,0.055520129025358855,0.0970558758211929,0.09251204804763857,0.05716444945782084,0.08477827261926507
kite,0.08573028290272489,0.09863504026771086,0.09993177010185783,0.12319395088361262,0.06314071818022216,0.0,0.018711147745013812,0.07993009444217503,0.07034234724245558,0.07270680466840307,0.09456227560413655
rightKite,0.07222370793596611,0.0879669635747432,0.09258476445816621,0.11297288058830735,0.055520129025358855,0.018711147745013812,2.220446049250313e-16,0.0715723767264066,0.06492945439676223,0.05735101563923628,0.08328936582639646
rustedHinge,0.11253808185655745,0.10196152644411227,0.09511942184206512,0.11409044339004926,0.0970558758211929,0.07993009444217503,0.0715723767264066,0.0,0.012303460498977237,0.0829346477671632,0.0841214044853914
hinge,0.10019988474932806,0.08250624989937172,0.08066886942820672,0.10509961538445367,0.09251204804763857,0.07034234724245558,0.06492945439676223,0.012303460498977237,0.0,0.07262367089858779,0.07890077406213825
trapezoid,0.09313838116436457,0.10014511944867832,0.06718458068193334,0.07338948712052318,0.05716444945782084,0.07270680466840307,0.05735101563923628,0.0829346477671632,0.07262367089858779,2.220446049250313e-16,0.04321100326685201
random,0.13877745035215017,0.14724501522180355,0.10924259852581997,0.09786377209045849,0.08477827261926507,0.09456227560413655,0.08328936582639646,0.0841214044853914,0.07890077406213825,0.04321100326685201,0.0
