,square,rectangle,parallelogram,losange,isoTrapezoid,kite,rightKite,rustedHinge,hinge,trapezoid,random
square,0.0,0.0003787973172377779,0.0007046401862891294,0.001069061845170416,0.000267149765750041,0.0002220457570046852,0.00015997754842156375,0.0004948978207577337,0.00044328460487974564,0.0003446051621063262,0.000662281359081196
rectangle,0.0003787973172377779,0.0,0.0002829877235095424,0.0006942504517215564,0.000842077481757797,0.0005166314890331369,0.00048264776048079217,0.00036938899689220595,0.0002314833985265219,0.0005320375192772175,0.0009843354302386809
parallelogram,0.0007046401862891294,0.0002829877235095424,0.0,0.00025994294163578235,0.0010078338208107107,0.000856794974834818,0.0006950576310569279,0.0005406774242913137,0.00037722885259250383,0.0004358167858764528,0.0008188127398547351
losange,0.001069061845170416,0.0006942504517215564,0.00025994294163578235,0.0,0.0011862079726885355,0.0011479306228809882,0.0010013699146271815,0.000700132518972274,0.000608157179724178,0.0005255211706456375,0.0006270192091394344
isoTrapezoid,0.000267149765750041,0.000842077481757797,0.0010078338208107107,0.0011862079726885355,0.0,0.0003038179474701419,0.0002553271349206021,0.0008535227348459573,0.0008379994516625189,0.0003792058667028142,0.0005463923204038768
kite,0.0002220457570046852,0.0005166314890331369,0.000856794974834818,0.0011479306228809882,0.0003038179474701419,1.1102230246251565e-16,0.00015092229399837898,0.0007466061431287141,0.0007156078121151044,0.0005995604770169249,0.0008863985146941866
rightKite,0.00015997754842156375,0.00048264776048079217,0.0006950576310569279,0.0010013699146271815,0.0002553271349206021,0.00015092229399837898,0.0,0.0006847769614869437,0.0006324562883216478,0.0003358240980019245,0.0007265435368761786
rustedHinge,0.0004948978207577337,0.00036938899689220595,0.0005406774242913137,0.000700132518972274,0.0008535227348459573,0.0007466061431287141,0.0006847769614869437,0.0,5.169933687720896e-05,0.000585164743208022,0.0007291357688578026
hinge,0.00044328460487974564,0.0002314833985265219,0.00037722885259250383,0.000608157179724178,0.0008379994516625189,0.0007156078121151044,0.0006324562883216478,5.169933687720896e-05,1.1102230246251565e-16,0.0005059775182590931,0.0007253113171981074
trapezoid,0.0003446051621063262,0.0005320375192772175,0.0004358167858764528,0.0005255211706456375,0.0003792058667028142,0.0005995604770169249,0.0003358240980019245,0.000585164743208022,0.0005059775182590931,1.1102230246251565e-16,0.00024753904430607765
random,0.000662281359081196,0.0009843354302386809,0.0008188127398547351,0.0006270192091394344,0.0005463923204038768,0.0008863985146941866,0.0007265435368761786,0.0007291357688578026,0.0007253113171981074,0.00024753904430607765,0.0
