,square,rectangle,parallelogram,losange,isoTrapezoid,kite,rightKite,rustedHinge,hinge,trapezoid,random
square,0.0,0.0038424970657173763,0.005524488404475281,0.008071637195089632,0.0023225621916006522,0.0015993611908253769,0.0010089600145847255,0.004170104117757534,0.004008003782321579,0.0026280851467075372,0.0054553437333564325
rectangle,0.0038424970657173763,0.0,0.001834962058330336,0.004879351621766781,0.008100211859045636,0.004536379641139288,0.004275252077657887,0.0025478585165091827,0.0015872486815036169,0.0044456293627542776,0.008122256395370786
parallelogram,0.005524488404475281,0.001834962058330336,0.0,0.002096379697213324,0.008289029646329715,0.006083038924689754,0.005246499633072665,0.0032406120691785834,0.0022999423489182824,0.0037150179020516427,0.006745396611665844
losange,0.008071637195089632,0.004879351621766781,0.002096379697213324,0.0,0.008984656474525954,0.007995558941270575,0.00735956189826259,0.004255532179088806,0.0038437952726925184,0.0042920744114061105,0.004749856122530538
isoTrapezoid,0.0023225621916006522,0.008100211859045636,0.008289029646329715,0.008984656474525954,0.0,0.002633619361885775,0.0021472796618471346,0.007223903280814792,0.007549720072605237,0.0030932521469602126,0.004589027213606545
kite,0.0015993611908253769,0.004536379641139288,0.006083038924689754,0.007995558941270575,0.002633619361885775,0.0,0.0010540774834686406,0.005780171019279412,0.005676560056103952,0.004103528811922663,0.006417715970972182
rightKite,0.0010089600145847255,0.004275252077657887,0.005246499633072665,0.00735956189826259,0.0021472796618471346,0.0010540774834686406,0.0,0.005090577986722189,0.004939328169713542,0.0024775740254400214,0.005809175052781557
rustedHinge,0.004170104117757534,0.0025478585165091827,0.0032406120691785834,0.004255532179088806,0.007223903280814792,0.005780171019279412,0.005090577986722189,2.220446049250313e-16,0.00035053114958216725,0.004183230265034754,0.005743749089448524
hinge,0.004008003782321579,0.0015872486815036169,0.0022999423489182824,0.0038437952726925184,0.007549720072605237,0.005676560056103952,0.004939328169713542,0.00035053114958216725,0.0,0.003897963315122932,0.006019788079874244
trapezoid,0.0026280851467075372,0.0044456293627542776,0.0037150179020516427,0.0042920744114061105,0.0030932521469602126,0.004103528811922663,0.0024775740254400214,0.004183230265034754,0.003897963315122932,0.0,0.002346966219867186
random,0.0054553437333564325,0.008122256395370786,0.006745396611665844,0.004749856122530538,0.004589027213606545,0.006417715970972182,0.005809175052781557,0.005743749089448524,0.006019788079874244,0.002346966219867186,0.0
