,square,rectangle,parallelogram,losange,isoTrapezoid,kite,rightKite,rustedHinge,hinge,trapezoid,random
square,0.0,0.0017503635782321059,0.004624479412620119,0.00672300590656727,0.0025191695741423326,0.002947874181158494,0.0023881376832662893,0.004075392626668672,0.003522237277909568,0.0030842796449324084,0.005395816159256328
rectangle,0.0017503635782321059,1.1102230246251565e-16,0.0025942431382472986,0.005028384040696499,0.00498636176461853,0.00424328096082105,0.003858815340840982,0.003611838706758852,0.002626242791739619,0.0038743504332383605,0.00687162446703804
parallelogram,0.004624479412620119,0.0025942431382472986,1.1102230246251565e-16,0.0016771285650059031,0.006287817694047404,0.006539979462038881,0.005518492121400542,0.004566510953716851,0.0035205399172648644,0.0032027100257584484,0.005808144248630964
losange,0.00672300590656727,0.005028384040696499,0.0016771285650059031,0.0,0.007444987452007834,0.008265684957007524,0.0072075700501612605,0.005621593106473366,0.004937556736010262,0.0037342288788624334,0.004861964582093314
isoTrapezoid,0.0025191695741423326,0.00498636176461853,0.006287817694047404,0.007444987452007834,1.1102230246251565e-16,0.002376684865182388,0.001975789902238456,0.005435441533237051,0.005292710938042955,0.0024154393676322217,0.003848474765259735
kite,0.002947874181158494,0.00424328096082105,0.006539979462038881,0.008265684957007524,0.002376684865182388,0.0,0.0011110794215374309,0.005357914019096577,0.005049840690825924,0.004546935575811095,0.006003574552847946
rightKite,0.0023881376832662893,0.003858815340840982,0.005518492121400542,0.0072075700501612605,0.001975789902238456,0.0011110794215374309,0.0,0.004700768012066869,0.00435322348170708,0.0027625626467433495,0.004708852189759027
rustedHinge,0.004075392626668672,0.003611838706758852,0.004566510953716851,0.005621593106473366,0.005435441533237051,0.005357914019096577,0.004700768012066869,0.0,0.0004353632128289986,0.004327699932156648,0.0047485562077344
hinge,0.003522237277909568,0.002626242791739619,0.0035205399172648644,0.004937556736010262,0.005292710938042955,0.005049840690825924,0.00435322348170708,0.0004353632128289986,0.0,0.0037268508061922834,0.004463846722016607
trapezoid,0.0030842796449324084,0.0038743504332383605,0.0032027100257584484,0.0037342288788624334,0.0024154393676322217,0.004546935575811095,0.0027625626467433495,0.004327699932156648,0.0037268508061922834,1.1102230246251565e-16,0.0019013057625444363
random,0.005395816159256328,0.00687162446703804,0.005808144248630964,0.004861964582093314,0.003848474765259735,0.006003574552847946,0.004708852189759027,0.0047485562077344,0.004463846722016607,0.0019013057625444363,0.0
