,square,rectangle,parallelogram,losange,isoTrapezoid,kite,rightKite,rustedHinge,hinge,trapezoid,random
square,0.0,0.0002606122472981198,0.00041238932742870826,0.0006189045837736717,0.00017213874073529478,0.0001336816910927352,8.702310086650122e-05,0.00030306699833249073,0.00027865237413327026,0.00021359740921655934,0.0004238246131529344
rectangle,0.0002606122472981198,0.0,0.00016029222924685005,0.0004025359923778282,0.0005655742841760292,0.0003383422245673007,0.0003093758743328845,0.00020742451493294123,0.00012915185658335382,0.00033371021938199963,0.0006079219042635087
parallelogram,0.00041238932742870826,0.00016029222924685005,0.0,0.00016447222040805176,0.0005968349354876779,0.00048494439222868113,0.0004020350895214131,0.0002800348423518395,0.00019862616012533696,0.00026401189787672585,0.0004930862338685671
losange,0.0006189045837736717,0.0004025359923778282,0.00016447222040805176,0.0,0.0006741829068912519,0.0006418148423550374,0.0005762124772756838,0.00036577067553578146,0.0003301665943133969,0.00031027736362154723,0.0003498651520212892
isoTrapezoid,0.00017213874073529478,0.0005655742841760292,0.0005968349354876779,0.0006741829068912519,0.0,0.0001956379370509076,0.00016078463781177277,0.0005225083659567975,0.000529757832831379,0.00024137593749418151,0.00036225812830104065
kite,0.0001336816910927352,0.0003383422245673007,0.00048494439222868113,0.0006418148423550374,0.0001956379370509076,0.0,9.059543402833992e-05,0.00044072047989440755,0.0004292850981598706,0.00035247055053022613,0.0005308766868405979
rightKite,8.702310086650122e-05,0.0003093758743328845,0.0004020350895214131,0.0005762124772756838,0.00016078463781177277,9.059543402833992e-05,0.0,0.0003912127972844903,0.0003682349500732096,0.00020839241929160313,0.0004628813695725098
rustedHinge,0.00030306699833249073,0.00020742451493294123,0.0002800348423518395,0.00036577067553578146,0.0005225083659567975,0.00044072047989440755,0.0003912127972844903,1.1102230246251565e-16,2.846633480069194e-05,0.00032739673436898986,0.0004242716018765247
hinge,0.00027865237413327026,0.00012915185658335382,0.00019862616012533696,0.0003301665943133969,0.000529757832831379,0.0004292850981598706,0.0003682349500732096,2.846633480069194e-05,0.0,0.00029540019317952915,0.00044246190524732665
trapezoid,0.00021359740921655934,0.00033371021938199963,0.00026401189787672585,0.00031027736362154723,0.00024137593749418151,0.00035247055053022613,0.00020839241929160313,0.00032739673436898986,0.00029540019317952915,0.0,0.00017465546018147204
random,0.0004238246131529344,0.0006079219042635087,0.0004930862338685671,0.0003498651520212892,0.00036225812830104065,0.0005308766868405979,0.0004628813695725098,0.0004242716018765247,0.00044246190524732665,0.00017465546018147204,0.0
