,square,rectangle,parallelogram,losange,isoTrapezoid,kite,rightKite,rustedHinge,hinge,trapezoid,random
square,0.0,0.001159525373067738,0.0026760143008999204,0.004107516977303383,0.0012975548452273111,0.0014194735794891278,0.0011362088659565561,0.0022406698565168304,0.001934279121825866,0.0016039609059309567,0.0030414084084968707
rectangle,0.001159525373067738,2.220446049250313e-16,0.0013336344332819383,0.0029559698308337934,0.003013358463775595,0.002370968501138715,0.0021805285150908738,0.001957825106134181,0.0013572808968215222,0.0021811986706573583,0.004112499925551627
parallelogram,0.0026760143008999204,0.0013336344332819383,0.0,0.001035108180277522,0.0037869074784196988,0.0037979741498291864,0.0031082697040696328,0.0025874816479021234,0.001913753697922016,0.0017550563159198784,0.0034273649084475277
losange,0.004107516977303383,0.0029559698308337934,0.001035108180277522,2.220446049250313e-16,0.004603656298971082,0.005030603962221769,0.004288776636534819,0.00328715384825784,0.0028420483999835877,0.002116792234017173,0.0027594057467419386
isoTrapezoid,0.0012975548452273111,0.003013358463775595,0.0037869074784196988,0.004603656298971082,0.0,0.0013084715058260254,0.0011121067170756227,0.0033498757222815145,0.0032618749303325867,0.0014498079960438837,0.002268055760306198
kite,0.0014194735794891278,0.002370968501138715,0.0037979741498291864,0.005030603962221769,0.0013084715058260254,2.220446049250313e-16,0.0006465970316366088,0.0033005830154255733,0.003117192141917302,0.0026951842894450406,0.003774597291227866
rightKite,0.0011362088659565561,0.0021805285150908738,0.0031082697040696328,0.004288776636534819,0.0011121067170756227,0.0006465970316366088,0.0,0.0029149046926222333,0.0027038333976936446,0.001570189760029872,0.002953150349466749
rustedHinge,0.0022406698565168304,0.001957825106134181,0.0025874816479021234,0.00328715384825784,0.0033498757222815145,0.0033005830154255733,0.0029149046926222333,2.220446049250313e-16,0.0002453200399605837,0.0025610489722454055,0.002966107504569493
hinge,0.001934279121825866,0.0013572808968215222,0.001913753697922016,0.0028420483999835877,0.0032618749303325867,0.003117192141917302,0.0027038333976936446,0.0002453200399605837,0.0,0.002198742816195587,0.0028401664783879177
trapezoid,0.0016039609059309567,0.0021811986706573583,0.0017550563159198784,0.002116792234017173,0.0014498079960438837,0.0026951842894450406,0.001570189760029872,0.0025610489722454055,0.002198742816195587,2.220446049250313e-16,0.0011191492141415793
random,0.0030414084084968707,0.004112499925551627,0.0034273649084475277,0.0027594057467419386,0.002268055760306198,0.003774597291227866,0.002953150349466749,0.002966107504569493,0.0028401664783879177,0.0011191492141415793,0.0
