,square,rectangle,parallelogram,losange,isoTrapezoid,kite,rightKite,rustedHinge,hinge,trapezoid,random
square,1.1102230246251565e-16,0.0002678438008333339,0.0004452224098815405,0.0006764382143563674,0.00018135200410129837,0.00014310477343348893,9.512713912973592e-05,0.0003210606811570038,0.0002913532701517285,0.00023005612458082414,0.0004527122933182248
rectangle,0.0002678438008333339,0.0,0.00017505449648935745,0.0004416745436106595,0.0005879184016835959,0.0003522737752412741,0.00032413517592089214,0.000224758140188408,0.00013929851586291786,0.0003563765362969429,0.0006548730671139813
parallelogram,0.0004452224098815405,0.00017505449648935745,0.0,0.00017645321504833333,0.0006431168125248243,0.0005286646480088253,0.0004346716954340968,0.0003093018606357134,0.00021665256646019593,0.0002813321987487072,0.0005301806503003048
losange,0.0006764382143563674,0.0004416745436106595,0.00017645321504833333,0.0,0.0007390379941983882,0.0007070023931378122,0.0006299223923610375,0.00040636394546256227,0.0003636642981734717,0.00033670286238440816,0.00038294349378997783
isoTrapezoid,0.00018135200410129837,0.0005879184016835959,0.0006431168125248243,0.0007390379941983882,0.0,0.0002050696375701655,0.00016832657423826447,0.0005554235847512468,0.0005577290343325991,0.00025643292869026446,0.00038369314344077754
kite,0.00014310477343348893,0.0003522737752412741,0.0005286646480088253,0.0007070023931378122,0.0002050696375701655,1.1102230246251565e-16,9.828594344796215e-05,0.0004689902109895616,0.0004549653289069866,0.0003854344608240634,0.0005766997806576635
rightKite,9.512713912973592e-05,0.00032413517592089214,0.0004346716954340968,0.0006299223923610375,0.00016832657423826447,9.828594344796215e-05,0.0,0.0004210946012570549,0.0003934021071890781,0.00022331486550530855,0.0004938144726326366
rustedHinge,0.0003210606811570038,0.000224758140188408,0.0003093018606357134,0.00040636394546256227,0.0005554235847512468,0.0004689902109895616,0.0004210946012570549,1.1102230246251565e-16,3.185855828069517e-05,0.00035576305240869743,0.00045996398668013416
hinge,0.0002913532701517285,0.00013929851586291786,0.00021665256646019593,0.0003636642981734717,0.0005577290343325991,0.0004549653289069866,0.0003934021071890781,3.185855828069517e-05,1.1102230246251565e-16,0.0003176164612436194,0.0004761053420511141
trapezoid,0.00023005612458082414,0.0003563765362969429,0.0002813321987487072,0.00033670286238440816,0.00025643292869026446,0.0003854344608240634,0.00022331486550530855,0.00035576305240869743,0.0003176164612436194,1.1102230246251565e-16,0.00017955996210639036
random,0.0004527122933182248,0.0006548730671139813,0.0005301806503003048,0.00038294349378997783,0.00038369314344077754,0.0005766997806576635,0.0004938144726326366,0.00045996398668013416,0.0004761053420511141,0.00017955996210639036,0.0
