,square,rectangle,parallelogram,losange,isoTrapezoid,kite,rightKite,rustedHinge,hinge,trapezoid,random
square,1.1102230246251565e-16,0.0026220825001712633,0.00790363729085497,0.01102548247655466,0.005152882484370402,0.0065846614316940055,0.005310220463657145,0.007762415004725631,0.0067043130589233835,0.0062829445559685615,0.010581563015894302
rectangle,0.0026220825001712633,0.0,0.005099499367790972,0.008749168980729305,0.00849187362600401,0.008342288331891323,0.0073012381411486915,0.007107900439746295,0.005441210420410125,0.00732165752138747,0.012473913323222896
parallelogram,0.00790363729085497,0.005099499367790972,0.0,0.002812491719095145,0.01018876400912827,0.011365651870460347,0.009794554800672373,0.008500488574489484,0.006917950104358361,0.0057323633540192764,0.010356456676684389
losange,0.01102548247655466,0.008749168980729305,0.002812491719095145,0.0,0.012017736890661768,0.013891026809205731,0.012352258001295913,0.01014705085354528,0.009088635702960146,0.00648277946265674,0.008913189938980381
isoTrapezoid,0.005152882484370402,0.00849187362600401,0.01018876400912827,0.012017736890661768,1.1102230246251565e-16,0.0048292763211057466,0.00394161293766615,0.009064632770249714,0.008796017380584775,0.004059237833797469,0.007120431213966327
kite,0.0065846614316940055,0.008342288331891323,0.011365651870460347,0.013891026809205731,0.0048292763211057466,1.1102230246251565e-16,0.0020155624251120274,0.008995964331910522,0.00838087850646152,0.008006571100766857,0.010032031879193992
rightKite,0.005310220463657145,0.0073012381411486915,0.009794554800672373,0.012352258001295913,0.00394161293766615,0.0020155624251120274,0.0,0.00780051202852694,0.007203300922111855,0.00519803814377362,0.008260455173297765
rustedHinge,0.007762415004725631,0.007107900439746295,0.008500488574489484,0.01014705085354528,0.009064632770249714,0.008995964331910522,0.00780051202852694,0.0,0.0008145440193004783,0.007511943839390911,0.007937929415893663
hinge,0.0067043130589233835,0.005441210420410125,0.006917950104358361,0.009088635702960146,0.008796017380584775,0.00838087850646152,0.007203300922111855,0.0008145440193004783,0.0,0.006595365719985424,0.007398518201544579
trapezoid,0.0062829445559685615,0.00732165752138747,0.0057323633540192764,0.00648277946265674,0.004059237833797469,0.008006571100766857,0.00519803814377362,0.007511943839390911,0.006595365719985424,1.1102230246251565e-16,0.0036793324783862547
random,0.010581563015894302,0.012473913323222896,0.010356456676684389,0.008913189938980381,0.007120431213966327,0.010032031879193992,0.008260455173297765,0.007937929415893663,0.007398518201544579,0.0036793324783862547,0.0
