,square,rectangle,parallelogram,losange,isoTrapezoid,kite,rightKite,rustedHinge,hinge,trapezoid,random
square,0.0,0.0005424994730813815,0.0010792152096829044,0.0016438075840401467,0.00040593116644360716,0.0003472648430796754,0.0002573537875466547,0.0007415121663459923,0.000660513706405963,0.0005291339397601735,0.0010207444445242686
rectangle,0.0005424994730813815,1.1102230246251565e-16,0.00044252091723639975,0.0010940712980621603,0.0012425151555452985,0.000780076698054466,0.0007284319075415713,0.000579019946204018,0.0003695652564006391,0.0008061238430675521,0.0015127816297512142
parallelogram,0.0010792152096829044,0.00044252091723639975,0.0,0.00040379988397720723,0.0015538129498978703,0.0013470733593013984,0.0010905749593531633,0.000858502646920889,0.000603190076290061,0.0006712082592353896,0.0012789039343901187
losange,0.0016438075840401467,0.0010940712980621603,0.00040379988397720723,1.1102230246251565e-16,0.001837772299137841,0.001821291469840558,0.0015688630270344062,0.0011277208389516291,0.0009746878945875448,0.0007955989393867435,0.0009695693101897662
isoTrapezoid,0.00040593116644360716,0.0012425151555452985,0.0015538129498978703,0.001837772299137841,0.0,0.0004533016985353022,0.00038863190598148467,0.001292618406968482,0.0012601321601671822,0.0005676981197291209,0.0008177613116654436
kite,0.0003472648430796754,0.000780076698054466,0.0013470733593013984,0.001821291469840558,0.0004533016985353022,0.0,0.00022534925680339768,0.0011584607927461743,0.001102419078749195,0.0009262025475378355,0.0013740022401868002
rightKite,0.0002573537875466547,0.0007284319075415713,0.0010905749593531633,0.0015688630270344062,0.00038863190598148467,0.00022534925680339768,0.0,0.0010629711832240707,0.000979489211779816,0.0005170591655665469,0.0011100312539126245
rustedHinge,0.0007415121663459923,0.000579019946204018,0.000858502646920889,0.0011277208389516291,0.001292618406968482,0.0011584607927461743,0.0010629711832240707,0.0,7.83817498547501e-05,0.0009014685474827422,0.0011207198900572424
hinge,0.000660513706405963,0.0003695652564006391,0.000603190076290061,0.0009746878945875448,0.0012601321601671822,0.001102419078749195,0.000979489211779816,7.83817498547501e-05,1.1102230246251565e-16,0.0007758632235602692,0.0011027117100245176
trapezoid,0.0005291339397601735,0.0008061238430675521,0.0006712082592353896,0.0007955989393867435,0.0005676981197291209,0.0009262025475378355,0.0005170591655665469,0.0009014685474827422,0.0007758632235602692,0.0,0.0003724173574281009
random,0.0010207444445242686,0.0015127816297512142,0.0012789039343901187,0.0009695693101897662,0.0008177613116654436,0.0013740022401868002,0.0011100312539126245,0.0011207198900572424,0.0011027117100245176,0.0003724173574281009,0.0
