,square,rectangle,parallelogram,losange,isoTrapezoid,kite,rightKite,rustedHinge,hinge,trapezoid,random
square,0.0,0.004241069999955882,0.013554539477044325,0.0181319012503095,0.01093201582502612,0.014410501267478892,0.011861122701595339,0.01643968233989135,0.014578132086149553,0.01294613367396269,0.02106659830692692
rectangle,0.004241069999955882,0.0,0.009549917078904069,0.015042148826787116,0.015151866518416823,0.016508556586962486,0.014419650195960698,0.014776738075029217,0.012092136293331501,0.014152065787462753,0.022958679066125365
parallelogram,0.013554539477044325,0.009549917078904069,0.0,0.004846224162378898,0.017757547396466622,0.019955827349713018,0.017892717056485985,0.016470356703037092,0.014002868733559937,0.010959474990745788,0.019165416064726326
losange,0.0181319012503095,0.015042148826787116,0.004846224162378898,0.0,0.020776227240082656,0.023782329970151617,0.02180796370025606,0.019217309366227675,0.017584781733961385,0.012270549253203145,0.017050277373589884
isoTrapezoid,0.01093201582502612,0.015151866518416823,0.017757547396466622,0.020776227240082656,0.0,0.00977189219759822,0.008038235301303098,0.01636167325813631,0.01595538345670433,0.0072698593738640405,0.01349799800149476
kite,0.014410501267478892,0.016508556586962486,0.019955827349713018,0.023782329970151617,0.00977189219759822,0.0,0.003640879531535801,0.01568263914468826,0.014364528209623861,0.013409383201756442,0.01633787328129488
rightKite,0.011861122701595339,0.014419650195960698,0.017892717056485985,0.02180796370025606,0.008038235301303098,0.003640879531535801,0.0,0.013903898822993477,0.012852161111742033,0.009478168950902255,0.014338930337171707
rustedHinge,0.01643968233989135,0.014776738075029217,0.016470356703037092,0.019217309366227675,0.01636167325813631,0.01568263914468826,0.013903898822993477,0.0,0.001607691806226219,0.013873150939020418,0.014263985367123255
hinge,0.014578132086149553,0.012092136293331501,0.014002868733559937,0.017584781733961385,0.01595538345670433,0.014364528209623861,0.012852161111742033,0.001607691806226219,0.0,0.012407531744606959,0.013236191875434677
trapezoid,0.01294613367396269,0.014152065787462753,0.010959474990745788,0.012270549253203145,0.0072698593738640405,0.013409383201756442,0.009478168950902255,0.013873150939020418,0.012407531744606959,0.0,0.006932023276982169
random,0.02106659830692692,0.022958679066125365,0.019165416064726326,0.017050277373589884,0.01349799800149476,0.01633787328129488,0.014338930337171707,0.014263985367123255,0.013236191875434677,0.006932023276982169,2.220446049250313e-16
