,square,rectangle,parallelogram,losange,isoTrapezoid,kite,rightKite,rustedHinge,hinge,trapezoid,random
square,1.1102230246251565e-16,0.019137686142184474,0.05014375413973027,0.06635695147057175,0.0550790081300927,0.052276455698548996,0.04429991775122066,0.06705523487567389,0.05992757016127248,0.05392949974609562,0.07885036374068422
rectangle,0.019137686142184474,0.0,0.04051734760593195,0.061198274023253396,0.061150657490424365,0.05713497750175944,0.050350489644120144,0.059576043258339206,0.049237235769061916,0.05513633375894211,0.07930712352679004
parallelogram,0.05014375413973027,0.04051734760593195,0.0,0.01705580953530994,0.07209578893564139,0.06110322707765403,0.05847502392273596,0.06214167794380876,0.05438730589610252,0.042583230584162024,0.0646599558602664
losange,0.06635695147057175,0.061198274023253396,0.01705580953530994,1.1102230246251565e-16,0.08318203459778128,0.0742415208156938,0.07234027114888775,0.07391686347083026,0.06949068776592304,0.04732157612843302,0.06008738483793996
isoTrapezoid,0.0550790081300927,0.061150657490424365,0.07209578893564139,0.08318203459778128,0.0,0.0412126898674775,0.03533861810324612,0.05528362635431916,0.053479567123837835,0.03258348195301575,0.050844728961308205
kite,0.052276455698548996,0.05713497750175944,0.06110322707765403,0.0742415208156938,0.0412126898674775,0.0,0.012345777810537362,0.0493802163784991,0.04300067092236248,0.04301762616471316,0.05271702026910319
rightKite,0.04429991775122066,0.050350489644120144,0.05847502392273596,0.07234027114888775,0.03533861810324612,0.012345777810537362,1.1102230246251565e-16,0.043482722736493895,0.0386505655024626,0.034530403217911454,0.04903968555051452
rustedHinge,0.06705523487567389,0.059576043258339206,0.06214167794380876,0.07391686347083026,0.05528362635431916,0.0493802163784991,0.043482722736493895,1.1102230246251565e-16,0.007410250879343883,0.048017372105235934,0.0483932965669851
hinge,0.05992757016127248,0.049237235769061916,0.05438730589610252,0.06949068776592304,0.053479567123837835,0.04300067092236248,0.0386505655024626,0.007410250879343883,1.1102230246251565e-16,0.042567592099283624,0.04497892680709481
trapezoid,0.05392949974609562,0.05513633375894211,0.042583230584162024,0.04732157612843302,0.03258348195301575,0.04301762616471316,0.034530403217911454,0.048017372105235934,0.042567592099283624,1.1102230246251565e-16,0.025648709824250382
random,0.07885036374068422,0.07930712352679004,0.0646599558602664,0.06008738483793996,0.050844728961308205,0.05271702026910319,0.04903968555051452,0.0483932965669851,0.04497892680709481,0.025648709824250382,0.0
