,square,rectangle,parallelogram,losange,isoTrapezoid,kite,rightKite,rustedHinge,hinge,trapezoid,random
square,0.0,0.00032327579131696815,0.0005883117819055483,0.0008914669630878391,0.00022646419604255286,0.00018631045054018358,0.0001286128000846931,0.0004154003486607216,0.0003725709987658643,0.0002907693733783523,0.0005657227972215573
rectangle,0.00032327579131696815,0.0,0.00023552443297891745,0.0005796629463976632,0.0007197844792882213,0.0004411800004874289,0.0004068782459988318,0.00030306071097507825,0.00018955457933422792,0.00045080702726940647,0.0008328357819720189
parallelogram,0.0005883117819055483,0.00023552443297891745,0.0,0.00021811381268865837,0.0008476773284583627,0.0007196463998546676,0.000583886515348131,0.0004395016044557165,0.00030683691164845595,0.00036884169193418526,0.0006891221311270401
losange,0.0008914669630878391,0.0005796629463976632,0.00021811381268865837,0.0,0.000988472572042376,0.0009603622481669793,0.0008373399315054764,0.0005720217069664635,0.0005007895961175457,0.0004415121438354763,0.0005213149701154274
isoTrapezoid,0.00022646419604255286,0.0007197844792882213,0.0008476773284583627,0.000988472572042376,0.0,0.0002613313986352672,0.0002156436263540673,0.0007197473401232557,0.0007103071637004632,0.00032269908627557964,0.00047350431912895896
kite,0.00018631045054018358,0.0004411800004874289,0.0007196463998546676,0.0009603622481669793,0.0002613313986352672,0.0,0.00012784561641554504,0.0006265184585748651,0.0006041234864309075,0.0005073554350332188,0.0007534605278265438
rightKite,0.0001286128000846931,0.0004068782459988318,0.000583886515348131,0.0008373399315054764,0.0002156436263540673,0.00012784561641554504,1.1102230246251565e-16,0.000567965924197833,0.0005260300427152309,0.0002850339209578001,0.0006217980920686372
rustedHinge,0.0004154003486607216,0.00030306071097507825,0.0004395016044557165,0.0005720217069664635,0.0007197473401232557,0.0006265184585748651,0.000567965924197833,0.0,4.295851249047633e-05,0.0004861727965754792,0.0006131580552731775
hinge,0.0003725709987658643,0.00018955457933422792,0.00030683691164845595,0.0005007895961175457,0.0007103071637004632,0.0006041234864309075,0.0005260300427152309,4.295851249047633e-05,0.0,0.0004230489062037046,0.0006158248573965297
trapezoid,0.0002907693733783523,0.00045080702726940647,0.00036884169193418526,0.0004415121438354763,0.00032269908627557964,0.0005073554350332188,0.0002850339209578001,0.0004861727965754792,0.0004230489062037046,0.0,0.00021462409661732185
random,0.0005657227972215573,0.0008328357819720189,0.0006891221311270401,0.0005213149701154274,0.00047350431912895896,0.0007534605278265438,0.0006217980920686372,0.0006131580552731775,0.0006158248573965297,0.00021462409661732185,0.0
