,square,rectangle,parallelogram,losange,isoTrapezoid,kite,rightKite,rustedHinge,hinge,trapezoid,random
square,0.0,3943.9204993155804,8513.98185495443,9482.723916884932,12990.528284128857,17322.823172770426,15814.478047696353,17355.452660329272,15108.126656315038,11735.672489368724,14572.634019309873
rectangle,3943.9204993155804,0.0,8152.24618196816,9346.661901098265,13086.707689035973,17301.14563860118,15828.249269473785,17103.10245912102,14778.317145059165,11735.082695329598,14567.814569733957
parallelogram,8513.98185495443,8152.24618196816,0.0,3372.7808057273182,8918.852307784698,12294.5870501234,11065.107162366652,12133.242498657955,9986.985915795034,6822.705578107659,9521.627262107226
losange,9482.723916884932,9346.661901098265,3372.7808057273182,0.0,8779.63595167361,11974.210407973149,10807.117923696276,11786.503526535196,9844.340609314424,6536.321904679683,8823.123265050697
isoTrapezoid,12990.528284128857,13086.707689035973,8918.852307784698,8779.63595167361,0.0,6518.876725767287,5293.921744430697,7392.46640856308,6204.939021994357,4751.789028285432,5386.661116934437
kite,17322.823172770426,17301.14563860118,12294.5870501234,11974.210407973149,6518.876725767287,0.0,3243.4785105738265,5668.357320656936,5985.483730951856,8129.671385470204,6620.929389764395
rightKite,15814.478047696353,15828.249269473785,11065.107162366652,10807.117923696276,5293.921744430697,3243.4785105738265,0.0,5445.194596431336,5224.3860975506805,6656.499059650215,5689.446038651533
rustedHinge,17355.452660329272,17103.10245912102,12133.242498657955,11786.503526535196,7392.46640856308,5668.357320656936,5445.194596431336,0.0,3126.2300600683193,8276.056362584997,6456.864109647829
hinge,15108.126656315038,14778.317145059165,9986.985915795034,9844.340609314424,6204.939021994357,5985.483730951856,5224.3860975506805,3126.2300600683193,0.0,6457.609470216936,5382.342377950888
trapezoid,11735.672489368724,11735.082695329598,6822.705578107659,6536.321904679683,4751.789028285432,8129.671385470204,6656.499059650215,8276.056362584997,6457.609470216936,0.0,4614.519032636182
random,14572.634019309873,14567.814569733957,9521.627262107226,8823.123265050697,5386.661116934437,6620.929389764395,5689.446038651533,6456.864109647829,5382.342377950888,4614.519032636182,0.0
