,square,rectangle,parallelogram,losange,isoTrapezoid,kite,rightKite,rustedHinge,hinge,trapezoid,random
square,0.0,1088.4537332533723,1822.7056648988053,2172.8332008293173,1526.4895559573097,1579.058785574155,1496.0748767422967,1847.329566259813,1705.72235593175,1664.5558417648185,2123.5963806752434
rectangle,1088.4537332533723,0.0,1446.5527506596397,1959.9468500458672,1992.7550865574588,1821.008355023891,1771.3206196978563,1732.8952505679608,1492.887878876974,1839.7720389384635,2333.2193655680726
parallelogram,1822.7056648988053,1446.5527506596397,0.0,1119.4454238642102,2082.9442200672443,2114.6047083572917,1945.4162840586973,1896.3846976105783,1670.796194177871,1542.0638099264966,2054.006973122468
losange,2172.8332008293173,1959.9468500458672,1119.4454238642102,0.0,2210.7307787720847,2350.5312342087536,2191.9586433626405,2098.4005640339315,1975.1401544668206,1596.1381981072218,1873.8785725911541
isoTrapezoid,1526.4895559573097,1992.7550865574588,2082.9442200672443,2210.7307787720847,0.0,1341.5004072742636,1246.1464128904875,2072.585019049176,2034.7061375786473,1331.212399271695,1655.8859480138956
kite,1579.058785574155,1821.008355023891,2114.6047083572917,2350.5312342087536,1341.5004072742636,0.0,908.3908853056781,1996.7265902818879,1937.4192093608428,1825.0765934951248,2067.060569426139
rightKite,1496.0748767422967,1771.3206196978563,1945.4162840586973,2191.9586433626405,1246.1464128904875,908.3908853056781,0.0,1915.1018166130602,1845.69771104255,1444.9117942637022,1857.0150478596158
rustedHinge,1847.329566259813,1732.8952505679608,1896.3846976105783,2098.4005640339315,2072.585019049176,1996.7265902818879,1915.1018166130602,0.0,587.5897248439181,1903.620088799766,1952.8282960849513
hinge,1705.72235593175,1492.887878876974,1670.796194177871,1975.1401544668206,2034.7061375786473,1937.4192093608428,1845.69771104255,587.5897248439181,0.0,1787.7842882286366,1895.814109653352
trapezoid,1664.5558417648185,1839.7720389384635,1542.0638099264966,1596.1381981072218,1331.212399271695,1825.0765934951248,1444.9117942637022,1903.620088799766,1787.7842882286366,0.0,1185.6418216893646
random,2123.5963806752434,2333.2193655680726,2054.006973122468,1873.8785725911541,1655.8859480138956,2067.060569426139,1857.0150478596158,1952.8282960849513,1895.814109653352,1185.6418216893646,0.0
