,square,rectangle,parallelogram,losange,isoTrapezoid,kite,rightKite,rustedHinge,hinge,trapezoid,random
square,0.0,339.1506558611794,478.1666376275339,585.054894078665,297.4003374076284,269.89690443346194,238.90554925387582,402.78007698990683,376.83635558100553,340.88571032641596,466.86660334005757
rectangle,339.1506558611794,0.0,315.8957655919814,482.2777612761878,508.0151489199117,404.70257103940236,392.8072554488713,350.33895266828205,276.6037297302918,417.44044811053874,560.0494035253054
parallelogram,478.1666376275339,315.8957655919814,0.0,283.4052730978217,553.1801903134835,519.2064624927157,469.5809052834458,415.2032187468465,350.3297906227895,373.1451721068083,499.9648093906261
losange,585.054894078665,482.2777612761878,283.4052730978217,0.0,596.8973428490518,597.9831882319003,556.269726012498,476.69862628002164,449.3927973363545,404.2885523471258,440.1667888561313
isoTrapezoid,297.4003374076284,508.0151489199117,553.1801903134835,596.8973428490518,0.0,307.27659116046044,284.1448449358099,512.9273786267689,506.947869362425,339.9074655140449,404.0188536645213
kite,269.89690443346194,404.70257103940236,519.2064624927157,597.9831882319003,307.27659116046044,0.0,219.96163048707683,478.1411853369863,467.2484499790893,433.23041915933806,521.2527909067298
rightKite,238.90554925387582,392.8072554488713,469.5809052834458,556.269726012498,284.1448449358099,219.96163048707683,0.0,460.3922173369697,443.0075392249271,322.51880612422514,465.9237319853881
rustedHinge,402.78007698990683,350.33895266828205,415.2032187468465,476.69862628002164,512.9273786267689,478.1411853369863,460.3922173369697,0.0,134.04281200945795,436.2123004375255,484.89935122074814
hinge,376.83635558100553,276.6037297302918,350.3297906227895,449.3927973363545,506.947869362425,467.2484499790893,443.0075392249271,134.04281200945795,0.0,406.9133905199525,482.23179180874416
trapezoid,340.88571032641596,417.44044811053874,373.1451721068083,404.2885523471258,339.9074655140449,433.23041915933806,322.51880612422514,436.2123004375255,406.9133905199525,0.0,272.6238442153985
random,466.86660334005757,560.0494035253054,499.9648093906261,440.1667888561313,404.0188536645213,521.2527909067298,465.9237319853881,484.89935122074814,482.23179180874416,272.6238442153985,0.0
