,square,rectangle,parallelogram,losange,isoTrapezoid,kite,rightKite,rustedHinge,hinge,trapezoid,random
square,0.0,252.67978842970138,322.55160557069956,392.69627568086287,205.09326203155715,179.1707408681849,146.73671720450167,273.211007280627,261.9358684353404,225.60615943262312,321.2264458159251
rectangle,252.67978842970138,0.0,200.5062716552284,316.545770476602,371.7009003602051,288.61544867470116,277.09692581999286,228.56470984159512,178.8815245015047,288.693365843933,389.09192789889045
parallelogram,322.55160557069956,200.5062716552284,0.0,201.53842768416948,387.0635502674267,350.6448668286544,320.2234511857171,267.7205252698065,224.7007749618823,262.51209968979515,353.488219813131
losange,392.69627568086287,316.545770476602,201.53842768416948,0.0,409.7657761273726,402.44805873274134,381.2718042382649,304.75200620295544,289.06075841539365,281.89199777760797,299.7197856908161
isoTrapezoid,205.09326203155715,371.7009003602051,387.0635502674267,409.7657761273726,0.0,217.22039117524167,200.0609164257389,359.22474302963667,362.2015755816378,240.1391727951067,292.88384071384866
kite,179.1707408681849,288.61544867470116,350.6448668286544,402.44805873274134,217.22039117524167,0.0,148.98441089284063,332.01170148587266,326.98339265590573,292.7308463257015,361.37161141621874
rightKite,146.73671720450167,277.09692581999286,320.2234511857171,381.2718042382649,200.0609164257389,148.98441089284063,0.0,313.20891495205086,304.27247049782557,224.20317691652727,335.7235729254067
rustedHinge,273.211007280627,228.56470984159512,267.7205252698065,304.75200620295544,359.22474302963667,332.01170148587266,313.20891495205086,0.0,86.05261380604617,287.8641905281399,327.8470624049816
hinge,261.9358684353404,178.8815245015047,224.7007749618823,289.06075841539365,362.2015755816378,326.98339265590573,304.27247049782557,86.05261380604617,0.0,273.49600658720675,334.31789360162713
trapezoid,225.60615943262312,288.693365843933,262.51209968979515,281.89199777760797,240.1391727951067,292.7308463257015,224.20317691652727,287.8641905281399,273.49600658720675,0.0,207.24359793068237
random,321.2264458159251,389.09192789889045,353.488219813131,299.7197856908161,292.88384071384866,361.37161141621874,335.7235729254067,327.8470624049816,334.31789360162713,207.24359793068237,0.0
