,square,rectangle,parallelogram,losange,isoTrapezoid,kite,rightKite,rustedHinge,hinge,trapezoid,random
square,0.0,312.656058204478,429.7705227597513,519.6514345462652,265.16711545756175,239.7217549847895,204.00192685771648,356.0547058930016,336.0668255934191,301.28845216780667,416.0988874861854
rectangle,312.656058204478,0.0,276.78671518189384,423.25516548137637,463.4103388589539,370.72926879681495,355.6288900752689,303.39824339081815,238.47879257764103,374.9062747949817,503.8764144123265
parallelogram,429.7705227597513,276.78671518189384,0.0,251.8117544736944,503.74840949898714,473.56985320421745,428.8814350543905,367.97191268004985,310.5217584050552,341.14610580994866,456.90757835003046
losange,519.6514345462652,423.25516548137637,251.8117544736944,0.0,536.7961186726948,540.4388340005894,503.4896984983735,421.7746257907483,397.98851848787814,365.50879654830595,398.59265036589096
isoTrapezoid,265.16711545756175,463.4103388589539,503.74840949898714,536.7961186726948,0.0,279.83432714216605,255.58960161824666,463.7670741787898,461.6348908241602,310.7326317191544,370.6321529438677
kite,239.7217549847895,370.72926879681495,473.56985320421745,540.4388340005894,279.83432714216605,0.0,199.82487674230882,435.06303974438384,428.8448958201453,395.8960298229787,477.9907716331923
rightKite,204.00192685771648,355.6288900752689,428.8814350543905,503.4896984983735,255.58960161824666,199.82487674230882,0.0,416.3564446995893,402.4957066696723,295.7910290979298,430.2241058295943
rustedHinge,356.0547058930016,303.39824339081815,367.97191268004985,421.7746257907483,463.7670741787898,435.06303974438384,416.3564446995893,0.0,118.11947016451455,390.160301177011,437.9267846608349
hinge,336.0668255934191,238.47879257764103,310.5217584050552,397.98851848787814,461.6348908241602,428.8448958201453,402.4957066696723,118.11947016451455,0.0,365.1199816177378,438.35473450402765
trapezoid,301.28845216780667,374.9062747949817,341.14610580994866,365.50879654830595,310.7326317191544,395.8960298229787,295.7910290979298,390.160301177011,365.1199816177378,0.0,251.57712139679245
random,416.0988874861854,503.8764144123265,456.90757835003046,398.59265036589096,370.6321529438677,477.9907716331923,430.2241058295943,437.9267846608349,438.35473450402765,251.57712139679245,0.0
