,square,rectangle,parallelogram,losange,isoTrapezoid,kite,rightKite,rustedHinge,hinge,trapezoid,random
square,0.0,461.67213212527264,676.0929577559917,840.7587666808025,422.0382794021116,397.17484698476903,356.56112942708967,577.8873971766756,538.6624532484524,485.81347505504453,669.836571669725
rectangle,461.67213212527264,0.0,454.22944395295514,703.0177630959848,705.1575384742004,572.8792225889883,553.5569276647243,510.96365758927914,408.97755325428716,587.1120271549133,796.3727390137608
parallelogram,676.0929577559917,454.22944395295514,0.0,403.46213975099437,783.7045197405839,741.2567468111929,666.2556916621986,599.2302669149101,505.94019634493867,524.4120890119201,710.6251348749611
losange,840.7587666808025,703.0177630959848,403.46213975099437,0.0,857.9226483328933,865.8538561421929,802.3894111615575,696.2381678049721,655.3810399771229,578.9972523277221,632.7520702340261
isoTrapezoid,422.0382794021116,705.1575384742004,783.7045197405839,857.9226483328933,0.0,429.19880049416366,402.4117809836856,730.0804740662572,718.8721854781644,478.5872065005226,576.3988259420056
kite,397.17484698476903,572.8792225889883,741.2567468111929,865.8538561421929,429.19880049416366,0.0,308.65011610765146,690.611682883321,673.8363924155965,617.992600868631,747.7013071447614
rightKite,356.56112942708967,553.5569276647243,666.2556916621986,802.3894111615575,402.4117809836856,308.65011610765146,0.0,663.1210929088822,637.341579042844,460.8280099581724,667.8175167446942
rustedHinge,577.8873971766756,510.96365758927914,599.2302669149101,696.2381678049721,730.0804740662572,690.611682883321,663.1210929088822,0.0,188.64312992987473,626.0210620155243,692.0147849106131
hinge,538.6624532484524,408.97755325428716,505.94019634493867,655.3810399771229,718.8721854781644,673.8363924155965,637.341579042844,188.64312992987473,0.0,581.530716673253,683.5943092965172
trapezoid,485.81347505504453,587.1120271549133,524.4120890119201,578.9972523277221,478.5872065005226,617.992600868631,460.8280099581724,626.0210620155243,581.530716673253,0.0,387.9919864117334
random,669.836571669725,796.3727390137608,710.6251348749611,632.7520702340261,576.3988259420056,747.7013071447614,667.8175167446942,692.0147849106131,683.5943092965172,387.9919864117334,0.0
