,square,rectangle,parallelogram,losange,isoTrapezoid,kite,rightKite,rustedHinge,hinge,trapezoid,random
square,0.0,628.4812714288825,978.3852798824595,1219.348166667253,661.8843595106268,650.1997681820775,609.2778803880207,879.2386120899324,808.3286984195745,763.9716319017678,1037.3812069349308
rectangle,628.4812714288825,0.0,700.9266593044898,1052.4170171445903,1013.5669567342221,855.7963278175594,837.9317093461996,802.2596837380903,654.6638847949048,885.4127922263282,1191.0552585177602
parallelogram,978.3852798824595,700.9266593044898,0.0,601.1252775347118,1124.2685632645334,1092.2073630777704,978.3166828299293,935.6194326349951,794.2698756231372,767.1881716039405,1054.661062073979
losange,1219.348166667253,1052.4170171445903,601.1252775347118,0.0,1229.9868737294753,1268.0002457983417,1166.5540923492808,1068.3987943877833,998.7285521697507,835.1059377195319,942.8037211803096
isoTrapezoid,661.8843595106268,1013.5669567342221,1124.2685632645334,1229.9868737294753,0.0,642.9938554870705,599.6972110420314,1075.6143730064216,1049.04433017275,694.3239323251086,853.3846020554487
kite,650.1997681820775,855.7963278175594,1092.2073630777704,1268.0002457983417,642.9938554870705,0.0,458.2968782052855,1043.6700565160584,1008.8626871959043,926.3647297465324,1113.6335293592679
rightKite,609.2778803880207,837.9317093461996,978.3166828299293,1166.5540923492808,599.6972110420314,458.2968782052855,0.0,1011.1226062114309,966.2876052001675,698.2271710804838,992.6712351296505
rustedHinge,879.2386120899324,802.2596837380903,935.6194326349951,1068.3987943877833,1075.6143730064216,1043.6700565160584,1011.1226062114309,0.0,285.50489974025436,962.4971378233237,1035.314949198044
hinge,808.3286984195745,654.6638847949048,794.2698756231372,998.7285521697507,1049.04433017275,1008.8626871959043,966.2876052001675,285.50489974025436,0.0,888.5194867087836,1009.6199720147397
trapezoid,763.9716319017678,885.4127922263282,767.1881716039405,835.1059377195319,694.3239323251086,926.3647297465324,698.2271710804838,962.4971378233237,888.5194867087836,0.0,584.5837143989994
random,1037.3812069349308,1191.0552585177602,1054.661062073979,942.8037211803096,853.3846020554487,1113.6335293592679,992.6712351296505,1035.314949198044,1009.6199720147397,584.5837143989994,0.0
