,square,rectangle,parallelogram,losange,isoTrapezoid,kite,rightKite,rustedHinge,hinge,trapezoid,random
square,0.0,212.96547368581005,258.1212377581429,313.40334025524515,171.6763221383307,147.0850559698107,116.02532026039746,224.37458675826167,217.00189462202687,184.54377096934408,263.60330661903237
rectangle,212.96547368581005,0.0,161.33117775700936,255.65876538075716,317.2405943439723,242.06974160001377,230.12584545549473,183.37992862802875,144.06426025831078,238.87893655583844,322.154556721186
parallelogram,258.1212377581429,161.33117775700936,0.0,162.81881995044836,316.89183157971416,280.725156062952,255.67240602365735,211.68334973200854,179.06442758221186,211.89285882597292,289.48609042570376
losange,313.40334025524515,255.65876538075716,162.81881995044836,0.0,330.71932241055913,319.3103334271916,302.5977306666059,241.93533538158863,231.06247576607703,224.76768622132371,240.802157307095
isoTrapezoid,171.6763221383307,317.2405943439723,316.89183157971416,330.71932241055913,0.0,182.05759103627716,166.48970975541454,300.3240023076366,304.87781301240983,200.34061205272698,246.00105573131813
kite,147.0850559698107,242.06974160001377,280.725156062952,319.3103334271916,182.05759103627716,0.0,121.18149891092075,271.5763733570918,268.764481381608,236.0230248556454,291.80400787053804
rightKite,116.02532026039746,230.12584545549473,255.67240602365735,302.5977306666059,166.48970975541454,121.18149891092075,0.0,252.76880479365013,246.92236551568615,182.2445608679199,275.4530166517525
rustedHinge,224.37458675826167,183.37992862802875,211.68334973200854,241.93533538158863,300.3240023076366,271.5763733570918,252.76880479365013,0.0,67.57746607057676,233.8155445118635,269.41579087174273
hinge,217.00189462202687,144.06426025831078,179.06442758221186,231.06247576607703,304.87781301240983,268.764481381608,246.92236551568615,67.57746607057676,0.0,223.74589082498002,276.1780095008164
trapezoid,184.54377096934408,238.87893655583844,211.89285882597292,224.76768622132371,200.34061205272698,236.0230248556454,182.2445608679199,233.8155445118635,223.74589082498002,0.0,176.23731786465478
random,263.60330661903237,322.154556721186,289.48609042570376,240.802157307095,246.00105573131813,291.80400787053804,275.4530166517525,269.41579087174273,276.1780095008164,176.23731786465478,0.0
