,square,rectangle,parallelogram,losange,isoTrapezoid,kite,rightKite,rustedHinge,hinge,trapezoid,random
square,0.0,3157.4148974827767,7760.383529918246,8637.000323680246,12523.838835645729,16956.17904049975,15454.100552531543,16887.709261974407,14595.705655302394,11172.546619693858,13976.68807024223
rectangle,3157.4148974827767,0.0,7377.5084693620265,8397.401665643914,12469.348402452548,16828.41646356221,15350.649901101566,16613.341129188244,14257.176822204026,11031.546464075469,13840.493854864453
parallelogram,7760.383529918246,7377.5084693620265,0.0,2705.5874834774495,7844.449049205603,11621.900137972323,10345.175664999366,11450.955732316888,9257.805527834287,5941.180701198841,8625.78302716115
losange,8637.000323680246,8397.401665643914,2705.5874834774495,0.0,7534.0171265581985,11150.297889602909,9930.861401233611,10970.7447375672,8929.857832066495,5546.811523961201,7888.474532605547
isoTrapezoid,12523.838835645729,12469.348402452548,7844.449049205603,7534.0171265581985,0.0,5853.932467012487,4578.954179224511,6371.638556308719,4994.060395302052,3741.756089402411,4274.161651508091
kite,16956.17904049975,16828.41646356221,11621.900137972323,11150.297889602909,5853.932467012487,0.0,2745.8346694459797,4514.0387665693,5011.179704069483,7438.195548166241,5642.758961155361
rightKite,15454.100552531543,15350.649901101566,10345.175664999366,9930.861401233611,4578.954179224511,2745.8346694459797,0.0,4400.829920068081,4204.582448315132,5974.020329775724,4714.104412553
rustedHinge,16887.709261974407,16613.341129188244,11450.955732316888,10970.7447375672,6371.638556308719,4514.0387665693,4400.829920068081,0.0,2859.7566591948284,7480.175459518806,5507.099464661097
hinge,14595.705655302394,14257.176822204026,9257.805527834287,8929.857832066495,4994.060395302052,5011.179704069483,4204.582448315132,2859.7566591948284,0.0,5547.653956486131,4333.039479979059
trapezoid,11172.546619693858,11031.546464075469,5941.180701198841,5546.811523961201,3741.756089402411,7438.195548166241,5974.020329775724,7480.175459518806,5547.653956486131,0.0,4000.6350366832203
random,13976.68807024223,13840.493854864453,8625.78302716115,7888.474532605547,4274.161651508091,5642.758961155361,4714.104412553,5507.099464661097,4333.039479979059,4000.6350366832203,0.0
