,square,rectangle,parallelogram,losange,isoTrapezoid,kite,rightKite,rustedHinge,hinge,trapezoid,random
square,0.0,1586.4004816383951,2978.826145553504,3408.2896029444596,2763.889134231922,2845.0642470829644,2718.6349875215565,3224.2497020271758,3010.957148189326,2864.0098145418287,3487.4704080439733
rectangle,1586.4004816383951,0.0,2580.4082213685515,3207.1251342823557,3239.6192823104348,3084.0619703472803,2994.209965645775,3064.062628863827,2746.6533891699523,3055.969047317363,3689.609692723185
parallelogram,2978.826145553504,2580.4082213685515,0.0,1709.7717503117833,3415.0962805568756,3343.5136685167668,3274.9636923523703,3294.1525537135612,2984.0757098397944,2621.8414611335725,3290.755933452038
losange,3408.2896029444596,3207.1251342823557,1709.7717503117833,0.0,3558.0096047977936,3592.2582173534643,3547.509134300809,3528.145526559155,3334.7799830881,2650.4087959573444,3046.317365454637
isoTrapezoid,2763.889134231922,3239.6192823104348,3415.0962805568756,3558.0096047977936,0.0,2301.369389746134,2087.15330084895,3169.8760640423275,3153.2292836378265,2118.9712700274727,2659.9473825575137
kite,2845.0642470829644,3084.0619703472803,3343.5136685167668,3592.2582173534643,2301.369389746134,0.0,1464.750845767149,3057.299822264305,2932.8552963913344,2736.8135876696488,2993.632383834552
rightKite,2718.6349875215565,2994.209965645775,3274.9636923523703,3547.509134300809,2087.15330084895,1464.750845767149,0.0,2872.6781494785596,2781.6620700494673,2306.4712294974806,2822.0260440168336
rustedHinge,3224.2497020271758,3064.062628863827,3294.1525537135612,3528.145526559155,3169.8760640423275,3057.299822264305,2872.6781494785596,0.0,986.6199493430878,2985.5422892393244,3007.8382574645116
hinge,3010.957148189326,2746.6533891699523,2984.0757098397944,3334.7799830881,3153.2292836378265,2932.8552963913344,2781.6620700494673,986.6199493430878,0.0,2818.5585961631864,2894.8623627744296
trapezoid,2864.0098145418287,3055.969047317363,2621.8414611335725,2650.4087959573444,2118.9712700274727,2736.8135876696488,2306.4712294974806,2985.5422892393244,2818.5585961631864,0.0,1843.437509804087
random,3487.4704080439733,3689.609692723185,3290.755933452038,3046.317365454637,2659.9473825575137,2993.632383834552,2822.0260440168336,3007.8382574645116,2894.8623627744296,1843.437509804087,0.0
