,square,rectangle,parallelogram,losange,isoTrapezoid,kite,rightKite,rustedHinge,hinge,trapezoid,random
square,0.0,9499.941883138592,14357.473309487394,16720.29594861875,18424.15068268798,21320.339246307958,19633.929747823673,22441.356993151123,20420.693917457098,17020.623895170167,21204.89839350026
rectangle,9499.941883138592,0.0,13542.084657606134,16705.44210093033,19421.67278330107,21894.226219783533,20448.302263565918,21982.991152571387,19594.790639136758,17624.20341532223,21667.339908843947
parallelogram,14357.473309487394,13542.084657606134,0.0,7569.33496045042,16205.823285131986,17644.12138075776,16368.981177514217,17361.879858554712,15262.953268687894,12204.592574526458,16166.701171734767
losange,16720.29594861875,16705.44210093033,7569.33496045042,0.0,16916.89892912293,18586.709420984418,17404.228068227705,18204.13672046479,16616.751754424873,12371.748103496526,15325.578476522158
isoTrapezoid,18424.15068268798,19421.67278330107,16205.823285131986,16916.89892912293,0.0,11022.88767133479,10061.783657548724,13917.19156500267,13160.382470432833,10188.248709699377,11847.09698235498
kite,21320.339246307958,21894.226219783533,17644.12138075776,18586.709420984418,11022.88767133479,0.0,6420.83249333032,12167.604189357442,11998.126128638203,13060.68379565611,13349.484758971481
rightKite,19633.929747823673,20448.302263565918,16368.981177514217,17404.228068227705,10061.783657548724,6420.83249333032,0.0,11850.90046507678,11572.377415443636,11258.247988276647,12393.57634949349
rustedHinge,22441.356993151123,21982.991152571387,17361.879858554712,18204.13672046479,13917.19156500267,12167.604189357442,11850.90046507678,0.0,5195.635594680298,13951.053802103224,13231.712693515652
hinge,20420.693917457098,19594.790639136758,15262.953268687894,16616.751754424873,13160.382470432833,11998.126128638203,11572.377415443636,5195.635594680298,0.0,12360.012963002484,12398.486806846326
trapezoid,17020.623895170167,17624.20341532223,12204.592574526458,12371.748103496526,10188.248709699377,13060.68379565611,11258.247988276647,13951.053802103224,12360.012963002484,0.0,8787.240718546142
random,21204.89839350026,21667.339908843947,16166.701171734767,15325.578476522158,11847.09698235498,13349.484758971481,12393.57634949349,13231.712693515652,12398.486806846326,8787.240718546142,0.0
