,square,rectangle,parallelogram,losange,isoTrapezoid,kite,rightKite,rustedHinge,hinge,trapezoid,random
square,0.0,3490.677066519627,8073.910000674098,8967.214200304548,12739.712570331883,17132.664607199204,15641.964869784191,17117.615389582075,14846.419768405982,11426.523170108243,14241.26351170031
rectangle,3490.677066519627,0.0,7723.405664649799,8782.376594588033,12772.545513277211,17071.270294240207,15611.009911858484,16884.83147040073,14547.524055438103,11363.930862662792,14179.325484159905
parallelogram,8073.910000674098,7723.405664649799,0.0,2936.5074136985504,8307.867563692926,11899.751571004617,10668.896786713534,11743.868314339938,9576.362634201769,6292.47027099901,8974.130981666196
losange,8967.214200304548,8782.376594588033,2936.5074136985504,0.0,8059.548095589652,11476.968280998644,10304.447453215833,11300.814536094827,9303.813578812487,5933.863141354807,8249.732626597417
isoTrapezoid,12739.712570331883,12772.545513277211,8307.867563692926,8059.548095589652,0.0,6162.605211152706,4916.378011394358,6839.043235980774,5560.287525513994,4202.366755032897,4786.311283675808
kite,17132.664607199204,17071.270294240207,11899.751571004617,11476.968280998644,6162.605211152706,0.0,2986.7938482215245,5014.564312054364,5422.370113667687,7719.557456074451,6025.76372254706
rightKite,15641.964869784191,15611.009911858484,10668.896786713534,10304.447453215833,4916.378011394358,2986.7938482215245,0.0,4866.050034192577,4663.118241741281,6280.518904692172,5126.524013618217
rustedHinge,17117.615389582075,16884.83147040073,11743.868314339938,11300.814536094827,6839.043235980774,5014.564312054364,4866.050034192577,0.0,2981.5575823173585,7831.334681623868,5895.459655146691
hinge,14846.419768405982,14547.524055438103,9576.362634201769,9303.813578812487,5560.287525513994,5422.370113667687,4663.118241741281,2981.5575823173585,0.0,5951.322928517113,4766.029803217536
trapezoid,11426.523170108243,11363.930862662792,6292.47027099901,5933.863141354807,4202.366755032897,7719.557456074451,6280.518904692172,7831.334681623868,5951.322928517113,0.0,4269.074016103636
random,14241.26351170031,14179.325484159905,8974.130981666196,8249.732626597417,4786.311283675808,6025.76372254706,5126.524013618217,5895.459655146691,4766.029803217536,4269.074016103636,0.0
