,square,rectangle,parallelogram,losange,isoTrapezoid,kite,rightKite,rustedHinge,hinge,trapezoid,random
square,0.0,26.170753905589265,36.607504922350685,43.57903596173845,43.80883719793771,42.023987090117586,39.81301049054617,48.0117157058686,46.05148787996301,39.93980006395992,51.28150976717757
rectangle,26.170753905589265,0.0,35.829325769154785,44.78658772446333,48.35657865070468,45.97256202648014,44.38403546619128,47.87306006455148,44.555902777862705,43.28733773992129,54.17331899400423
parallelogram,36.607504922350685,35.829325769154785,0.0,19.071921453005775,45.26458158548776,41.26394537670136,39.85554303349341,41.67371178254206,38.71040724242389,31.775078204588286,42.96777637661493
losange,43.57903596173845,44.78658772446333,19.071921453005775,0.0,48.85387423389687,46.34581497909614,44.73993850833276,45.8413168841537,44.20817924725571,34.1380726964465,41.9767812188195
isoTrapezoid,43.80883719793771,48.35657865070468,45.26458158548776,48.85387423389687,0.0,29.27028604847267,28.18283036092691,37.91262400626527,37.0572962885664,30.122414258312837,35.474608442070256
kite,42.023987090117586,45.97256202648014,41.26394537670136,46.34581497909614,29.27028604847267,0.0,16.68963515021431,33.35526266703633,31.65843616068234,31.483273574488926,35.65453672166762
rightKite,39.81301049054617,44.38403546619128,39.85554303349341,44.73993850833276,28.18283036092691,16.68963515021431,0.0,32.059595872413915,31.679926482996706,28.57306440804293,33.824161494873096
rustedHinge,48.0117157058686,47.87306006455148,41.67371178254206,45.8413168841537,37.91262400626527,33.35526266703633,32.059595872413915,0.0,13.528784072595585,35.60817063606367,35.29436434328434
hinge,46.05148787996301,44.555902777862705,38.71040724242389,44.20817924725571,37.0572962885664,31.65843616068234,31.679926482996706,13.528784072595585,0.0,32.9827345418361,34.483149874763676
trapezoid,39.93980006395992,43.28733773992129,31.775078204588286,34.1380726964465,30.122414258312837,31.483273574488926,28.57306440804293,35.60817063606367,32.9827345418361,0.0,24.18091779443227
random,51.28150976717757,54.17331899400423,42.96777637661493,41.9767812188195,35.474608442070256,35.65453672166762,33.824161494873096,35.29436434328434,34.483149874763676,24.18091779443227,0.0
