,square,rectangle,parallelogram,losange,isoTrapezoid,kite,rightKite,rustedHinge,hinge,trapezoid,random
square,1.1102230246251565e-16,1.6478498265914965e-07,2.573784086967734e-07,3.624312138184038e-07,9.671999201543713e-08,6.842255428907151e-08,4.2711473802192756e-08,1.7872016966347104e-07,1.722183242680586e-07,1.123543205139299e-07,2.42880137446555e-07
rectangle,1.6478498265914965e-07,0.0,8.105441384742562e-08,2.124439081319096e-07,3.2941278771403404e-07,2.0054056903973105e-07,1.8661314626911008e-07,1.165840111116978e-07,7.23310367156671e-08,1.944274812260005e-07,3.614939921847693e-07
parallelogram,2.573784086967734e-07,8.105441384742562e-08,0.0,8.473851242918329e-08,3.6864683283788224e-07,2.909981861032307e-07,2.515436224870271e-07,1.5184653245903235e-07,1.0505804637350735e-07,1.797686124405118e-07,3.0964564234903236e-07
losange,3.624312138184038e-07,2.124439081319096e-07,8.473851242918329e-08,0.0,3.9866097778507026e-07,3.80464971194705e-07,3.4123067094160575e-07,1.9703381992641766e-07,1.7279645980750047e-07,1.9420202701514455e-07,2.1285887652489066e-07
isoTrapezoid,9.671999201543713e-08,3.2941278771403404e-07,3.6864683283788224e-07,3.9866097778507026e-07,0.0,1.0722688670306013e-07,8.781916538413981e-08,3.0022469910129246e-07,3.131377558363013e-07,1.283099384519204e-07,1.9283825658522602e-07
kite,6.842255428907151e-08,2.0054056903973105e-07,2.909981861032307e-07,3.80464971194705e-07,1.0722688670306013e-07,0.0,4.6293461508639666e-08,2.6483011161815284e-07,2.599727504382088e-07,1.88187782579341e-07,3.035016798991208e-07
rightKite,4.2711473802192756e-08,1.8661314626911008e-07,2.515436224870271e-07,3.4123067094160575e-07,8.781916538413981e-08,4.6293461508639666e-08,0.0,2.3010539629275684e-07,2.226460009691067e-07,1.0950109641250094e-07,2.5777610412891505e-07
rustedHinge,1.7872016966347104e-07,1.165840111116978e-07,1.5184653245903235e-07,1.9703381992641766e-07,3.0022469910129246e-07,2.6483011161815284e-07,2.3010539629275684e-07,0.0,1.5825920907097668e-08,1.8350129349364863e-07,2.562606267186851e-07
hinge,1.722183242680586e-07,7.23310367156671e-08,1.0505804637350735e-07,1.7279645980750047e-07,3.131377558363013e-07,2.599727504382088e-07,2.226460009691067e-07,1.5825920907097668e-08,1.1102230246251565e-16,1.689658081227563e-07,2.6699396338258907e-07
trapezoid,1.123543205139299e-07,1.944274812260005e-07,1.797686124405118e-07,1.9420202701514455e-07,1.283099384519204e-07,1.88187782579341e-07,1.0950109641250094e-07,1.8350129349364863e-07,1.689658081227563e-07,0.0,1.0127039795637671e-07
random,2.42880137446555e-07,3.614939921847693e-07,3.0964564234903236e-07,2.1285887652489066e-07,1.9283825658522602e-07,3.035016798991208e-07,2.5777610412891505e-07,2.562606267186851e-07,2.6699396338258907e-07,1.0127039795637671e-07,0.0
