,square,rectangle,parallelogram,losange,isoTrapezoid,kite,rightKite,rustedHinge,hinge,trapezoid,random
square,0.0,0.030348550497495963,0.08392572526016528,0.10245098917213802,0.11515085664717273,0.10822363381495692,0.0885688104156298,0.12658894378794705,0.11672565495935505,0.110480960712107,0.1485079785558271
rectangle,0.030348550497495963,0.0,0.0748940901705566,0.09849349669672547,0.13649588772861876,0.12088617153224157,0.10520429898188988,0.12933957033331267,0.11390191625537294,0.11986726612662468,0.15978382060542795
parallelogram,0.08392572526016528,0.0748940901705566,1.1102230246251565e-16,0.014859118071447797,0.1068010300817962,0.08511487316717214,0.08214902135106028,0.08782560928128591,0.07280836315636208,0.061373215677459125,0.0937538984253572
losange,0.10245098917213802,0.09849349669672547,0.014859118071447797,1.1102230246251565e-16,0.11785290566236573,0.09779223779106039,0.09370707185141935,0.0946430679602216,0.08416903087198602,0.06567061824912701,0.08450201267375335
isoTrapezoid,0.11515085664717273,0.13649588772861876,0.1068010300817962,0.11785290566236573,1.1102230246251565e-16,0.04340180907166358,0.04318363903509015,0.08842739271911282,0.07430236278641467,0.04556842642568393,0.06474896927281926
kite,0.10822363381495692,0.12088617153224157,0.08511487316717214,0.09779223779106039,0.04340180907166358,0.0,0.014633173221649698,0.05992258237116843,0.044798871394002626,0.05499298124236185,0.05547833587513995
rightKite,0.0885688104156298,0.10520429898188988,0.08214902135106028,0.09370707185141935,0.04318363903509015,0.014633173221649698,0.0,0.04697981142820962,0.03907425236238349,0.057023108947555357,0.05712493852532474
rustedHinge,0.12658894378794705,0.12933957033331267,0.08782560928128591,0.0946430679602216,0.08842739271911282,0.05992258237116843,0.04697981142820962,1.1102230246251565e-16,0.013157884277667842,0.08833841205638482,0.06494821341506363
hinge,0.11672565495935505,0.11390191625537294,0.07280836315636208,0.08416903087198602,0.07430236278641467,0.044798871394002626,0.03907425236238349,0.013157884277667842,0.0,0.06975562305517602,0.05076589897965911
trapezoid,0.110480960712107,0.11986726612662468,0.061373215677459125,0.06567061824912701,0.04556842642568393,0.05499298124236185,0.057023108947555357,0.08833841205638482,0.06975562305517602,0.0,0.04503707016495839
random,0.1485079785558271,0.15978382060542795,0.0937538984253572,0.08450201267375335,0.06474896927281926,0.05547833587513995,0.05712493852532474,0.06494821341506363,0.05076589897965911,0.04503707016495839,0.0
