,square,rectangle,parallelogram,losange,isoTrapezoid,kite,rightKite,rustedHinge,hinge,trapezoid,random
square,0.0,1.279557848010704e-06,3.6126650133638805e-06,5.3608377427183385e-06,2.49832871523914e-06,2.8736693807873692e-06,2.6646187090140216e-06,3.7964970455162117e-06,3.2774378478928057e-06,3.0245460905797827e-06,5.147623366119625e-06
rectangle,1.279557848010704e-06,0.0,2.1475900912060197e-06,4.214576746486287e-06,4.2409011417055e-06,3.7455049252121952e-06,3.6305896983224173e-06,3.3610102112557882e-06,2.535555318261551e-06,3.6601819816128867e-06,6.080594841861853e-06
parallelogram,3.6126650133638805e-06,2.1475900912060197e-06,0.0,1.3019874793851471e-06,4.81914676164763e-06,5.040908445330672e-06,4.406853211125217e-06,3.83236196721537e-06,3.0055658720717915e-06,2.6339102183747798e-06,4.726729810000663e-06
losange,5.3608377427183385e-06,4.214576746486287e-06,1.3019874793851471e-06,1.1102230246251565e-16,5.5116514259268e-06,6.131723068736328e-06,5.469471103136669e-06,4.658001136692569e-06,4.140274196373639e-06,2.8665869782340536e-06,3.944222590757107e-06
isoTrapezoid,2.49832871523914e-06,4.2409011417055e-06,4.81914676164763e-06,5.5116514259268e-06,0.0,1.9408712509383363e-06,1.6982720385527728e-06,4.536959243184313e-06,4.450206273487467e-06,1.8246519809528294e-06,3.0571844822357974e-06
kite,2.8736693807873692e-06,3.7455049252121952e-06,5.040908445330672e-06,6.131723068736328e-06,1.9408712509383363e-06,0.0,8.148245886907546e-07,4.164920786697834e-06,3.942948812563074e-06,3.484961927591179e-06,4.470113288856936e-06
rightKite,2.6646187090140216e-06,3.6305896983224173e-06,4.406853211125217e-06,5.469471103136669e-06,1.6982720385527728e-06,8.148245886907546e-07,1.1102230246251565e-16,3.854606859254872e-06,3.6254639170785197e-06,2.2619042637783693e-06,3.617627182150862e-06
rustedHinge,3.7964970455162117e-06,3.3610102112557882e-06,3.83236196721537e-06,4.658001136692569e-06,4.536959243184313e-06,4.164920786697834e-06,3.854606859254872e-06,1.1102230246251565e-16,3.6310219042601233e-07,3.994916309202345e-06,3.969608776244193e-06
hinge,3.2774378478928057e-06,2.535555318261551e-06,3.0055658720717915e-06,4.140274196373639e-06,4.450206273487467e-06,3.942948812563074e-06,3.6254639170785197e-06,3.6310219042601233e-07,1.1102230246251565e-16,3.5887889621166735e-06,3.7814757566367874e-06
trapezoid,3.0245460905797827e-06,3.6601819816128867e-06,2.6339102183747798e-06,2.8665869782340536e-06,1.8246519809528294e-06,3.484961927591179e-06,2.2619042637783693e-06,3.994916309202345e-06,3.5887889621166735e-06,0.0,1.6864239448244334e-06
random,5.147623366119625e-06,6.080594841861853e-06,4.726729810000663e-06,3.944222590757107e-06,3.0571844822357974e-06,4.470113288856936e-06,3.617627182150862e-06,3.969608776244193e-06,3.7814757566367874e-06,1.6864239448244334e-06,0.0
