,square,rectangle,parallelogram,losange,isoTrapezoid,kite,rightKite,rustedHinge,hinge,trapezoid,random
square,1.1102230246251565e-16,3.502972618107947e-05,9.885277771815026e-05,0.00011905125014788354,0.00011616593979824064,0.00011748876836026323,9.925964308010737e-05,0.0001275252659317383,0.00012137897827735333,0.0001238345682890163,0.00015419180339792948
rectangle,3.502972618107947e-05,1.1102230246251565e-16,8.309595357147703e-05,0.00011158625585827586,0.00013740442230825156,0.00012972735443772532,0.00011566806538976238,0.0001254640809743579,0.00011380961957097036,0.000131024174805483,0.0001638813487868651
parallelogram,9.885277771815026e-05,8.309595357147703e-05,0.0,2.5764282421625317e-05,0.00012098965552787,0.00010708727520303274,0.00010212192007408305,0.00010379188719189525,9.104800035297789e-05,7.021255549566341e-05,0.00010323981412674321
losange,0.00011905125014788354,0.00011158625585827586,2.5764282421625317e-05,0.0,0.0001299128242864267,0.00011879031402695084,0.00011372339773285667,0.00011223374350544102,0.00010535395911825951,7.172277364153601e-05,8.909710960380846e-05
isoTrapezoid,0.00011616593979824064,0.00013740442230825156,0.00012098965552787,0.0001299128242864267,0.0,6.438127887964384e-05,5.675045122199851e-05,0.00010675660477343918,0.00010174121044592699,5.895627185070751e-05,8.679478875373015e-05
kite,0.00011748876836026323,0.00012972735443772532,0.00010708727520303274,0.00011879031402695084,6.438127887964384e-05,0.0,2.3324606435282114e-05,8.709706212128854e-05,7.830236324790629e-05,8.431637341843601e-05,8.876269455249108e-05
rightKite,9.925964308010737e-05,0.00011566806538976238,0.00010212192007408305,0.00011372339773285667,5.675045122199851e-05,2.3324606435282114e-05,0.0,7.393886189288601e-05,6.768746278684734e-05,7.325771091548638e-05,8.238791442471971e-05
rustedHinge,0.0001275252659317383,0.0001254640809743579,0.00010379188719189525,0.00011223374350544102,0.00010675660477343918,8.709706212128854e-05,7.393886189288601e-05,0.0,1.3505960097859315e-05,0.00010459398771411887,8.914724528219509e-05
hinge,0.00012137897827735333,0.00011380961957097036,9.104800035297789e-05,0.00010535395911825951,0.00010174121044592699,7.830236324790629e-05,6.768746278684734e-05,1.3505960097859315e-05,0.0,9.42082267779698e-05,8.032553595516134e-05
trapezoid,0.0001238345682890163,0.000131024174805483,7.021255549566341e-05,7.172277364153601e-05,5.895627185070751e-05,8.431637341843601e-05,7.325771091548638e-05,0.00010459398771411887,9.42082267779698e-05,0.0,5.4031750337024675e-05
random,0.00015419180339792948,0.0001638813487868651,0.00010323981412674321,8.909710960380846e-05,8.679478875373015e-05,8.876269455249108e-05,8.238791442471971e-05,8.914724528219509e-05,8.032553595516134e-05,5.4031750337024675e-05,0.0
