,square,rectangle,parallelogram,losange,isoTrapezoid,kite,rightKite,rustedHinge,hinge,trapezoid,random
square,1.1102230246251565e-16,1.4194421482649489e-07,2.517106020283322e-07,3.58770754660398e-07,8.730533340717272e-08,6.788797513035405e-08,4.50261485873682e-08,1.7049881884112494e-07,1.580825406133357e-07,1.0976067343904106e-07,2.3181003616645768e-07
rectangle,1.4194421482649489e-07,1.1102230246251565e-16,8.680118923631852e-08,2.1767408941997246e-07,2.9075239849074563e-07,1.816094704620852e-07,1.6870053631823367e-07,1.1912921438206325e-07,7.371061017114044e-08,1.804069607036496e-07,3.4068010257293224e-07
parallelogram,2.517106020283322e-07,8.680118923631852e-08,0.0,8.141961327368108e-08,3.5303808443298834e-07,2.946741224363336e-07,2.49068718205514e-07,1.6370193933745725e-07,1.1311393721680219e-07,1.6588167739417514e-07,2.922025261753447e-07
losange,3.58770754660398e-07,2.1767408941997246e-07,8.141961327368108e-08,0.0,3.940521745571246e-07,3.872872319510279e-07,3.3989879077989116e-07,2.1081472467709972e-07,1.8370526211342053e-07,1.833913033655321e-07,2.0911871279061245e-07
isoTrapezoid,8.730533340717272e-08,2.9075239849074563e-07,3.5303808443298834e-07,3.940521745571246e-07,0.0,9.858577820764935e-08,8.1215911440502e-08,2.832100147731609e-07,2.8673332230777504e-07,1.2264870541400796e-07,1.8284922642664014e-07
kite,6.788797513035405e-08,1.816094704620852e-07,2.946741224363336e-07,3.872872319510279e-07,9.858577820764935e-08,0.0,4.645953877169262e-08,2.5656972146848034e-07,2.4852722280144235e-07,1.931519520992353e-07,3.0526561933807983e-07
rightKite,4.50261485873682e-08,1.6870053631823367e-07,2.49068718205514e-07,3.3989879077989116e-07,8.1215911440502e-08,4.645953877169262e-08,1.1102230246251565e-16,2.281708060269949e-07,2.1614407463843577e-07,1.0873197897609543e-07,2.49762272197529e-07
rustedHinge,1.7049881884112494e-07,1.1912921438206325e-07,1.6370193933745725e-07,2.1081472467709972e-07,2.832100147731609e-07,2.5656972146848034e-07,2.281708060269949e-07,0.0,1.636540880589621e-08,1.8478361907270369e-07,2.4791064079376923e-07
hinge,1.580825406133357e-07,7.371061017114044e-08,1.1311393721680219e-07,1.8370526211342053e-07,2.8673332230777504e-07,2.4852722280144235e-07,2.1614407463843577e-07,1.636540880589621e-08,1.1102230246251565e-16,1.64489579512761e-07,2.523929309994344e-07
trapezoid,1.0976067343904106e-07,1.804069607036496e-07,1.6588167739417514e-07,1.833913033655321e-07,1.2264870541400796e-07,1.931519520992353e-07,1.0873197897609543e-07,1.8478361907270369e-07,1.64489579512761e-07,1.1102230246251565e-16,8.861242284385895e-08
random,2.3181003616645768e-07,3.4068010257293224e-07,2.922025261753447e-07,2.0911871279061245e-07,1.8284922642664014e-07,3.0526561933807983e-07,2.49762272197529e-07,2.4791064079376923e-07,2.523929309994344e-07,8.861242284385895e-08,0.0
