,square,rectangle,parallelogram,losange,isoTrapezoid,kite,rightKite,rustedHinge,hinge,trapezoid,random
square,0.0,1.894324372253564e-06,5.758469352468154e-06,8.300093738200509e-06,3.970278084963752e-06,4.953347322644852e-06,4.4201405947630334e-06,6.184136157050268e-06,5.4657828107984585e-06,5.018373095744266e-06,8.105006308767315e-06
rectangle,1.894324372253564e-06,0.0,3.693653460756785e-06,6.762454739184243e-06,6.567758632725074e-06,6.297116916020862e-06,5.879661997831853e-06,5.613886770006182e-06,4.453173674368038e-06,6.048996654683947e-06,9.537030319028972e-06
parallelogram,5.758469352468154e-06,3.693653460756785e-06,0.0,2.1198534797539637e-06,7.48195150779285e-06,8.077294012420744e-06,7.078044003017148e-06,6.344408241765187e-06,5.183189955459966e-06,4.346657288434308e-06,7.528533951028926e-06
losange,8.300093738200509e-06,6.762454739184243e-06,2.1198534797539637e-06,0.0,8.488799142725156e-06,9.538021546240394e-06,8.561927443140327e-06,7.520207082389874e-06,6.809653882333677e-06,4.705460644460757e-06,6.269828974336811e-06
isoTrapezoid,3.970278084963752e-06,6.567758632725074e-06,7.48195150779285e-06,8.488799142725156e-06,0.0,3.1873791342951208e-06,2.769322328677326e-06,6.908827461460376e-06,6.8288148026285356e-06,2.9571044941612e-06,4.925002906275289e-06
kite,4.953347322644852e-06,6.297116916020862e-06,8.077294012420744e-06,9.538021546240394e-06,3.1873791342951208e-06,0.0,1.3004290616569492e-06,6.301318236867637e-06,5.99453760508073e-06,5.572917262108845e-06,6.79671907943824e-06
rightKite,4.4201405947630334e-06,5.879661997831853e-06,7.078044003017148e-06,8.561927443140327e-06,2.769322328677326e-06,1.3004290616569492e-06,0.0,5.73305615292341e-06,5.404707714262713e-06,3.720858651079517e-06,5.5614142694393465e-06
rustedHinge,6.184136157050268e-06,5.613886770006182e-06,6.344408241765187e-06,7.520207082389874e-06,6.908827461460376e-06,6.301318236867637e-06,5.73305615292341e-06,0.0,5.583884348236978e-07,6.26386237323473e-06,5.964338324115914e-06
hinge,5.4657828107984585e-06,4.453173674368038e-06,5.183189955459966e-06,6.809653882333677e-06,6.8288148026285356e-06,5.99453760508073e-06,5.404707714262713e-06,5.583884348236978e-07,0.0,5.710803501646211e-06,5.674627220231265e-06
trapezoid,5.018373095744266e-06,6.048996654683947e-06,4.346657288434308e-06,4.705460644460757e-06,2.9571044941612e-06,5.572917262108845e-06,3.720858651079517e-06,6.26386237323473e-06,5.710803501646211e-06,0.0,2.885538070485083e-06
random,8.105006308767315e-06,9.537030319028972e-06,7.528533951028926e-06,6.269828974336811e-06,4.925002906275289e-06,6.79671907943824e-06,5.5614142694393465e-06,5.964338324115914e-06,5.674627220231265e-06,2.885538070485083e-06,0.0
