,square,rectangle,parallelogram,losange,isoTrapezoid,kite,rightKite,rustedHinge,hinge,trapezoid,random
square,0.0,4.2544660361354403e-07,9.720035528681947e-07,1.4664747161052816e-06,3.8300397098289807e-07,3.552551698371431e-07,2.9086907360476033e-07,7.357094219395677e-07,6.301362026617241e-07,5.08197012139e-07,9.676808213621158e-07
rectangle,4.2544660361354403e-07,0.0,4.5474699572611854e-07,1.0388223584678613e-06,1.0123120052218937e-06,6.889478563198992e-07,6.560742924488494e-07,5.874630987223739e-07,3.8038484684310703e-07,7.293570531974325e-07,1.334409112208057e-06
parallelogram,9.720035528681947e-07,4.5474699572611854e-07,0.0,3.3357275019962884e-07,1.2819224278759478e-06,1.18889538125444e-06,9.739828820132246e-07,8.015704168196081e-07,5.760690183764794e-07,5.915669286649106e-07,1.0725615999795934e-06
losange,1.4664747161052816e-06,1.0388223584678613e-06,3.3357275019962884e-07,1.1102230246251565e-16,1.5117486638072108e-06,1.5830491880697295e-06,1.3502419151656397e-06,1.0582393932256906e-06,9.279864796596371e-07,6.96650345965999e-07,8.51105166788102e-07
isoTrapezoid,3.8300397098289807e-07,1.0123120052218937e-06,1.2819224278759478e-06,1.5117486638072108e-06,0.0,4.052023095946211e-07,3.535588400938039e-07,1.1218787251410234e-06,1.082917633010716e-06,4.7670687419731905e-07,7.084093818221504e-07
kite,3.552551698371431e-07,6.889478563198992e-07,1.18889538125444e-06,1.5830491880697295e-06,4.052023095946211e-07,0.0,2.0887617735443342e-07,1.0455982250023865e-06,9.843194940239997e-07,8.409912833906574e-07,1.2227129592146113e-06
rightKite,2.9086907360476033e-07,6.560742924488494e-07,9.739828820132246e-07,1.3502419151656397e-06,3.535588400938039e-07,2.0887617735443342e-07,1.1102230246251565e-16,9.75911243816796e-07,8.977977196122922e-07,4.686458823233153e-07,9.577111710346031e-07
rustedHinge,7.357094219395677e-07,5.874630987223739e-07,8.015704168196081e-07,1.0582393932256906e-06,1.1218787251410234e-06,1.0455982250023865e-06,9.75911243816796e-07,1.1102230246251565e-16,7.989474382075201e-08,8.66756845629979e-07,1.027804576669844e-06
hinge,6.301362026617241e-07,3.8038484684310703e-07,5.760690183764794e-07,9.279864796596371e-07,1.082917633010716e-06,9.843194940239997e-07,8.977977196122922e-07,7.989474382075201e-08,0.0,7.454618951019398e-07,9.887548608755736e-07
trapezoid,5.08197012139e-07,7.293570531974325e-07,5.915669286649106e-07,6.96650345965999e-07,4.7670687419731905e-07,8.409912833906574e-07,4.686458823233153e-07,8.66756845629979e-07,7.454618951019398e-07,0.0,3.2171953490145455e-07
random,9.676808213621158e-07,1.334409112208057e-06,1.0725615999795934e-06,8.51105166788102e-07,7.084093818221504e-07,1.2227129592146113e-06,9.577111710346031e-07,1.027804576669844e-06,9.887548608755736e-07,3.2171953490145455e-07,1.1102230246251565e-16
