,square,rectangle,parallelogram,losange,isoTrapezoid,kite,rightKite,rustedHinge,hinge,trapezoid,random
square,1.1102230246251565e-16,1.0225604362257279e-05,3.894900629697329e-05,4.916559185874636e-05,3.9932126461028616e-05,4.300760538744619e-05,3.6135094558020775e-05,4.9698544543508305e-05,4.6276704465331164e-05,4.71616244386297e-05,6.182688080180743e-05
rectangle,1.0225604362257279e-05,0.0,2.962937183359493e-05,4.2832634935985325e-05,5.000279428402088e-05,4.7093556490018784e-05,4.174266103396107e-05,4.660317116067514e-05,4.115310188113064e-05,5.044295222533801e-05,6.528918369008707e-05
parallelogram,3.894900629697329e-05,2.962937183359493e-05,0.0,1.0956017620133984e-05,4.751146751336144e-05,4.3972075478793116e-05,4.101916087606572e-05,4.2176068753896345e-05,3.693780704938643e-05,2.7401583545971775e-05,4.266941529651458e-05
losange,4.916559185874636e-05,4.2832634935985325e-05,1.0956017620133984e-05,1.1102230246251565e-16,5.19250138956151e-05,5.053713057634468e-05,4.747928308967975e-05,4.722579803051463e-05,4.44678600073356e-05,2.869933771676436e-05,3.5912326494025315e-05
isoTrapezoid,3.9932126461028616e-05,5.000279428402088e-05,4.751146751336144e-05,5.19250138956151e-05,0.0,2.524098120315621e-05,2.1616950228731113e-05,4.55724899822707e-05,4.4298335147852086e-05,2.2154116209538444e-05,3.538232053412749e-05
kite,4.300760538744619e-05,4.7093556490018784e-05,4.3972075478793116e-05,5.053713057634468e-05,2.524098120315621e-05,1.1102230246251565e-16,8.900316462945312e-06,3.798861014026045e-05,3.5057584842457246e-05,3.591106826439372e-05,3.937691906219509e-05
rightKite,3.6135094558020775e-05,4.174266103396107e-05,4.101916087606572e-05,4.747928308967975e-05,2.1616950228731113e-05,8.900316462945312e-06,0.0,3.225823738051137e-05,3.017424097373489e-05,2.898846453336379e-05,3.53114946476385e-05
rustedHinge,4.9698544543508305e-05,4.660317116067514e-05,4.2176068753896345e-05,4.722579803051463e-05,4.55724899822707e-05,3.798861014026045e-05,3.225823738051137e-05,0.0,4.474692728684282e-06,4.390357517025656e-05,3.885249364388166e-05
hinge,4.6276704465331164e-05,4.115310188113064e-05,3.693780704938643e-05,4.44678600073356e-05,4.4298335147852086e-05,3.5057584842457246e-05,3.017424097373489e-05,4.474692728684282e-06,0.0,4.0647713659303086e-05,3.5747480995107495e-05
trapezoid,4.71616244386297e-05,5.044295222533801e-05,2.7401583545971775e-05,2.869933771676436e-05,2.2154116209538444e-05,3.591106826439372e-05,2.898846453336379e-05,4.390357517025656e-05,4.0647713659303086e-05,0.0,2.0713898988167223e-05
random,6.182688080180743e-05,6.528918369008707e-05,4.266941529651458e-05,3.5912326494025315e-05,3.538232053412749e-05,3.937691906219509e-05,3.53114946476385e-05,3.885249364388166e-05,3.5747480995107495e-05,2.0713898988167223e-05,0.0
