,square,rectangle,parallelogram,losange,isoTrapezoid,kite,rightKite,rustedHinge,hinge,trapezoid,random
square,0.0,8.796774928487849e-07,2.254606748408605e-06,3.403827963266437e-06,1.3076278690959953e-06,1.4646363084569458e-06,1.3393841166164933e-06,2.1629331319328315e-06,1.8659325793368708e-06,1.5952477881997496e-06,2.8742765315614704e-06
rectangle,8.796774928487849e-07,0.0,1.2263969247916506e-06,2.5833607876224463e-06,2.5507567579241552e-06,2.100958460093949e-06,2.03204892645914e-06,1.8452887924347294e-06,1.350065043093096e-06,2.0436141336954705e-06,3.571808769753382e-06
parallelogram,2.254606748408605e-06,1.2263969247916506e-06,0.0,8.129856835514815e-07,3.0752726042360123e-06,3.132980114450845e-06,2.6499950713798626e-06,2.241347014653172e-06,1.7171007612448719e-06,1.5983270895691959e-06,2.8435816538108227e-06
losange,3.403827963266437e-06,2.5833607876224463e-06,8.129856835514815e-07,0.0,3.5842786028084106e-06,3.936163299744777e-06,3.4158834724129505e-06,2.8290820845988662e-06,2.5084118367990627e-06,1.8117612274881623e-06,2.3610180368560663e-06
isoTrapezoid,1.3076278690959953e-06,2.5507567579241552e-06,3.0752726042360123e-06,3.5842786028084106e-06,1.1102230246251565e-16,1.1325794403438394e-06,9.95754546040395e-07,2.9102799145031e-06,2.826229925534385e-06,1.1397988256556246e-06,1.837688219707978e-06
kite,1.4646363084569458e-06,2.100958460093949e-06,3.132980114450845e-06,3.936163299744777e-06,1.1325794403438394e-06,1.1102230246251565e-16,5.174798128892988e-07,2.706833462706726e-06,2.5740595167578206e-06,2.182887215651519e-06,2.9208510685663214e-06
rightKite,1.3393841166164933e-06,2.03204892645914e-06,2.6499950713798626e-06,3.4158834724129505e-06,9.95754546040395e-07,5.174798128892988e-07,0.0,2.5350751405861516e-06,2.3693163062610267e-06,1.3189428271775938e-06,2.3040563146281556e-06
rustedHinge,2.1629331319328315e-06,1.8452887924347294e-06,2.241347014653172e-06,2.8290820845988662e-06,2.9102799145031e-06,2.706833462706726e-06,2.5350751405861516e-06,0.0,2.1737759103857002e-07,2.478356614488142e-06,2.597453262809246e-06
hinge,1.8659325793368708e-06,1.350065043093096e-06,1.7171007612448719e-06,2.5084118367990627e-06,2.826229925534385e-06,2.5740595167578206e-06,2.3693163062610267e-06,2.1737759103857002e-07,1.1102230246251565e-16,2.19292919045877e-06,2.4655784761629107e-06
trapezoid,1.5952477881997496e-06,2.0436141336954705e-06,1.5983270895691959e-06,1.8117612274881623e-06,1.1397988256556246e-06,2.182887215651519e-06,1.3189428271775938e-06,2.478356614488142e-06,2.19292919045877e-06,0.0,9.442464438125242e-07
random,2.8742765315614704e-06,3.571808769753382e-06,2.8435816538108227e-06,2.3610180368560663e-06,1.837688219707978e-06,2.9208510685663214e-06,2.3040563146281556e-06,2.597453262809246e-06,2.4655784761629107e-06,9.442464438125242e-07,0.0
