,square,rectangle,parallelogram,losange,isoTrapezoid,kite,rightKite,rustedHinge,hinge,trapezoid,random
square,0.0,2.204613345990758e-05,6.61446141836386e-05,8.224970257397768e-05,7.635768689850941e-05,7.684502516269731e-05,6.602537300437472e-05,9.079352167074006e-05,8.418291304801429e-05,8.093200638137343e-05,0.00010625094527072498
rectangle,2.204613345990758e-05,0.0,5.110830519017284e-05,7.223264635591864e-05,8.81130808034758e-05,8.027698515533643e-05,7.281382919765989e-05,8.357657772783966e-05,7.33057645635471e-05,8.28824886869306e-05,0.00010712911383015111
parallelogram,6.61446141836386e-05,5.110830519017284e-05,0.0,1.7709361057383077e-05,7.98980776882674e-05,6.890741635345865e-05,6.593810836574843e-05,7.078905843527217e-05,6.054425034340838e-05,4.512774061604663e-05,6.824834957741555e-05
losange,8.224970257397768e-05,7.223264635591864e-05,1.7709361057383077e-05,0.0,8.543149497985958e-05,7.746897223936955e-05,7.392314415222145e-05,7.677833890795682e-05,7.075997822103552e-05,4.61408527083762e-05,5.749542494770665e-05
isoTrapezoid,7.635768689850941e-05,8.81130808034758e-05,7.98980776882674e-05,8.543149497985958e-05,0.0,4.093191008902597e-05,3.601997700042325e-05,7.399650695716353e-05,7.011671437007205e-05,3.656013157060656e-05,5.688469867348722e-05
kite,7.684502516269731e-05,8.027698515533643e-05,6.890741635345865e-05,7.746897223936955e-05,4.093191008902597e-05,1.1102230246251565e-16,1.4691316594261927e-05,6.085323778448615e-05,5.448425603804541e-05,5.45444432764608e-05,5.9301607746253815e-05
rightKite,6.602537300437472e-05,7.281382919765989e-05,6.593810836574843e-05,7.392314415222145e-05,3.601997700042325e-05,1.4691316594261927e-05,0.0,5.080937141999087e-05,4.635420281773328e-05,4.6659406782167956e-05,5.46194114848797e-05
rustedHinge,9.079352167074006e-05,8.357657772783966e-05,7.078905843527217e-05,7.677833890795682e-05,7.399650695716353e-05,6.085323778448615e-05,5.080937141999087e-05,0.0,7.955645455526295e-06,7.20232244999508e-05,6.148760002544496e-05
hinge,8.418291304801429e-05,7.33057645635471e-05,6.054425034340838e-05,7.075997822103552e-05,7.011671437007205e-05,5.448425603804541e-05,4.635420281773328e-05,7.955645455526295e-06,1.1102230246251565e-16,6.434305983393784e-05,5.5016026005882956e-05
trapezoid,8.093200638137343e-05,8.28824886869306e-05,4.512774061604663e-05,4.61408527083762e-05,3.656013157060656e-05,5.45444432764608e-05,4.6659406782167956e-05,7.20232244999508e-05,6.434305983393784e-05,1.1102230246251565e-16,3.44793507286445e-05
random,0.00010625094527072498,0.00010712911383015111,6.824834957741555e-05,5.749542494770665e-05,5.688469867348722e-05,5.9301607746253815e-05,5.46194114848797e-05,6.148760002544496e-05,5.5016026005882956e-05,3.44793507286445e-05,0.0
