,square,rectangle,parallelogram,losange,isoTrapezoid,kite,rightKite,rustedHinge,hinge,trapezoid,random
square,0.0,1432.3524629232606,1746.4839010215094,1927.192330347854,1286.8477650879543,1236.6439926177372,1019.5520429416566,1465.5399154954848,1345.1585101838436,799.3701305995827,1413.567795990945
rectangle,1432.3524629232606,0.0,665.4181901160866,1089.6390920480494,2400.3663733393514,1968.3657448097938,1797.0634408066196,1079.0117311388133,619.6191812169172,1326.9277721228868,2010.4105083494887
parallelogram,1746.4839010215094,665.4181901160866,0.0,474.9097528429853,2584.40809720824,2178.4971141848296,2060.889292580186,1251.1891685285643,897.3344088560048,1397.7792203538122,1954.698250604734
losange,1927.192330347854,1089.6390920480494,474.9097528429853,0.0,2620.2118669803763,2275.612556621363,2218.5527288317703,1460.7587181083748,1209.3920603253778,1469.2399327750645,1872.5191914084432
isoTrapezoid,1286.8477650879543,2400.3663733393514,2584.40809720824,2620.2118669803763,0.0,1135.725423917764,1349.5037118964,2240.1777045468552,2270.3783021390973,1542.488829791211,1464.1602930701479
kite,1236.6439926177372,1968.3657448097938,2178.4971141848296,2275.612556621363,1135.725423917764,0.0,812.0377470632432,1936.3022186773512,1943.462632680502,1512.0978063692146,1795.044891614399
rightKite,1019.5520429416566,1797.0634408066196,2060.889292580186,2218.5527288317703,1349.5037118964,812.0377470632432,0.0,1635.7110082802712,1690.0122991880764,1332.236177553467,1767.6750877321074
rustedHinge,1465.5399154954848,1079.0117311388133,1251.1891685285643,1460.7587181083748,2240.1777045468552,1936.3022186773512,1635.7110082802712,0.0,569.3947438089428,1361.7326854145183,1831.605396332707
hinge,1345.1585101838436,619.6191812169172,897.3344088560048,1209.3920603253778,2270.3783021390973,1943.462632680502,1690.0122991880764,569.3947438089428,0.0,1211.442428712852,1808.4325239472437
trapezoid,799.3701305995827,1326.9277721228868,1397.7792203538122,1469.2399327750645,1542.488829791211,1512.0978063692146,1332.236177553467,1361.7326854145183,1211.442428712852,0.0,900.8986507485428
random,1413.567795990945,2010.4105083494887,1954.698250604734,1872.5191914084432,1464.1602930701479,1795.044891614399,1767.6750877321074,1831.605396332707,1808.4325239472437,900.8986507485428,0.0
