,square,rectangle,parallelogram,losange,isoTrapezoid,kite,rightKite,rustedHinge,hinge,trapezoid,random
square,0.0,264.24733103439576,337.5448437612429,378.2510708439615,277.2464650126037,294.2441146969489,240.9070835998367,320.667141519964,279.47820720231726,209.06056254460563,323.0882536454185
rectangle,264.24733103439576,0.0,174.59579406695096,259.6322211315612,479.07416351225334,423.40493595066664,369.8799651517429,267.14905886527674,173.75910346560556,278.1569648374904,439.62528233561045
parallelogram,337.5448437612429,174.59579406695096,0.0,129.33802311054572,505.0132732012739,470.478713838135,418.3041022285468,295.2133511266326,213.72192010791971,260.75278356557055,409.26666811846076
losange,378.2510708439615,259.6322211315612,129.33802311054572,0.0,510.92695619683553,495.28868444706717,449.99501763963394,323.83384328038017,262.89409139679736,265.9871270322329,383.0409760226635
isoTrapezoid,277.2464650126037,479.07416351225334,505.0132732012739,510.92695619683553,0.0,242.34870275077984,276.46896938171017,466.62341189913536,465.118956386112,324.60594173116044,302.22139742335827
kite,294.2441146969489,423.40493595066664,470.478713838135,495.28868444706717,242.34870275077984,0.0,198.62042710470703,452.53917289041874,440.9536565224051,378.97891595090516,425.91282451965577
rightKite,240.9070835998367,369.8799651517429,418.3041022285468,449.99501763963394,276.46896938171017,198.62042710470703,0.0,381.5753502085527,376.21207882612765,317.35222765500794,397.85716420789095
rustedHinge,320.667141519964,267.14905886527674,295.2133511266326,323.83384328038017,466.62341189913536,452.53917289041874,381.5753502085527,0.0,128.46380868924106,324.59086618347936,402.7132713946066
hinge,279.47820720231726,173.75910346560556,213.72192010791971,262.89409139679736,465.118956386112,440.9536565224051,376.21207882612765,128.46380868924106,0.0,273.9459418419083,390.1217288721287
trapezoid,209.06056254460563,278.1569648374904,260.75278356557055,265.9871270322329,324.60594173116044,378.97891595090516,317.35222765500794,324.59086618347936,273.9459418419083,0.0,209.24361277487
random,323.0882536454185,439.62528233561045,409.26666811846076,383.0409760226635,302.22139742335827,425.91282451965577,397.85716420789095,402.7132713946066,390.1217288721287,209.24361277487,0.0
