,square,rectangle,parallelogram,losange,isoTrapezoid,kite,rightKite,rustedHinge,hinge,trapezoid,random
square,0.0,1665.5874714580364,2215.5674158433885,2579.8267329002597,2404.7433349775383,2277.9107942127457,2204.0011509555684,2647.4176552504296,2371.550940650987,1792.0807796366344,2581.803516360858
rectangle,1665.5874714580364,0.0,1347.8237267889556,1951.2704512214495,3281.231304373749,2847.0245930206847,2768.180755398675,2393.7684464037075,1919.6114342435662,2167.037492175098,3046.2090303401533
parallelogram,2215.5674158433885,1347.8237267889556,0.0,858.6063108139091,3297.127105082517,2872.2815853303027,2811.258649276224,2304.578006342828,1916.1470220227027,1917.6228035763627,2735.638912998261
losange,2579.8267329002597,1951.2704512214495,858.6063108139091,0.0,3262.373118330773,2899.6712755602434,2875.890102124143,2350.9576255842144,2080.4068414375356,1917.0722210449405,2523.058153502652
isoTrapezoid,2404.7433349775383,3281.231304373749,3297.127105082517,3262.373118330773,0.0,1516.4166520447109,1676.521371535937,2640.66762140352,2699.3609831369067,1877.9183574130989,1837.2907506668807
kite,2277.9107942127457,2847.0245930206847,2872.2815853303027,2899.6712755602434,1516.4166520447109,0.0,996.6700490099803,2288.5613577259705,2296.463773136833,1868.0579155691041,2106.141775868609
rightKite,2204.0011509555684,2768.180755398675,2811.258649276224,2875.890102124143,1676.521371535937,996.6700490099803,0.0,2000.9485940280258,2091.8964646530653,1704.2324127856423,2093.61758661435
rustedHinge,2647.4176552504296,2393.7684464037075,2304.578006342828,2350.9576255842144,2640.66762140352,2288.5613577259705,2000.9485940280258,0.0,812.6230518760201,1907.581604806022,2209.0286025358128
hinge,2371.550940650987,1919.6114342435662,1916.1470220227027,2080.4068414375356,2699.3609831369067,2296.463773136833,2091.8964646530653,812.6230518760201,0.0,1729.9585216270034,2225.412017114874
trapezoid,1792.0807796366344,2167.037492175098,1917.6228035763627,1917.0722210449405,1877.9183574130989,1868.0579155691041,1704.2324127856423,1907.581604806022,1729.9585216270034,0.0,1326.1026161350228
random,2581.803516360858,3046.2090303401533,2735.638912998261,2523.058153502652,1837.2907506668807,2106.141775868609,2093.61758661435,2209.0286025358128,2225.412017114874,1326.1026161350228,0.0
