,square,rectangle,parallelogram,losange,isoTrapezoid,kite,rightKite,rustedHinge,hinge,trapezoid,random
square,0.0,75.87322604165959,86.14405127628719,102.95185336576368,58.282764927929925,46.13669742118737,37.59543800929898,75.89677767605033,75.45187068403048,59.03776600343524,82.16675031111377
rectangle,75.87322604165959,0.0,54.521518989077634,79.2824783874558,102.92488356355341,80.76641110177823,78.63427261690842,55.70727692154566,44.35699733527209,79.71252571086625,99.84890161888009
parallelogram,86.14405127628719,54.521518989077634,0.0,56.002966565254695,101.62003185288899,89.47075639862021,83.48840930991558,66.40737499613708,58.210811563418126,77.77781662201934,94.95565382620696
losange,102.95185336576368,79.2824783874558,56.002966565254695,0.0,105.53801053283681,101.29183971899502,98.85005284813175,73.90981304843534,71.84594930815317,82.81412200481311,83.14898311015331
isoTrapezoid,58.282764927929925,102.92488356355341,101.62003185288899,105.53801053283681,0.0,60.55165143869679,57.83917002837199,97.58928988230647,99.8034435695712,65.61467844672163,77.35389854337697
kite,46.13669742118737,80.76641110177823,89.47075639862021,101.29183971899502,60.55165143869679,0.0,39.93170487659896,86.86135021257762,86.78504749759544,71.14997288302833,86.99727354600549
rightKite,37.59543800929898,78.63427261690842,83.48840930991558,98.85005284813175,57.83917002837199,39.93170487659896,0.0,81.68945175058414,81.19937833190619,56.90249503001561,84.90102954108582
rustedHinge,75.89677767605033,55.70727692154566,66.40737499613708,73.90981304843534,97.58928988230647,86.86135021257762,81.68945175058414,0.0,23.85693792331035,77.50392943511031,87.71904606276603
hinge,75.45187068403048,44.35699733527209,58.210811563418126,71.84594930815317,99.8034435695712,86.78504749759544,81.19937833190619,23.85693792331035,0.0,76.22930032630263,90.11670039353291
trapezoid,59.03776600343524,79.71252571086625,77.77781662201934,82.81412200481311,65.61467844672163,71.14997288302833,56.90249503001561,77.50392943511031,76.22930032630263,0.0,62.21681661901534
random,82.16675031111377,99.84890161888009,94.95565382620696,83.14898311015331,77.35389854337697,86.99727354600549,84.90102954108582,87.71904606276603,90.11670039353291,62.21681661901534,0.0
