,square,rectangle,parallelogram,losange,isoTrapezoid,kite,rightKite,rustedHinge,hinge,trapezoid,random
square,0.0,37.144169108646494,45.93103975352512,55.198759066218436,28.182472461604902,23.532388946715816,19.48550620292302,38.847259093609836,38.02320803214153,30.22396876239395,42.82528488134001
rectangle,37.144169108646494,0.0,27.676578924184682,41.7520161435208,49.50380941271184,40.029854283125175,39.11592349022838,29.865730402386205,23.581639179243034,40.30938755626851,50.97146898547018
parallelogram,45.93103975352512,27.676578924184682,0.0,29.18022077343533,52.80804279483026,48.40674356510204,44.93136268125472,36.0730661566673,30.629900973312353,40.44903045283689,49.466799701732356
losange,55.198759066218436,41.7520161435208,29.18022077343533,0.0,56.00362356632308,55.709238282608666,53.4385400109624,40.017967519619525,38.0438567845059,43.236987559916166,43.25107081683678
isoTrapezoid,28.182472461604902,49.50380941271184,52.80804279483026,56.00362356632308,0.0,29.44002421443364,27.931071197687434,48.669106894579116,49.14299441431024,32.40680340016674,39.328254756056104
kite,23.532388946715816,40.029854283125175,48.40674356510204,55.709238282608666,29.44002421443364,0.0,20.130453616261665,45.19708601072488,44.758547895473235,38.45858141315267,47.482571765536655
rightKite,19.48550620292302,39.11592349022838,44.93136268125472,53.4385400109624,27.931071197687434,20.130453616261665,0.0,42.88919871756922,42.08783297698536,30.017363920407472,44.639309113538864
rustedHinge,38.847259093609836,29.865730402386205,36.0730661566673,40.017967519619525,48.669106894579116,45.19708601072488,42.88919871756922,0.0,12.116680896343588,40.30161828999175,44.723553598746264
hinge,38.02320803214153,23.581639179243034,30.629900973312353,38.0438567845059,49.14299441431024,44.758547895473235,42.08783297698536,12.116680896343588,0.0,38.905681984935576,45.48172881841284
trapezoid,30.22396876239395,40.30938755626851,40.44903045283689,43.236987559916166,32.40680340016674,38.45858141315267,30.017363920407472,40.30161828999175,38.905681984935576,0.0,30.155243942534803
random,42.82528488134001,50.97146898547018,49.466799701732356,43.25107081683678,39.328254756056104,47.482571765536655,44.639309113538864,44.723553598746264,45.48172881841284,30.155243942534803,0.0
