,square,rectangle,parallelogram,losange,isoTrapezoid,kite,rightKite,rustedHinge,hinge,trapezoid,random
square,0.0,0.011089562975002853,0.01704443226988661,0.024652479447754172,0.006806460845224627,0.004553318964253816,0.0031584703780375145,0.011999458454967193,0.011385088225705386,0.007976820680637875,0.016392656417633544
rectangle,0.011089562975002853,1.1102230246251565e-16,0.006377385064765262,0.01498697011648531,0.02071808516925977,0.013521363142513843,0.012669675012764059,0.00763636802290002,0.004679909932721382,0.013804523020245929,0.02299206906715323
parallelogram,0.01704443226988661,0.006377385064765262,0.0,0.006663962501403886,0.022789816664600338,0.01923099170504372,0.016377934182038367,0.01086146887763595,0.007740421698379296,0.012583984212947597,0.02013874630424195
losange,0.024652479447754172,0.01498697011648531,0.006663962501403886,0.0,0.025082670072282487,0.025226054474134396,0.02303152912033457,0.013830705208212835,0.01256780607024477,0.013963413365144062,0.014162321505141517
isoTrapezoid,0.006806460845224627,0.02071808516925977,0.022789816664600338,0.025082670072282487,0.0,0.007093932132338221,0.006318469485983469,0.019631091909619647,0.020015992364610824,0.008468762951080788,0.012761032831475005
kite,0.004553318964253816,0.013521363142513843,0.01923099170504372,0.025226054474134396,0.007093932132338221,1.1102230246251565e-16,0.003430801084682078,0.016868220549653423,0.016552431802726253,0.012745389494354442,0.01968147955242161
rightKite,0.0031584703780375145,0.012669675012764059,0.016377934182038367,0.02303152912033457,0.006318469485983469,0.003430801084682078,1.1102230246251565e-16,0.01515572049473457,0.014541658207835484,0.007538508188589699,0.017275058729748105
rustedHinge,0.011999458454967193,0.00763636802290002,0.01086146887763595,0.013830705208212835,0.019631091909619647,0.016868220549653423,0.01515572049473457,1.1102230246251565e-16,0.0012357652313131906,0.013510871178124328,0.017181062989126805
hinge,0.011385088225705386,0.004679909932721382,0.007740421698379296,0.01256780607024477,0.020015992364610824,0.016552431802726253,0.014541658207835484,0.0012357652313131906,0.0,0.01252429059037563,0.01783414103918679
trapezoid,0.007976820680637875,0.013804523020245929,0.012583984212947597,0.013963413365144062,0.008468762951080788,0.012745389494354442,0.007538508188589699,0.013510871178124328,0.01252429059037563,0.0,0.007256846039941589
random,0.016392656417633544,0.02299206906715323,0.02013874630424195,0.014162321505141517,0.012761032831475005,0.01968147955242161,0.017275058729748105,0.017181062989126805,0.01783414103918679,0.007256846039941589,0.0
