,square,rectangle,parallelogram,losange,isoTrapezoid,kite,rightKite,rustedHinge,hinge,trapezoid,random
square,1.1102230246251565e-16,0.031842188425189266,0.04724003765611384,0.06927595414816079,0.02070631624361563,0.015265656399914174,0.009480676000174215,0.03541296786826009,0.033216227013464716,0.02399208049935264,0.04901715973240883
rectangle,0.031842188425189266,0.0,0.018308744740372696,0.04583675746524862,0.07035536499117034,0.04111186917321352,0.03709869708065494,0.023528400988100495,0.014550652494986882,0.039980234249026636,0.07280430273432559
parallelogram,0.04724003765611384,0.018308744740372696,0.0,0.018762719294013852,0.07083919226427726,0.055825567517186814,0.04621573940270407,0.03162433104739826,0.022695284699772444,0.031743541204445336,0.05935430774961825
losange,0.06927595414816079,0.04583675746524862,0.018762719294013852,0.0,0.07677446799910281,0.07185173522510002,0.06441604516555577,0.041121770234270105,0.03760794539218648,0.03554574360025109,0.04085817165756245
isoTrapezoid,0.02070631624361563,0.07035536499117034,0.07083919226427726,0.07677446799910281,1.1102230246251565e-16,0.02327036897393997,0.019432449638193572,0.06315640544422152,0.06524939305190147,0.028142252510372723,0.04248114773951239
kite,0.015265656399914174,0.04111186917321352,0.055825567517186814,0.07185173522510002,0.02327036897393997,0.0,0.01033460722502988,0.05184001743891575,0.05090801077409923,0.03921390683406001,0.06001567346873293
rightKite,0.009480676000174215,0.03709869708065494,0.04621573940270407,0.06441604516555577,0.019432449638193572,0.01033460722502988,0.0,0.04483682436084979,0.04289775525673767,0.023341238219344196,0.05338706528005799
rustedHinge,0.03541296786826009,0.023528400988100495,0.03162433104739826,0.041121770234270105,0.06315640544422152,0.05184001743891575,0.04483682436084979,0.0,0.0032056028595396358,0.038370632954117134,0.05100606677053687
hinge,0.033216227013464716,0.014550652494986882,0.022695284699772444,0.03760794539218648,0.06524939305190147,0.05090801077409923,0.04289775525673767,0.0032056028595396358,0.0,0.035228195765615644,0.05374136759063064
trapezoid,0.02399208049935264,0.039980234249026636,0.031743541204445336,0.03554574360025109,0.028142252510372723,0.03921390683406001,0.023341238219344196,0.038370632954117134,0.035228195765615644,0.0,0.02185723997727851
random,0.04901715973240883,0.07280430273432559,0.05935430774961825,0.04085817165756245,0.04248114773951239,0.06001567346873293,0.05338706528005799,0.05100606677053687,0.05374136759063064,0.02185723997727851,1.1102230246251565e-16
