,square,rectangle,parallelogram,losange,isoTrapezoid,kite,rightKite,rustedHinge,hinge,trapezoid,random
square,0.0,0.04132908927450485,0.08380200136189808,0.11998342506708148,0.11879479836971074,0.10920361842332393,0.09796142006385133,0.1440865965644893,0.13202375041629788,0.10048090456851988,0.16476073050453965
rectangle,0.04132908927450485,0.0,0.07954906002087492,0.12576190981978863,0.14382430963156112,0.12985169747873804,0.12097026737071459,0.14222888056599625,0.1226796717114279,0.11726190601190467,0.18266954191030527
parallelogram,0.08380200136189808,0.07954906002087492,0.0,0.024057473950590658,0.13187885499782814,0.10944286292753713,0.10203688506043118,0.11320397192906384,0.097165482331667,0.06680454232019728,0.12063661171291107
losange,0.11998342506708148,0.12576190981978863,0.024057473950590658,0.0,0.15523672098206676,0.1394909086777839,0.12989099850315355,0.13850722044056984,0.12808369243737328,0.07810556036545657,0.11642636646299143
isoTrapezoid,0.11879479836971074,0.14382430963156112,0.13187885499782814,0.15523672098206676,0.0,0.0542167692135036,0.05024111512351537,0.09205163269478422,0.08756198096530399,0.05869459331059257,0.08074284588160419
kite,0.10920361842332393,0.12985169747873804,0.10944286292753713,0.1394909086777839,0.0542167692135036,1.1102230246251565e-16,0.017601342091774552,0.07115089142467612,0.0638279034501511,0.06405802408439698,0.08146700968814125
rightKite,0.09796142006385133,0.12097026737071459,0.10203688506043118,0.12989099850315355,0.05024111512351537,0.017601342091774552,1.1102230246251565e-16,0.06569117431860927,0.06388429444896038,0.052657325066068905,0.07326767092029873
rustedHinge,0.1440865965644893,0.14222888056599625,0.11320397192906384,0.13850722044056984,0.09205163269478422,0.07115089142467612,0.06569117431860927,0.0,0.011798479999163614,0.0833831890268325,0.08095545611104327
hinge,0.13202375041629788,0.1226796717114279,0.097165482331667,0.12808369243737328,0.08756198096530399,0.0638279034501511,0.06388429444896038,0.011798479999163614,1.1102230246251565e-16,0.07109023681294924,0.07688036262674003
trapezoid,0.10048090456851988,0.11726190601190467,0.06680454232019728,0.07810556036545657,0.05869459331059257,0.06405802408439698,0.052657325066068905,0.0833831890268325,0.07109023681294924,0.0,0.03851076934922626
random,0.16476073050453965,0.18266954191030527,0.12063661171291107,0.11642636646299143,0.08074284588160419,0.08146700968814125,0.07326767092029873,0.08095545611104327,0.07688036262674003,0.03851076934922626,0.0
