,square,rectangle,parallelogram,losange,isoTrapezoid,kite,rightKite,rustedHinge,hinge,trapezoid,random
square,0.0,0.0006687608586167793,0.0014925599597309658,0.0018593710408861819,0.001463753307502702,0.0015885008627131159,0.0013878681048945518,0.0019126269714321298,0.001812706298165545,0.001558739790859076,0.002139158454906087
rectangle,0.0006687608586167793,2.220446049250313e-16,0.0012936753971025672,0.0018219174126347104,0.0017682204277780222,0.0017933177394302557,0.0016309455319135635,0.0017752998480109472,0.001592576844817617,0.0017287165067869648,0.0023361943152494513
parallelogram,0.0014925599597309658,0.0012936753971025672,2.220446049250313e-16,0.00043019369953267717,0.0017856941875105115,0.001700651897713512,0.0016131915707583433,0.0016326292669441855,0.0014367285237820715,0.0011212654078238682,0.0016813837274365362
losange,0.0018593710408861819,0.0018219174126347104,0.00043019369953267717,0.0,0.0019462557100906608,0.0019352882818562955,0.0018446442347720415,0.0018180988853572222,0.00170338881823906,0.0011426929736330083,0.0014981515160912284
isoTrapezoid,0.001463753307502702,0.0017682204277780222,0.0017856941875105115,0.0019462557100906608,0.0,0.0007234078536096922,0.0006192819680223005,0.001264108229471983,0.0012529648071530897,0.0007348431863394289,0.0009971831816146803
kite,0.0015885008627131159,0.0017933177394302557,0.001700651897713512,0.0019352882818562955,0.0007234078536096922,0.0,0.0002817875887568544,0.001101459193889598,0.001025890759091319,0.0010073713921786576,0.001149203115149322
rightKite,0.0013878681048945518,0.0016309455319135635,0.0016131915707583433,0.0018446442347720415,0.0006192819680223005,0.0002817875887568544,0.0,0.0009865015112044961,0.0009350877836846738,0.0007714399567444463,0.0010135148664566218
rustedHinge,0.0019126269714321298,0.0017752998480109472,0.0016326292669441855,0.0018180988853572222,0.001264108229471983,0.001101459193889598,0.0009865015112044961,2.220446049250313e-16,0.00013938533982760237,0.001155474053841088,0.0011057308583838354
hinge,0.001812706298165545,0.001592576844817617,0.0014367285237820715,0.00170338881823906,0.0012529648071530897,0.001025890759091319,0.0009350877836846738,0.00013938533982760237,0.0,0.0010342052793669287,0.0010274246790064057
trapezoid,0.001558739790859076,0.0017287165067869648,0.0011212654078238682,0.0011426929736330083,0.0007348431863394289,0.0010073713921786576,0.0007714399567444463,0.001155474053841088,0.0010342052793669287,2.220446049250313e-16,0.0004958818594411607
random,0.002139158454906087,0.0023361943152494513,0.0016813837274365362,0.0014981515160912284,0.0009971831816146803,0.001149203115149322,0.0010135148664566218,0.0011057308583838354,0.0010274246790064057,0.0004958818594411607,2.220446049250313e-16
