,square,rectangle,parallelogram,losange,isoTrapezoid,kite,rightKite,rustedHinge,hinge,trapezoid,random
square,2.220446049250313e-16,0.003065932505568303,0.005476220737722248,0.007502407132100375,0.007014439726997557,0.006732706482334261,0.005897435498410819,0.008688728067514528,0.007988483110038525,0.006238132388827422,0.009430385736154179
rectangle,0.003065932505568303,0.0,0.005163826640334879,0.007969139874786757,0.008654465502496267,0.007950057059522897,0.007328140896820878,0.008685720042411527,0.007562953946602113,0.007285937339807758,0.010532699458177364
parallelogram,0.005476220737722248,0.005163826640334879,0.0,0.0017091921212958328,0.006864296517307689,0.006019104682553733,0.005551332319020275,0.006246062672820907,0.005380707565782905,0.003902632294736641,0.006450456199074028
losange,0.007502407132100375,0.007969139874786757,0.0017091921212958328,0.0,0.007786912684428993,0.007366010183917693,0.0068323516922108585,0.007422982442117032,0.006870659029309056,0.004221616647161697,0.006002953362329588
isoTrapezoid,0.007014439726997557,0.008654465502496267,0.006864296517307689,0.007786912684428993,1.1102230246251565e-16,0.0029552254999930527,0.002714410772815423,0.005128382179023561,0.004910671357887475,0.0030640485723536504,0.004139851914625181
kite,0.006732706482334261,0.007950057059522897,0.006019104682553733,0.007366010183917693,0.0029552254999930527,0.0,0.0010765260370869667,0.004102672926241557,0.003758962523040865,0.0037217259349959786,0.004550242078944389
rightKite,0.005897435498410819,0.007328140896820878,0.005551332319020275,0.0068323516922108585,0.002714410772815423,0.0010765260370869667,1.1102230246251565e-16,0.003914416599767989,0.003680698534601068,0.002930950539310251,0.0040821758852218615
rustedHinge,0.008688728067514528,0.008685720042411527,0.006246062672820907,0.007422982442117032,0.005128382179023561,0.004102672926241557,0.003914416599767989,1.1102230246251565e-16,0.0006514182869929996,0.004625350681678575,0.004586687462663552
hinge,0.007988483110038525,0.007562953946602113,0.005380707565782905,0.006870659029309056,0.004910671357887475,0.003758962523040865,0.003680698534601068,0.0006514182869929996,1.1102230246251565e-16,0.004039236475004038,0.004267290109091881
trapezoid,0.006238132388827422,0.007285937339807758,0.003902632294736641,0.004221616647161697,0.0030640485723536504,0.0037217259349959786,0.002930950539310251,0.004625350681678575,0.004039236475004038,1.1102230246251565e-16,0.002129884625651668
random,0.009430385736154179,0.010532699458177364,0.006450456199074028,0.006002953362329588,0.004139851914625181,0.004550242078944389,0.0040821758852218615,0.004586687462663552,0.004267290109091881,0.002129884625651668,0.0
