,square,rectangle,parallelogram,losange,isoTrapezoid,kite,rightKite,rustedHinge,hinge,trapezoid,random
square,0.0,0.004823583437013723,0.011693696346634419,0.01818155798013421,0.005350766599779733,0.005165378938774001,0.004532440062137044,0.009453916992854583,0.007994407992047536,0.007131961125723341,0.01317801207858249
rectangle,0.004823583437013723,2.220446049250313e-16,0.006003539908030375,0.013548322157657555,0.012551508810739853,0.008952635348854598,0.008575711195245361,0.007873647307350962,0.005245006172999833,0.0095827586192625,0.01737957785048183
parallelogram,0.011693696346634419,0.006003539908030375,0.0,0.004421357919222935,0.01544814207180878,0.014587249149061732,0.011693597539512712,0.010713310432268197,0.007724992867311986,0.00719711141109225,0.013631526665573213
losange,0.01818155798013421,0.013548322157657555,0.004421357919222935,0.0,0.01850936777039014,0.019682580043864695,0.016643704707735907,0.013986223719163249,0.012230134563062656,0.008536808035439214,0.010906876353492634
isoTrapezoid,0.005350766599779733,0.012551508810739853,0.01544814207180878,0.01850936777039014,0.0,0.005054363983855281,0.004393092427856016,0.014156771770163945,0.013474463090994315,0.005893756754500656,0.008921484604948238
kite,0.005165378938774001,0.008952635348854598,0.014587249149061732,0.019682580043864695,0.005054363983855281,0.0,0.0025667521510890356,0.013336417220406793,0.012469800843720513,0.01049686359900781,0.015205444271327306
rightKite,0.004532440062137044,0.008575711195245361,0.011693597539512712,0.016643704707735907,0.004393092427856016,0.0025667521510890356,0.0,0.01250557353515458,0.011427761718321605,0.005957871267966319,0.012068108592117932
rustedHinge,0.009453916992854583,0.007873647307350962,0.010713310432268197,0.013986223719163249,0.014156771770163945,0.013336417220406793,0.01250557353515458,0.0,0.0009993958001913716,0.011341772461868294,0.013155135251138317
hinge,0.007994407992047536,0.005245006172999833,0.007724992867311986,0.012230134563062656,0.013474463090994315,0.012469800843720513,0.011427761718321605,0.0009993958001913716,2.220446049250313e-16,0.00967134902688671,0.01252020968994183
trapezoid,0.007131961125723341,0.0095827586192625,0.00719711141109225,0.008536808035439214,0.005893756754500656,0.01049686359900781,0.005957871267966319,0.011341772461868294,0.00967134902688671,0.0,0.004187516465833263
random,0.01317801207858249,0.01737957785048183,0.013631526665573213,0.010906876353492634,0.008921484604948238,0.015205444271327306,0.012068108592117932,0.013155135251138317,0.01252020968994183,0.004187516465833263,0.0
