,square,rectangle,parallelogram,losange,isoTrapezoid,kite,rightKite,rustedHinge,hinge,trapezoid,random
square,0.0,0.056846934727347476,0.08591967529333822,0.1205474157364963,0.03335257862312513,0.022489111609061196,0.014638406256783254,0.059450724341357564,0.05825532520232035,0.0362877821612263,0.07860280301285272
rectangle,0.056846934727347476,2.220446049250313e-16,0.028208526570725256,0.07069533290460284,0.11029200078145174,0.06766576453501394,0.06320139073939102,0.03751839584507599,0.023461230161879953,0.06617797824427207,0.11888402676577026
parallelogram,0.08591967529333822,0.028208526570725256,0.0,0.030276938618183924,0.12251556630675786,0.0958129734441936,0.08345494661735497,0.0506010662330848,0.035843950383724676,0.06386959329418385,0.1053556249124531
losange,0.1205474157364963,0.07069533290460284,0.030276938618183924,1.1102230246251565e-16,0.1319144722090243,0.1249383640850612,0.11335065284342072,0.06542344897159769,0.05804416500917031,0.06884963433164648,0.07420303030526187
isoTrapezoid,0.03335257862312513,0.11029200078145174,0.12251556630675786,0.1319144722090243,2.220446049250313e-16,0.035971861536499006,0.030548708966040117,0.09996446686724769,0.10504447733476552,0.04283306523350372,0.06299359080045208
kite,0.022489111609061196,0.06766576453501394,0.0958129734441936,0.1249383640850612,0.035971861536499006,0.0,0.015710841915341,0.08625867411752941,0.0853059795145823,0.05921813063664183,0.09621777497496276
rightKite,0.014638406256783254,0.06320139073939102,0.08345494661735497,0.11335065284342072,0.030548708966040117,0.015710841915341,0.0,0.07506109215260037,0.07343732719671558,0.035031809516158696,0.08303193504814
rustedHinge,0.059450724341357564,0.03751839584507599,0.0506010662330848,0.06542344897159769,0.09996446686724769,0.08625867411752941,0.07506109215260037,0.0,0.005910843284720579,0.06187900298250537,0.0864357166866061
hinge,0.05825532520232035,0.023461230161879953,0.035843950383724676,0.05804416500917031,0.10504447733476552,0.0853059795145823,0.07343732719671558,0.005910843284720579,0.0,0.058180687230587336,0.09042043788030274
trapezoid,0.0362877821612263,0.06617797824427207,0.06386959329418385,0.06884963433164648,0.04283306523350372,0.05921813063664183,0.035031809516158696,0.06187900298250537,0.058180687230587336,0.0,0.03515696164527138
random,0.07860280301285272,0.11888402676577026,0.1053556249124531,0.07420303030526187,0.06299359080045208,0.09621777497496276,0.08303193504814,0.0864357166866061,0.09042043788030274,0.03515696164527138,1.1102230246251565e-16
