,square,rectangle,parallelogram,losange,isoTrapezoid,kite,rightKite,rustedHinge,hinge,trapezoid,random
square,2.220446049250313e-16,0.02016057770633417,0.030249466599442276,0.04490899703469031,0.01320069988768513,0.009862527389166043,0.006288823466089832,0.022803390570297122,0.021172159740166396,0.015494389851062662,0.031458170768462024
rectangle,0.02016057770633417,0.0,0.01192130211082576,0.029823321028892402,0.044397517622320914,0.026404486328237553,0.023881679931825883,0.015523836436600935,0.009543962130701633,0.025632335477374868,0.046628692995523746
parallelogram,0.030249466599442276,0.01192130211082576,0.0,0.012478678619547323,0.04508525709037292,0.03610537973955641,0.029837570958574977,0.020954541143186844,0.014968702967324554,0.020341950865560343,0.03812185339400809
losange,0.04490899703469031,0.029823321028892402,0.012478678619547323,0.0,0.049547128208206725,0.04679754584106999,0.04213306042935849,0.026958767567158315,0.024677692901319936,0.023224552655229713,0.026537551004617965
isoTrapezoid,0.01320069988768513,0.044397517622320914,0.04508525709037292,0.049547128208206725,0.0,0.014804075767776204,0.012533359337086325,0.04044724760164997,0.041409559174389154,0.01812502751453615,0.02723876002938408
kite,0.009862527389166043,0.026404486328237553,0.03610537973955641,0.04679754584106999,0.014804075767776204,2.220446049250313e-16,0.006768583047996879,0.033555729902575826,0.03279729502812978,0.025526680939608526,0.038905067951553574
rightKite,0.006288823466089832,0.023881679931825883,0.029837570958574977,0.04213306042935849,0.012533359337086325,0.006768583047996879,0.0,0.029225114359947457,0.02777083261200608,0.01525440858710625,0.034612161497616256
rustedHinge,0.022803390570297122,0.015523836436600935,0.020954541143186844,0.026958767567158315,0.04044724760164997,0.033555729902575826,0.029225114359947457,0.0,0.002153731163778261,0.024980651630690187,0.03272478830541137
hinge,0.021172159740166396,0.009543962130701633,0.014968702967324554,0.024677692901319936,0.041409559174389154,0.03279729502812978,0.02777083261200608,0.002153731163778261,2.220446049250313e-16,0.02290030659434117,0.034589488514309985
trapezoid,0.015494389851062662,0.025632335477374868,0.020341950865560343,0.023224552655229713,0.01812502751453615,0.025526680939608526,0.01525440858710625,0.024980651630690187,0.02290030659434117,0.0,0.01405117096234687
random,0.031458170768462024,0.046628692995523746,0.03812185339400809,0.026537551004617965,0.02723876002938408,0.038905067951553574,0.034612161497616256,0.03272478830541137,0.034589488514309985,0.01405117096234687,2.220446049250313e-16
