,square,rectangle,parallelogram,losange,isoTrapezoid,kite,rightKite,rustedHinge,hinge,trapezoid,random
square,0.0,0.0049376701183693195,0.009863995830991401,0.014793897498073694,0.003800114779647923,0.0031200914419139414,0.002442151375634971,0.006989913187634977,0.006115023513179718,0.004999118603921104,0.009397847356039102
rectangle,0.0049376701183693195,0.0,0.004284467194664243,0.010032919467358181,0.01113023488365461,0.007053401967817563,0.0066440349309278,0.0052783369359016286,0.0032793471272600794,0.0075069572599689716,0.013553233551306887
parallelogram,0.009863995830991401,0.004284467194664243,0.0,0.003508934679785747,0.013335465136166569,0.011761945968546184,0.009612857257801033,0.007518877307137295,0.005351843978947168,0.006070556738169808,0.010945513238988624
losange,0.014793897498073694,0.010032919467358181,0.003508934679785747,0.0,0.01555218774458389,0.015630259417098613,0.013512330840945719,0.009927539744992275,0.00882056012409449,0.007136577530070576,0.008504421928393402
isoTrapezoid,0.003800114779647923,0.01113023488365461,0.013335465136166569,0.01555218774458389,0.0,0.004114355057386332,0.0035159761704041115,0.011462139931476267,0.011194596940685364,0.005031791993747814,0.007130428674547606
kite,0.0031200914419139414,0.007053401967817563,0.011761945968546184,0.015630259417098613,0.004114355057386332,0.0,0.00210909972226736,0.009972126074658583,0.009521091334940168,0.00818331345537715,0.01189987996913544
rightKite,0.002442151375634971,0.0066440349309278,0.009612857257801033,0.013512330840945719,0.0035159761704041115,0.00210909972226736,1.1102230246251565e-16,0.009237855070220569,0.008551894639661661,0.004531707031752097,0.009493626645205033
rustedHinge,0.006989913187634977,0.0052783369359016286,0.007518877307137295,0.009927539744992275,0.011462139931476267,0.009972126074658583,0.009237855070220569,0.0,0.0007832621760961445,0.008293646599593973,0.010290630156228664
hinge,0.006115023513179718,0.0032793471272600794,0.005351843978947168,0.00882056012409449,0.011194596940685364,0.009521091334940168,0.008551894639661661,0.0007832621760961445,0.0,0.007215740545094107,0.01017491694635686
trapezoid,0.004999118603921104,0.0075069572599689716,0.006070556738169808,0.007136577530070576,0.005031791993747814,0.00818331345537715,0.004531707031752097,0.008293646599593973,0.007215740545094107,0.0,0.0032416082210852126
random,0.009397847356039102,0.013553233551306887,0.010945513238988624,0.008504421928393402,0.007130428674547606,0.01189987996913544,0.009493626645205033,0.010290630156228664,0.01017491694635686,0.0032416082210852126,0.0
