,square,rectangle,parallelogram,losange,isoTrapezoid,kite,rightKite,rustedHinge,hinge,trapezoid,random
square,0.0,0.021870270116435386,0.0774450837505789,0.10078616272922103,0.06724373889658641,0.07142353123314182,0.06498597110220239,0.09095137013163379,0.0795641804875814,0.07251801414985104,0.10767042370565005
rectangle,0.021870270116435386,0.0,0.05826380923442853,0.08945643121025504,0.09270071980174566,0.08421902733682496,0.07908503832824831,0.08235323580701581,0.06638481265330531,0.08285534977781739,0.1208910090389943
parallelogram,0.0774450837505789,0.05826380923442853,0.0,0.025520514989880505,0.10354584822857527,0.09953476797496696,0.09510792112988664,0.09563966954875236,0.0787604017593383,0.06128764112142804,0.09663859583721068
losange,0.10078616272922103,0.08945643121025504,0.025520514989880505,1.1102230246251565e-16,0.11161366565496023,0.11408980332513063,0.11083269218140246,0.10899139758354037,0.09769456125187193,0.062121789027308694,0.08215759174369541
isoTrapezoid,0.06724373889658641,0.09270071980174566,0.10354584822857527,0.11161366565496023,0.0,0.04768061689046588,0.03904379176661832,0.08945700316670702,0.08887261763176824,0.04051991483793549,0.06387090049906119
kite,0.07142353123314182,0.08421902733682496,0.09953476797496696,0.11408980332513063,0.04768061689046588,0.0,0.01928380203379132,0.08345138151188214,0.0771158334331512,0.06783725776799487,0.08117937289891908
rightKite,0.06498597110220239,0.07908503832824831,0.09510792112988664,0.11083269218140246,0.03904379176661832,0.01928380203379132,0.0,0.07337505497764996,0.0690745172750451,0.047938889709903676,0.07178843360562426
rustedHinge,0.09095137013163379,0.08235323580701581,0.09563966954875236,0.10899139758354037,0.08945700316670702,0.08345138151188214,0.07337505497764996,0.0,0.00862654741613611,0.07975348304324448,0.08096127648768592
hinge,0.0795641804875814,0.06638481265330531,0.0787604017593383,0.09769456125187193,0.08887261763176824,0.0771158334331512,0.0690745172750451,0.00862654741613611,0.0,0.07138262007047935,0.07531282505880377
trapezoid,0.07251801414985104,0.08285534977781739,0.06128764112142804,0.062121789027308694,0.04051991483793549,0.06783725776799487,0.047938889709903676,0.07975348304324448,0.07138262007047935,0.0,0.030864898171021338
random,0.10767042370565005,0.1208910090389943,0.09663859583721068,0.08215759174369541,0.06387090049906119,0.08117937289891908,0.07178843360562426,0.08096127648768592,0.07531282505880377,0.030864898171021338,1.1102230246251565e-16
