,square,rectangle,parallelogram,losange,isoTrapezoid,kite,rightKite,rustedHinge,hinge,trapezoid,random
square,0.0,0.031707006893851086,0.10194398014302986,0.12968516989057022,0.09329345550687906,0.10241629709108713,0.09193692637733797,0.12697704359132778,0.11343578378360653,0.09970035855685022,0.14668185945036138
rectangle,0.031707006893851086,0.0,0.08113254841353623,0.11765955285521734,0.11566878392411184,0.11295104794012656,0.10370522855795694,0.11148665712649863,0.0925453271749066,0.10754588835624168,0.1558448787205161
parallelogram,0.10194398014302986,0.08113254841353623,0.0,0.031123070257274232,0.1315491741131256,0.12674598518300606,0.12310145133512973,0.12646964905786884,0.10576845006271407,0.07774619138105265,0.12283520164048323
losange,0.12968516989057022,0.11765955285521734,0.031123070257274232,0.0,0.14391119324223411,0.1446317642560475,0.14294290181165414,0.14401327311623946,0.12980891463396427,0.08015549358377672,0.10796864576695364
isoTrapezoid,0.09329345550687906,0.11566878392411184,0.1315491741131256,0.14391119324223411,0.0,0.06119247270026107,0.04957807939214587,0.10444123109881998,0.10377541434728099,0.051523903335220056,0.0810323633988903
kite,0.10241629709108713,0.11295104794012656,0.12674598518300606,0.1446317642560475,0.06119247270026107,1.1102230246251565e-16,0.023742583393513428,0.09898847783477338,0.09035419093935915,0.08040746346020688,0.09599792875374269
rightKite,0.09193692637733797,0.10370522855795694,0.12310145133512973,0.14294290181165414,0.04957807939214587,0.023742583393513428,0.0,0.08612572969945531,0.08048661302935711,0.05917757254809952,0.08731676617887396
rustedHinge,0.12697704359132778,0.11148665712649863,0.12646964905786884,0.14401327311623946,0.10444123109881998,0.09898847783477338,0.08612572969945531,0.0,0.011109007705708662,0.09520480056752811,0.0972061417941702
hinge,0.11343578378360653,0.0925453271749066,0.10576845006271407,0.12980891463396427,0.10377541434728099,0.09035419093935915,0.08048661302935711,0.011109007705708662,0.0,0.08424842277774269,0.08931298071919047
trapezoid,0.09970035855685022,0.10754588835624168,0.07774619138105265,0.08015549358377672,0.051523903335220056,0.08040746346020688,0.05917757254809952,0.09520480056752811,0.08424842277774269,0.0,0.03811031308958057
random,0.14668185945036138,0.1558448787205161,0.12283520164048323,0.10796864576695364,0.0810323633988903,0.09599792875374269,0.08731676617887396,0.0972061417941702,0.08931298071919047,0.03811031308958057,0.0
