,square,rectangle,parallelogram,losange,isoTrapezoid,kite,rightKite,rustedHinge,hinge,trapezoid,random
square,2.220446049250313e-16,0.0010818705001466311,0.0022357809412715257,0.0028470771389408345,0.0024315323754257046,0.002489228426056145,0.0022075508026946355,0.0030867174472131165,0.0029141186637745564,0.0024146637310519248,0.0034565493496805377
rectangle,0.0010818705001466311,0.0,0.0019185582220649922,0.0027842191801610294,0.002820510920661823,0.0027230443312910024,0.002517937759249911,0.0027564335319190114,0.0024493727134446974,0.002629945639659681,0.0036697038321402697
parallelogram,0.0022357809412715257,0.0019185582220649922,2.220446049250313e-16,0.0006595643306094301,0.0027538007524602337,0.002524056411782327,0.002393152616318228,0.0024247294767515415,0.0021170476541662042,0.001692733917125544,0.002621588545890785
losange,0.0028470771389408345,0.0027842191801610294,0.0006595643306094301,2.220446049250313e-16,0.0029708266623093005,0.002897028832049786,0.0027521823075336016,0.002710417545377819,0.0025305303076560426,0.001688040799651347,0.002302976007687252
isoTrapezoid,0.0024315323754257046,0.002820510920661823,0.0027538007524602337,0.0029708266623093005,0.0,0.0011329345432070648,0.000991469956141966,0.001984763207241391,0.0019578115385289196,0.0011374078365750107,0.0015614860784697315
kite,0.002489228426056145,0.0027230443312910024,0.002524056411782327,0.002897028832049786,0.0011329345432070648,0.0,0.00042299625800457097,0.0016803260330268133,0.001566761532324823,0.00155317587966175,0.0018246613738671646
rightKite,0.0022075508026946355,0.002517937759249911,0.002393152616318228,0.0027521823075336016,0.000991469956141966,0.00042299625800457097,0.0,0.001544012818180951,0.0014654720608661131,0.0011950306850103676,0.0015945967141162143
rustedHinge,0.0030867174472131165,0.0027564335319190114,0.0024247294767515415,0.002710417545377819,0.001984763207241391,0.0016803260330268133,0.001544012818180951,0.0,0.00021481059274019998,0.0018061669417825943,0.0017707779169536808
hinge,0.0029141186637745564,0.0024493727134446974,0.0021170476541662042,0.0025305303076560426,0.0019578115385289196,0.001566761532324823,0.0014654720608661131,0.00021481059274019998,2.220446049250313e-16,0.001618094412229043,0.0016536952637072888
trapezoid,0.0024146637310519248,0.002629945639659681,0.001692733917125544,0.001688040799651347,0.0011374078365750107,0.00155317587966175,0.0011950306850103676,0.0018061669417825943,0.001618094412229043,0.0,0.0007817560616509844
random,0.0034565493496805377,0.0036697038321402697,0.002621588545890785,0.002302976007687252,0.0015614860784697315,0.0018246613738671646,0.0015945967141162143,0.0017707779169536808,0.0016536952637072888,0.0007817560616509844,2.220446049250313e-16
