,square,rectangle,parallelogram,losange,isoTrapezoid,kite,rightKite,rustedHinge,hinge,trapezoid,random
square,0.0,1342.1702855539452,1754.8644640499197,2119.8818373886716,1056.4914468009938,946.7124878134799,735.0833042357003,1420.7988462021058,1386.8797157419597,1177.7891533943975,1691.9667131806914
rectangle,1342.1702855539452,0.0,1031.552864792827,1604.282365782324,1859.3053238337448,1507.2789877445614,1430.5478728493256,1140.3011575499588,911.5167951983078,1488.0558882267085,1947.2529134606248
parallelogram,1754.8644640499197,1031.552864792827,0.0,980.9831520460799,1998.3759914160048,1849.8918251801983,1719.583147894483,1309.7531402293785,1096.9671342350034,1410.5373839276824,1759.445155785196
losange,2119.8818373886716,1604.282365782324,980.9831520460799,0.0,2134.5089670358916,2111.22859615372,2030.2065775512783,1524.7621821462983,1443.7026919922653,1563.304555090642,1518.638777367153
isoTrapezoid,1056.4914468009938,1859.3053238337448,1998.3759914160048,2134.5089670358916,0.0,1124.456059179703,1002.113989179226,1778.9768319299742,1813.3135427136,1229.1288751497257,1508.3292010658151
kite,946.7124878134799,1507.2789877445614,1849.8918251801983,2111.22859615372,1124.456059179703,0.0,754.9292364045773,1684.5740900817325,1686.0696240106815,1544.3023764397362,1879.0667552794766
rightKite,735.0833042357003,1430.5478728493256,1719.583147894483,2030.2065775512783,1002.113989179226,754.9292364045773,0.0,1583.3600239009531,1553.5899860511,1188.7671348317476,1744.597073002176
rustedHinge,1420.7988462021058,1140.3011575499588,1309.7531402293785,1524.7621821462983,1778.9768319299742,1684.5740900817325,1583.3600239009531,0.0,417.35686070886294,1441.1385737388155,1611.2540383308155
hinge,1386.8797157419597,911.5167951983078,1096.9671342350034,1443.7026919922653,1813.3135427136,1686.0696240106815,1553.5899860511,417.35686070886294,0.0,1377.9840901672308,1647.5484216043437
trapezoid,1177.7891533943975,1488.0558882267085,1410.5373839276824,1563.304555090642,1229.1288751497257,1544.3023764397362,1188.7671348317476,1441.1385737388155,1377.9840901672308,0.0,1021.6936564826866
random,1691.9667131806914,1947.2529134606248,1759.445155785196,1518.638777367153,1508.3292010658151,1879.0667552794766,1744.597073002176,1611.2540383308155,1647.5484216043437,1021.6936564826866,0.0
