,square,rectangle,parallelogram,losange,isoTrapezoid,kite,rightKite,rustedHinge,hinge,trapezoid,random
square,0.0,6104.106974136795,9709.417666899726,11933.333738359222,6837.477328257764,6863.898056171232,5561.78302836956,7510.315462296115,6945.952358434698,7557.561869329432,10931.418927722116
rectangle,6104.106974136795,0.0,6120.264913311744,9917.304894113342,10416.138692539842,9110.406481366706,8387.935887900412,7675.894947310426,6135.194232825803,8625.506420524956,12933.647745610751
parallelogram,9709.417666899726,6120.264913311744,0.0,5000.687464820109,12273.575665189828,12386.425305856952,10460.103399396528,8724.062638577967,6852.52135240506,7434.966948880043,11288.98563907285
losange,11933.333738359222,9917.304894113342,5000.687464820109,0.0,12990.53593006918,14270.519417178311,11840.630053274006,9943.538385386551,8536.176678959948,7308.960057184934,9406.560219311781
isoTrapezoid,6837.477328257764,10416.138692539842,12273.575665189828,12990.53593006918,0.0,6498.810626419218,5270.579649794509,10484.494356901228,10250.986527563828,7446.946159009805,8821.126241259823
kite,6863.898056171232,9110.406481366706,12386.425305856952,14270.519417178311,6498.810626419218,0.0,4382.119593927182,11276.412271347006,11071.851122907172,10675.797181655485,13361.616152009961
rightKite,5561.78302836956,8387.935887900412,10460.103399396528,11840.630053274006,5270.579649794509,4382.119593927182,0.0,9937.21831096513,9539.069985358203,7512.6757950685615,10603.916944967119
rustedHinge,7510.315462296115,7675.894947310426,8724.062638577967,9943.538385386551,10484.494356901228,11276.412271347006,9937.21831096513,0.0,2541.543821689869,8477.872494374169,10694.40039257444
hinge,6945.952358434698,6135.194232825803,6852.52135240506,8536.176678959948,10250.986527563828,11071.851122907172,9539.069985358203,2541.543821689869,0.0,7303.542326088133,10126.105639934103
trapezoid,7557.561869329432,8625.506420524956,7434.966948880043,7308.960057184934,7446.946159009805,10675.797181655485,7512.6757950685615,8477.872494374169,7303.542326088133,0.0,5275.210176912001
random,10931.418927722116,12933.647745610751,11288.98563907285,9406.560219311781,8821.126241259823,13361.616152009961,10603.916944967119,10694.40039257444,10126.105639934103,5275.210176912001,0.0
