,square,rectangle,parallelogram,losange,isoTrapezoid,kite,rightKite,rustedHinge,hinge,trapezoid,random
square,0.0,0.022410732300102265,0.04193592141991853,0.06059374720441513,0.017534208187961253,0.012687030144282407,0.009094037365617869,0.029869443230941428,0.026247884980728164,0.020305978659867607,0.03962005760836518
rectangle,0.022410732300102265,0.0,0.018482337446861008,0.043213062856794826,0.05275114568829642,0.03139479372455978,0.02869319548286764,0.021575909929399506,0.013159468831564158,0.03260002841638365,0.059929326330650845
parallelogram,0.04193592141991853,0.018482337446861008,0.0,0.015366460562716067,0.06021772172336881,0.0498637966280554,0.040937314318994944,0.0318583566798184,0.02280825110511009,0.027482775063795817,0.04962170071735683
losange,0.06059374720441513,0.043213062856794826,0.015366460562716067,0.0,0.06562558937846852,0.06470070108233794,0.055990062318440614,0.04276669002874378,0.03799610901653361,0.03041201300941221,0.03701005089719678
isoTrapezoid,0.017534208187961253,0.05275114568829642,0.06021772172336881,0.06562558937846852,0.0,0.018006272219210584,0.015582695057845153,0.052842609711687416,0.052194662421451876,0.02221059506922729,0.030788321228765847
kite,0.012687030144282407,0.03139479372455978,0.0498637966280554,0.06470070108233794,0.018006272219210584,0.0,0.009030543215625797,0.043291636474328765,0.04115752619275259,0.03344509197679135,0.04967225593584912
rightKite,0.009094037365617869,0.02869319548286764,0.040937314318994944,0.055990062318440614,0.015582695057845153,0.009030543215625797,0.0,0.039396742555065534,0.03639796509855331,0.018384003001191362,0.04035313324070522
rustedHinge,0.029869443230941428,0.021575909929399506,0.0318583566798184,0.04276669002874378,0.052842609711687416,0.043291636474328765,0.039396742555065534,0.0,0.0032676130569231354,0.03624506217509271,0.04763732319853631
hinge,0.026247884980728164,0.013159468831564158,0.02280825110511009,0.03799610901653361,0.052194662421451876,0.04115752619275259,0.03639796509855331,0.0032676130569231354,0.0,0.031756590394465434,0.04721831417465916
trapezoid,0.020305978659867607,0.03260002841638365,0.027482775063795817,0.03041201300941221,0.02221059506922729,0.03344509197679135,0.018384003001191362,0.03624506217509271,0.031756590394465434,0.0,0.014862339165870986
random,0.03962005760836518,0.059929326330650845,0.04962170071735683,0.03701005089719678,0.030788321228765847,0.04967225593584912,0.04035313324070522,0.04763732319853631,0.04721831417465916,0.014862339165870986,0.0
