,square,rectangle,parallelogram,losange,isoTrapezoid,kite,rightKite,rustedHinge,hinge,trapezoid,random
square,0.0,0.02311942087429575,0.04618898275136574,0.06706423580319854,0.019172925638499594,0.0156231634178573,0.011619358880520014,0.033623553906206194,0.02930983894938133,0.023200635225907207,0.045544477893006974
rectangle,0.02311942087429575,0.0,0.020440711956840052,0.047247639192649404,0.0545636629062346,0.03400518120641738,0.03139250751345202,0.025172045666950638,0.015966591151863607,0.034870321159015116,0.06481209084223938
parallelogram,0.04618898275136574,0.020440711956840052,0.0,0.015807922570772903,0.06536546039949842,0.0558560118112843,0.04649376836802943,0.03611013647018979,0.02594978926612601,0.030130697005537832,0.05329804370088409
losange,0.06706423580319854,0.047247639192649404,0.015807922570772903,0.0,0.07305395276432314,0.07301505523296148,0.06305745803524476,0.048578103237508885,0.04245477130855113,0.03371982764632486,0.041341845189128645
isoTrapezoid,0.019172925638499594,0.0545636629062346,0.06536546039949842,0.07305395276432314,0.0,0.020130568632194867,0.016968468848049256,0.05656559202397704,0.05518198892440018,0.02426642370781973,0.034746801565649355
kite,0.0156231634178573,0.03400518120641738,0.0558560118112843,0.07301505523296148,0.020130568632194867,0.0,0.00994345908880867,0.048906797112360345,0.04596143340372172,0.038482635907714946,0.05711850580080324
rightKite,0.011619358880520014,0.03139250751345202,0.04649376836802943,0.06305745803524476,0.016968468848049256,0.00994345908880867,0.0,0.044289035271127264,0.04068492454793016,0.021298600299652803,0.04513568748139407
rustedHinge,0.033623553906206194,0.025172045666950638,0.03611013647018979,0.048578103237508885,0.05656559202397704,0.048906797112360345,0.044289035271127264,0.0,0.0037319224024053854,0.040104376686772136,0.051987841171925786
hinge,0.02930983894938133,0.015966591151863607,0.02594978926612601,0.04245477130855113,0.05518198892440018,0.04596143340372172,0.04068492454793016,0.0037319224024053854,0.0,0.03457320173460299,0.050244911868634556
trapezoid,0.023200635225907207,0.034870321159015116,0.030130697005537832,0.03371982764632486,0.02426642370781973,0.038482635907714946,0.021298600299652803,0.040104376686772136,0.03457320173460299,0.0,0.01589683174087908
random,0.045544477893006974,0.06481209084223938,0.05329804370088409,0.041341845189128645,0.034746801565649355,0.05711850580080324,0.04513568748139407,0.051987841171925786,0.050244911868634556,0.01589683174087908,0.0
