,square,rectangle,parallelogram,losange,isoTrapezoid,kite,rightKite,rustedHinge,hinge,trapezoid,random
square,0.0,0.01940943104568993,0.04954851238710778,0.06784836334617683,0.02003850011007724,0.014054000974909941,0.015092898068292504,0.0369566513303109,0.028842990916300826,0.021948653319524225,0.04919903258064917
rectangle,0.01940943104568993,0.0,0.01817425314495935,0.03617924885122359,0.05066006878017304,0.032474460924039716,0.031187064388097152,0.024164764358303503,0.018417847207714444,0.024204779890154016,0.053924386424027304
parallelogram,0.04954851238710778,0.01817425314495935,0.0,0.00990152443487613,0.07541395105502935,0.05659775974876646,0.054903211507895566,0.027282338987361876,0.024037632252225993,0.033333817878897554,0.05314098759605845
losange,0.06784836334617683,0.03617924885122359,0.00990152443487613,0.0,0.08800931994376537,0.07133592463634153,0.06912758576563327,0.035205913439185776,0.033402574963132814,0.03765941961567776,0.04626234577592292
isoTrapezoid,0.02003850011007724,0.05066006878017304,0.07541395105502935,0.08800931994376537,1.1102230246251565e-16,0.012581301086177388,0.012272548739473144,0.057552827460557565,0.05032906570165108,0.02329423193024427,0.03839542356207715
kite,0.014054000974909941,0.032474460924039716,0.05659775974876646,0.07133592463634153,0.012581301086177388,0.0,0.004329923063781105,0.03914336009799746,0.031507003142382195,0.02114423519376063,0.04139956229527153
rightKite,0.015092898068292504,0.031187064388097152,0.054903211507895566,0.06912758576563327,0.012272548739473144,0.004329923063781105,0.0,0.037451909050588594,0.030865764383006256,0.014657486292971367,0.03642295104700022
rustedHinge,0.0369566513303109,0.024164764358303503,0.027282338987361876,0.035205913439185776,0.057552827460557565,0.03914336009799746,0.037451909050588594,0.0,0.0033638294072558805,0.032713892508232645,0.0481201447505476
hinge,0.028842990916300826,0.018417847207714444,0.024037632252225993,0.033402574963132814,0.05032906570165108,0.031507003142382195,0.030865764383006256,0.0033638294072558805,0.0,0.02672291489126144,0.04231385457546788
trapezoid,0.021948653319524225,0.024204779890154016,0.033333817878897554,0.03765941961567776,0.02329423193024427,0.02114423519376063,0.014657486292971367,0.032713892508232645,0.02672291489126144,0.0,0.016002722977922712
random,0.04919903258064917,0.053924386424027304,0.05314098759605845,0.04626234577592292,0.03839542356207715,0.04139956229527153,0.03642295104700022,0.0481201447505476,0.04231385457546788,0.016002722977922712,0.0
