,square,rectangle,parallelogram,losange,isoTrapezoid,kite,rightKite,rustedHinge,hinge,trapezoid,random
square,0.0,0.033000608523316544,0.05199572499890259,0.0747687904069616,0.021463301660344825,0.015847276856840176,0.01110110541528797,0.03874202527288462,0.03588443035943978,0.02499524144250831,0.049439462487868346
rectangle,0.033000608523316544,0.0,0.021392379273401874,0.0498803137725089,0.07106648167893226,0.042117143784652256,0.0394845363709323,0.025483902627712607,0.01564313220075786,0.0427213038957569,0.07452574823545532
parallelogram,0.05199572499890259,0.021392379273401874,0.0,0.021717529666063107,0.0759037137149624,0.06124716007452635,0.05084922719182805,0.0363138614172589,0.025981306352571565,0.0359496100609753,0.06308955837121222
losange,0.0747687904069616,0.0498803137725089,0.021717529666063107,0.0,0.08258733298124399,0.07845268819867057,0.07002118903861354,0.04585835927968451,0.0415692508771186,0.039899938270225976,0.04541761728770821
isoTrapezoid,0.021463301660344825,0.07106648167893226,0.0759037137149624,0.08258733298124399,1.1102230246251565e-16,0.024019970067399088,0.020834249805762317,0.06813021204936942,0.06898000202047005,0.029057987948062136,0.04209196814136551
kite,0.015847276856840176,0.042117143784652256,0.06124716007452635,0.07845268819867057,0.024019970067399088,0.0,0.011438694837297203,0.055369442181324335,0.053803364385649255,0.04125144831656735,0.06233219691400571
rightKite,0.01110110541528797,0.0394845363709323,0.05084922719182805,0.07002118903861354,0.020834249805762317,0.011438694837297203,0.0,0.05000204560292121,0.04745930684401378,0.024069343215825434,0.053912974989947626
rustedHinge,0.03874202527288462,0.025483902627712607,0.0363138614172589,0.04585835927968451,0.06813021204936942,0.055369442181324335,0.05000204560292121,0.0,0.0039048549675982924,0.04418257307477513,0.05678345259958195
hinge,0.03588443035943978,0.01564313220075786,0.025981306352571565,0.0415692508771186,0.06898000202047005,0.053803364385649255,0.04745930684401378,0.0039048549675982924,0.0,0.040085026774539956,0.05802201877097268
trapezoid,0.02499524144250831,0.0427213038957569,0.0359496100609753,0.039899938270225976,0.029057987948062136,0.04125144831656735,0.024069343215825434,0.04418257307477513,0.040085026774539956,1.1102230246251565e-16,0.021264683241408955
random,0.049439462487868346,0.07452574823545532,0.06308955837121222,0.04541761728770821,0.04209196814136551,0.06233219691400571,0.053912974989947626,0.05678345259958195,0.05802201877097268,0.021264683241408955,1.1102230246251565e-16
