,square,rectangle,parallelogram,losange,isoTrapezoid,kite,rightKite,rustedHinge,hinge,trapezoid,random
square,0.0,132.70731701910958,170.17800940914847,193.96185540533665,131.2138278081055,126.80564020519721,116.37489616779581,152.57771280284373,152.23757784293784,134.61055528266962,192.96110984495073
rectangle,132.70731701910958,0.0,111.45660541622675,168.1330708962118,223.7229021076873,180.39603044450945,178.4016958374764,141.65614809388916,116.3141619031474,187.6618219813444,253.53248645979914
parallelogram,170.17800940914847,111.45660541622675,0.0,121.38063900462046,228.82683243961634,205.25090164325897,184.94551776435156,171.55602061449932,137.33582523757093,166.85831771092134,237.73353890853522
losange,193.96185540533665,168.1330708962118,121.38063900462046,0.0,232.80257123542864,241.2154338313646,212.55619723819024,188.94034403205876,164.81725097253886,153.70494923760802,198.2034095440551
isoTrapezoid,131.2138278081055,223.7229021076873,228.82683243961634,232.80257123542864,0.0,137.35805266809413,128.88525329429152,217.84775720448127,217.13787813472374,129.17767751736773,152.59141807937513
kite,126.80564020519721,180.39603044450945,205.25090164325897,241.2154338313646,137.35805266809413,0.0,85.14853709804524,202.9925063995157,202.92995788239247,179.09835502306515,230.91623263025932
rightKite,116.37489616779581,178.4016958374764,184.94551776435156,212.55619723819024,128.88525329429152,85.14853709804524,0.0,198.91807786169508,195.9998953028527,137.04454476369352,203.69678836981845
rustedHinge,152.57771280284373,141.65614809388916,171.55602061449932,188.94034403205876,217.84775720448127,202.9925063995157,198.91807786169508,0.0,61.65991900109841,196.10044408603923,232.76274560265094
hinge,152.23757784293784,116.3141619031474,137.33582523757093,164.81725097253886,217.13787813472374,202.92995788239247,195.9998953028527,61.65991900109841,0.0,182.70508111668167,226.38658811948363
trapezoid,134.61055528266962,187.6618219813444,166.85831771092134,153.70494923760802,129.17767751736773,179.09835502306515,137.04454476369352,196.10044408603923,182.70508111668167,0.0,113.53852472401648
random,192.96110984495073,253.53248645979914,237.73353890853522,198.2034095440551,152.59141807937513,230.91623263025932,203.69678836981845,232.76274560265094,226.38658811948363,113.53852472401648,0.0
