,square,rectangle,parallelogram,losange,isoTrapezoid,kite,rightKite,rustedHinge,hinge,trapezoid,random
square,0.0,13.500352439792616,16.52870172909325,19.575348124723792,10.21000929666801,8.512063789126666,6.97537524642229,13.842111353758417,13.57897088819629,10.93244531600161,15.410956599836135
rectangle,13.500352439792616,0.0,9.951079590848849,14.685675871523188,17.89166790373558,14.55695989722828,14.184382867682427,10.587022282676378,8.347935130108027,14.493915880231615,18.093802476287443
parallelogram,16.52870172909325,9.951079590848849,0.0,9.934445376576607,18.758178791950524,17.31727284028414,16.1504317918674,12.721705169852092,10.823840513330927,14.359680460617772,17.323906646585975
losange,19.575348124723792,14.685675871523188,9.934445376576607,0.0,19.696157538292052,19.595959596815632,18.9643716669158,14.199427802496547,13.53211359192641,15.285340879626297,15.020873390154156
isoTrapezoid,10.21000929666801,17.89166790373558,18.758178791950524,19.696157538292052,0.0,10.647839656040341,9.952325627988317,17.295723169798315,17.514292685938305,11.610850039749243,13.985613732021408
kite,8.512063789126666,14.55695989722828,17.31727284028414,19.595959596815632,10.647839656040341,0.0,7.2330081418104175,16.06044363332791,15.947448277049961,13.775177083516555,16.802726100500387
rightKite,6.97537524642229,14.184382867682427,16.1504317918674,18.9643716669158,9.952325627988317,7.2330081418104175,0.0,15.21519226764954,14.965835354741714,10.788290640537229,15.939101230082034
rustedHinge,13.842111353758417,10.587022282676378,12.721705169852092,14.199427802496547,17.295723169798315,16.06044363332791,15.21519226764954,0.0,4.319926713525349,14.314925457593608,15.789728839767978
hinge,13.57897088819629,8.347935130108027,10.823840513330927,13.53211359192641,17.514292685938305,15.947448277049961,14.965835354741714,4.319926713525349,0.0,13.845040180802688,16.054546876416843
trapezoid,10.93244531600161,14.493915880231615,14.359680460617772,15.285340879626297,11.610850039749243,13.775177083516555,10.788290640537229,14.314925457593608,13.845040180802688,0.0,10.696480061481996
random,15.410956599836135,18.093802476287443,17.323906646585975,15.020873390154156,13.985613732021408,16.802726100500387,15.939101230082034,15.789728839767978,16.054546876416843,10.696480061481996,0.0
