,square,rectangle,parallelogram,losange,isoTrapezoid,kite,rightKite,rustedHinge,hinge,trapezoid,random
square,0.0,0.023848271759484674,0.03579337006852801,0.05240626767849865,0.015494265752486247,0.010307742214697102,0.008278868752013113,0.02723664632226408,0.025023118011852974,0.01825870671322183,0.03354770165163212
rectangle,0.023848271759484674,0.0,0.015977861939025062,0.03256185429254577,0.0420964498499391,0.028463975379641515,0.027895295561180644,0.01664440500525921,0.010320090553362804,0.030686196816450573,0.0447148980862776
parallelogram,0.03579337006852801,0.015977861939025062,0.0,0.018840455546829893,0.046232928594248435,0.0409835872299279,0.034510737520568546,0.026350378554232612,0.01941085450105895,0.02939378979846574,0.04348034978289017
losange,0.05240626767849865,0.03256185429254577,0.018840455546829893,0.0,0.0519478440387926,0.05345297329813048,0.05029455186033149,0.030317872398903045,0.028179230454704718,0.03307364181006123,0.0321501187837101
isoTrapezoid,0.015494265752486247,0.0420964498499391,0.046232928594248435,0.0519478440387926,0.0,0.016453862340483405,0.015636653552190016,0.043072994727052505,0.04226287122024308,0.01942275249751957,0.029137166697186134
kite,0.010307742214697102,0.028463975379641515,0.0409835872299279,0.05345297329813048,0.016453862340483405,0.0,0.008640000286382454,0.03646306264940824,0.035014632143790414,0.028075941007821625,0.04079528483715589
rightKite,0.008278868752013113,0.027895295561180644,0.034510737520568546,0.05029455186033149,0.015636653552190016,0.008640000286382454,0.0,0.03449936525260766,0.032343812607704914,0.017818639357593757,0.037830183551189944
rustedHinge,0.02723664632226408,0.01664440500525921,0.026350378554232612,0.030317872398903045,0.043072994727052505,0.03646306264940824,0.03449936525260766,1.1102230246251565e-16,0.0033467875010687598,0.032604304645356574,0.036888582308843176
hinge,0.025023118011852974,0.010320090553362804,0.01941085450105895,0.028179230454704718,0.04226287122024308,0.035014632143790414,0.032343812607704914,0.0033467875010687598,1.1102230246251565e-16,0.029852233532884354,0.03732565907930285
trapezoid,0.01825870671322183,0.030686196816450573,0.02939378979846574,0.03307364181006123,0.01942275249751957,0.028075941007821625,0.017818639357593757,0.032604304645356574,0.029852233532884354,0.0,0.01834494542791465
random,0.03354770165163212,0.0447148980862776,0.04348034978289017,0.0321501187837101,0.029137166697186134,0.04079528483715589,0.037830183551189944,0.036888582308843176,0.03732565907930285,0.01834494542791465,1.1102230246251565e-16
