,square,rectangle,parallelogram,losange,isoTrapezoid,kite,rightKite,rustedHinge,hinge,trapezoid,random
square,1.1102230246251565e-16,0.0331214214051887,0.0894113820790211,0.1362434690860066,0.0398184050518231,0.0321995611542506,0.02796899424962851,0.06250282295307408,0.05028517704062452,0.054742617722767895,0.08854660897826694
rectangle,0.0331214214051887,0.0,0.05453489712764836,0.11672205555585868,0.08696802817493465,0.060440363333533975,0.055774642060972046,0.05078359677208888,0.03080797372957844,0.07423457599730554,0.11913723492882433
parallelogram,0.0894113820790211,0.05453489712764836,0.0,0.04337483491003813,0.11580862843812645,0.12153580920343154,0.08856072683543947,0.08977548173923366,0.06412540177325143,0.05424968818882292,0.096281011735454
losange,0.1362434690860066,0.11672205555585868,0.04337483491003813,0.0,0.13558788254138066,0.1564446724369427,0.12542279301483528,0.12300102253343792,0.10990596390006746,0.06258381922229739,0.08187867455824027
isoTrapezoid,0.0398184050518231,0.08696802817493465,0.11580862843812645,0.13558788254138066,0.0,0.04097780522980088,0.032959191776881225,0.10610953000845746,0.09872486481244325,0.047586226688415945,0.06607861895975886
kite,0.0321995611542506,0.060440363333533975,0.12153580920343154,0.1564446724369427,0.04097780522980088,0.0,0.023547671803302195,0.0978150207081786,0.09158354202925267,0.09123525730964988,0.12012037574711254
rightKite,0.02796899424962851,0.055774642060972046,0.08856072683543947,0.12542279301483528,0.032959191776881225,0.023547671803302195,0.0,0.09585010840155117,0.08565586041698026,0.05047381195547529,0.09189362027282533
rustedHinge,0.06250282295307408,0.05078359677208888,0.08977548173923366,0.12300102253343792,0.10610953000845746,0.0978150207081786,0.09585010840155117,0.0,0.008553563304647516,0.09098094323711392,0.10070859745657246
hinge,0.05028517704062452,0.03080797372957844,0.06412540177325143,0.10990596390006746,0.09872486481244325,0.09158354202925267,0.08565586041698026,0.008553563304647516,0.0,0.0768112787137496,0.09536782910008268
trapezoid,0.054742617722767895,0.07423457599730554,0.05424968818882292,0.06258381922229739,0.047586226688415945,0.09123525730964988,0.05047381195547529,0.09098094323711392,0.0768112787137496,0.0,0.026827159001074463
random,0.08854660897826694,0.11913723492882433,0.096281011735454,0.08187867455824027,0.06607861895975886,0.12012037574711254,0.09189362027282533,0.10070859745657246,0.09536782910008268,0.026827159001074463,1.1102230246251565e-16
