,square,rectangle,parallelogram,losange,isoTrapezoid,kite,rightKite,rustedHinge,hinge,trapezoid,random
square,0.0,0.09536534128466878,0.14649388117476003,0.17951453935329842,0.15840755128381734,0.13806756361394734,0.13163398123947623,0.1690769268477339,0.1433292255271773,0.14781889839672002,0.1912044274968967
rectangle,0.09536534128466878,0.0,0.13790440043588847,0.18183020599041244,0.19805343787817553,0.17515025757947933,0.17780115970749188,0.1730925448115258,0.12854924520697497,0.17332422311856088,0.2127102507567944
parallelogram,0.14649388117476003,0.13790440043588847,1.1102230246251565e-16,0.04339765804974549,0.15805563080129537,0.13050982340907724,0.14039357270613828,0.14210702166190103,0.11666238216777092,0.10878206661151246,0.14187556592772932
losange,0.17951453935329842,0.18183020599041244,0.04339765804974549,0.0,0.1679339729398931,0.1509032616755408,0.15979723814423008,0.15568168757611445,0.14183959832816917,0.114667299037571,0.13139407452795204
isoTrapezoid,0.15840755128381734,0.19805343787817553,0.15805563080129537,0.1679339729398931,1.1102230246251565e-16,0.06839000186995914,0.06358313871388677,0.14123871319833592,0.1315017625069117,0.059641720488404326,0.09754490912446312
kite,0.13806756361394734,0.17515025757947933,0.13050982340907724,0.1509032616755408,0.06839000186995914,1.1102230246251565e-16,0.037468294813857383,0.11321653873875004,0.10045168966420892,0.08924466602209746,0.11028422895900836
rightKite,0.13163398123947623,0.17780115970749188,0.14039357270613828,0.15979723814423008,0.06358313871388677,0.037468294813857383,0.0,0.1136444851884808,0.09822398738396387,0.07311599145905323,0.11714354042958319
rustedHinge,0.1690769268477339,0.1730925448115258,0.14210702166190103,0.15568168757611445,0.14123871319833592,0.11321653873875004,0.1136444851884808,0.0,0.03353043493426611,0.13066454284239282,0.12143805353885073
hinge,0.1433292255271773,0.12854924520697497,0.11666238216777092,0.14183959832816917,0.1315017625069117,0.10045168966420892,0.09822398738396387,0.03353043493426611,0.0,0.11275254350452668,0.12222899340300675
trapezoid,0.14781889839672002,0.17332422311856088,0.10878206661151246,0.114667299037571,0.059641720488404326,0.08924466602209746,0.07311599145905323,0.13066454284239282,0.11275254350452668,0.0,0.06407983788605753
random,0.1912044274968967,0.2127102507567944,0.14187556592772932,0.13139407452795204,0.09754490912446312,0.11028422895900836,0.11714354042958319,0.12143805353885073,0.12222899340300675,0.06407983788605753,1.1102230246251565e-16
