,square,rectangle,parallelogram,losange,isoTrapezoid,kite,rightKite,rustedHinge,hinge,trapezoid,random
square,0.0,0.09966808271646854,0.19958714815011025,0.252064249829845,0.2006131717338595,0.17844803142706467,0.16354940929673323,0.21451363391237477,0.1809772892770164,0.1861597644694194,0.2549686988735962
rectangle,0.09966808271646854,0.0,0.166279920549948,0.24365136908886542,0.2501659754135841,0.2185501725487311,0.2131809990045691,0.21037247808420145,0.15246861144499624,0.21219016539302638,0.27985190366071744
parallelogram,0.19958714815011025,0.166279920549948,0.0,0.067552696999575,0.2463330669455045,0.20859470003150482,0.21814888438934532,0.204195697121902,0.1661683165292741,0.1577168622733396,0.21009873739344553
losange,0.252064249829845,0.24365136908886542,0.067552696999575,1.1102230246251565e-16,0.2765104060983541,0.25068734638806156,0.261813898363227,0.23777885898623163,0.22011222989108603,0.1837679007409989,0.1989862337370807
isoTrapezoid,0.2006131717338595,0.2501659754135841,0.2463330669455045,0.2765104060983541,0.0,0.09678720259153706,0.08462279402201434,0.1874218303739178,0.1785443977166552,0.09372889496544978,0.14631113674774743
kite,0.17844803142706467,0.2185501725487311,0.20859470003150482,0.25068734638806156,0.09678720259153706,0.0,0.05093278951587188,0.1600476256685358,0.1474118697555593,0.1388912408034204,0.17563228134048503
rightKite,0.16354940929673323,0.2131809990045691,0.21814888438934532,0.261813898363227,0.08462279402201434,0.05093278951587188,1.1102230246251565e-16,0.15338835846294507,0.13800738573945237,0.11112548110786091,0.17386487291452013
rustedHinge,0.21451363391237477,0.21037247808420145,0.204195697121902,0.23777885898623163,0.1874218303739178,0.1600476256685358,0.15338835846294507,0.0,0.03499827119099386,0.17331544377601737,0.16959393760041697
hinge,0.1809772892770164,0.15246861144499624,0.1661683165292741,0.22011222989108603,0.1785443977166552,0.1474118697555593,0.13800738573945237,0.03499827119099386,1.1102230246251565e-16,0.1511579133879537,0.17248968055087632
trapezoid,0.1861597644694194,0.21219016539302638,0.1577168622733396,0.1837679007409989,0.09372889496544978,0.1388912408034204,0.11112548110786091,0.17331544377601737,0.1511579133879537,0.0,0.08646888877256576
random,0.2549686988735962,0.27985190366071744,0.21009873739344553,0.1989862337370807,0.14631113674774743,0.17563228134048503,0.17386487291452013,0.16959393760041697,0.17248968055087632,0.08646888877256576,0.0
