,square,rectangle,parallelogram,losange,isoTrapezoid,kite,rightKite,rustedHinge,hinge,trapezoid,random
square,1.1102230246251565e-16,0.01747842709243974,0.028200214632819742,0.03926506057478818,0.010439266753629495,0.0074998825027200455,0.005220622326360891,0.019247623734416464,0.017783558681979006,0.01153299682756359,0.023099468870791395
rectangle,0.01747842709243974,0.0,0.010107039036993504,0.021483839542293492,0.029652767899468913,0.020137160572198165,0.019255671132734742,0.011860861497798192,0.0072338334518837755,0.01964117392733855,0.032374800752897004
parallelogram,0.028200214632819742,0.010107039036993504,1.1102230246251565e-16,0.009654737998144536,0.03499175836863444,0.029911643144415523,0.026082647738435938,0.01699111992291724,0.012233014255491836,0.019456501542192695,0.02991858848417006
losange,0.03926506057478818,0.021483839542293492,0.009654737998144536,0.0,0.03921597024316592,0.038669033734970215,0.03581912236697038,0.02151305740877041,0.019351040237267303,0.022522482799831378,0.02372698485702851
isoTrapezoid,0.010439266753629495,0.029652767899468913,0.03499175836863444,0.03921597024316592,1.1102230246251565e-16,0.010135680443479012,0.0090181218461165,0.027846621020726547,0.028213721934727487,0.012741122364096191,0.01763477280416692
kite,0.0074998825027200455,0.020137160572198165,0.029911643144415523,0.038669033734970215,0.010135680443479012,1.1102230246251565e-16,0.00538500255245189,0.023971981496317407,0.02344953166908159,0.01856403859838207,0.027016690025668977
rightKite,0.005220622326360891,0.019255671132734742,0.026082647738435938,0.03581912236697038,0.0090181218461165,0.00538500255245189,0.0,0.02171553996968334,0.02076016853760254,0.010785718098819785,0.02292452114177812
rustedHinge,0.019247623734416464,0.011860861497798192,0.01699111992291724,0.02151305740877041,0.027846621020726547,0.023971981496317407,0.02171553996968334,0.0,0.002118367406074406,0.01937405072989884,0.024049676515836227
hinge,0.017783558681979006,0.0072338334518837755,0.012233014255491836,0.019351040237267303,0.028213721934727487,0.02344953166908159,0.02076016853760254,0.002118367406074406,0.0,0.017704945169649267,0.024878957834294946
trapezoid,0.01153299682756359,0.01964117392733855,0.019456501542192695,0.022522482799831378,0.012741122364096191,0.01856403859838207,0.010785718098819785,0.01937405072989884,0.017704945169649267,0.0,0.010268229369829518
random,0.023099468870791395,0.032374800752897004,0.02991858848417006,0.02372698485702851,0.01763477280416692,0.027016690025668977,0.02292452114177812,0.024049676515836227,0.024878957834294946,0.010268229369829518,1.1102230246251565e-16
