,square,rectangle,parallelogram,losange,isoTrapezoid,kite,rightKite,rustedHinge,hinge,trapezoid,random
square,1.1102230246251565e-16,0.052927821009357445,0.15493279819530337,0.2047592689816321,0.13461845898281244,0.12097510108441645,0.11643704076483063,0.16290801397005295,0.13548535829260888,0.13312733512427843,0.18908763714065702
rectangle,0.052927821009357445,0.0,0.12266493502270881,0.1856221124553491,0.17837745221608048,0.15561982120996265,0.15249223936921863,0.15527034791723004,0.11566542578097339,0.15457635698396022,0.2126630536346762
parallelogram,0.15493279819530337,0.12266493502270881,0.0,0.044090862921426055,0.18612942519948494,0.15122211623128035,0.16178925729019156,0.15388474865108825,0.12142910872710733,0.11661807690074355,0.15525095593495097
losange,0.2047592689816321,0.1856221124553491,0.044090862921426055,0.0,0.20532487072569894,0.1805235987968442,0.1918575561629733,0.17617627918335133,0.1554449256909306,0.12787655580701385,0.13933788977783113
isoTrapezoid,0.13461845898281244,0.17837745221608048,0.18612942519948494,0.20532487072569894,0.0,0.07221381075811328,0.060261112356536084,0.15114909611618899,0.14322559022651715,0.06042238096257324,0.09966420550190758
kite,0.12097510108441645,0.15561982120996265,0.15122211623128035,0.1805235987968442,0.07221381075811328,2.220446049250313e-16,0.036225450144317106,0.12413133348660854,0.11238338581458074,0.09973755929894046,0.12430838957874113
rightKite,0.11643704076483063,0.15249223936921863,0.16178925729019156,0.1918575561629733,0.060261112356536084,0.036225450144317106,0.0,0.11478881011274644,0.10328891819691755,0.07725368535323474,0.12467209411280566
rustedHinge,0.16290801397005295,0.15527034791723004,0.15388474865108825,0.17617627918335133,0.15114909611618899,0.12413133348660854,0.11478881011274644,2.220446049250313e-16,0.017875530816146457,0.13029786312933678,0.1293018696556546
hinge,0.13548535829260888,0.11566542578097339,0.12142910872710733,0.1554449256909306,0.14322559022651715,0.11238338581458074,0.10328891819691755,0.017875530816146457,2.220446049250313e-16,0.11420744475596101,0.12768578328699975
trapezoid,0.13312733512427843,0.15457635698396022,0.11661807690074355,0.12787655580701385,0.06042238096257324,0.09973755929894046,0.07725368535323474,0.13029786312933678,0.11420744475596101,0.0,0.054161138336723424
random,0.18908763714065702,0.2126630536346762,0.15525095593495097,0.13933788977783113,0.09966420550190758,0.12430838957874113,0.12467209411280566,0.1293018696556546,0.12768578328699975,0.054161138336723424,0.0
