,square,rectangle,parallelogram,losange,isoTrapezoid,kite,rightKite,rustedHinge,hinge,trapezoid,random
square,0.0,0.03528601831515943,0.06970812663846815,0.09658857135081211,0.027059881720890466,0.022580040568207616,0.018805519920405356,0.0488676433318076,0.043256920159426615,0.03367280352989688,0.060464727886278435
rectangle,0.03528601831515943,0.0,0.03238949480093245,0.06577777958018727,0.07051898033597437,0.048025965549176264,0.04623576152194686,0.03446770314496417,0.02204701460367653,0.05074582158131091,0.08304780126552624
parallelogram,0.06970812663846815,0.03238949480093245,1.1102230246251565e-16,0.0251718638124363,0.08644730539897927,0.0789370983845532,0.06588753400343716,0.05261317082961414,0.03869860420506166,0.04470076492013075,0.07209148786766206
losange,0.09658857135081211,0.06577777958018727,0.0251718638124363,0.0,0.09627436779441478,0.09943307797464873,0.08746671525151284,0.06743284890866619,0.05959479065023465,0.050587715426985924,0.05783669347036102
isoTrapezoid,0.027059881720890466,0.07051898033597437,0.08644730539897927,0.09627436779441478,0.0,0.02734782751584519,0.023830013477415313,0.07311309514503916,0.07170425968758787,0.03282899168792175,0.044563046630770486
kite,0.022580040568207616,0.048025965549176264,0.0789370983845532,0.09943307797464873,0.02734782751584519,0.0,0.015523524647657383,0.06298080543013429,0.06062855066172068,0.05384690496285194,0.07350561122913968
rightKite,0.018805519920405356,0.04623576152194686,0.06588753400343716,0.08746671525151284,0.023830013477415313,0.015523524647657383,0.0,0.06067034272347538,0.05665978587836884,0.03025665968521074,0.05883428851541961
rustedHinge,0.0488676433318076,0.03446770314496417,0.05261317082961414,0.06743284890866619,0.07311309514503916,0.06298080543013429,0.06067034272347538,0.0,0.005559354170340924,0.05653243594951274,0.06620935050101562
hinge,0.043256920159426615,0.02204701460367653,0.03869860420506166,0.05959479065023465,0.07170425968758787,0.06062855066172068,0.05665978587836884,0.005559354170340924,0.0,0.05002968955973497,0.06471517679981287
trapezoid,0.03367280352989688,0.05074582158131091,0.04470076492013075,0.050587715426985924,0.03282899168792175,0.05384690496285194,0.03025665968521074,0.05653243594951274,0.05002968955973497,1.1102230246251565e-16,0.02232508814382006
random,0.060464727886278435,0.08304780126552624,0.07209148786766206,0.05783669347036102,0.044563046630770486,0.07350561122913968,0.05883428851541961,0.06620935050101562,0.06471517679981287,0.02232508814382006,0.0
