,square,rectangle,parallelogram,losange,isoTrapezoid,kite,rightKite,rustedHinge,hinge,trapezoid,random
square,0.0,0.11248197077913258,0.23170667091165786,0.2833096352411911,0.22897400958170944,0.2038506491799752,0.1945933420698457,0.2648696505306499,0.220827797975244,0.20581635152034694,0.28753920658060017
rectangle,0.11248197077913258,1.1102230246251565e-16,0.19013141528788857,0.26691615942020464,0.2734223724916023,0.23605731031906674,0.23714622645067052,0.2515480856608848,0.18429071371652417,0.22721032840071076,0.30625059796864207
parallelogram,0.23170667091165786,0.19013141528788857,1.1102230246251565e-16,0.07187084052314707,0.25976501230037397,0.21822275937870106,0.22716905175204005,0.22636697972707476,0.17957593193489096,0.16376766314244207,0.2194552019041791
losange,0.2833096352411911,0.26691615942020464,0.07187084052314707,0.0,0.2790380037117428,0.2512886661031851,0.2596944197431529,0.2528639450729302,0.22632070878764798,0.1787516754599654,0.2011343466136104
isoTrapezoid,0.22897400958170944,0.2734223724916023,0.25976501230037397,0.2790380037117428,0.0,0.1143879199102189,0.09903508890107982,0.21619706447758813,0.20634284639535705,0.10407576657222539,0.161241312376604
kite,0.2038506491799752,0.23605731031906674,0.21822275937870106,0.2512886661031851,0.1143879199102189,0.0,0.05553935547326716,0.1876567186889877,0.16945327247920927,0.151740630631638,0.1904780055634031
rightKite,0.1945933420698457,0.23714622645067052,0.22716905175204005,0.2596944197431529,0.09903508890107982,0.05553935547326716,0.0,0.18163539262341188,0.16310411240414713,0.12066127083588352,0.18970748760187506
rustedHinge,0.2648696505306499,0.2515480856608848,0.22636697972707476,0.2528639450729302,0.21619706447758813,0.1876567186889877,0.18163539262341188,0.0,0.04087632545784936,0.19850793163178249,0.1860592419613155
hinge,0.220827797975244,0.18429071371652417,0.17957593193489096,0.22632070878764798,0.20634284639535705,0.16945327247920927,0.16310411240414713,0.04087632545784936,0.0,0.17279421409508977,0.18890928058693135
trapezoid,0.20581635152034694,0.22721032840071076,0.16376766314244207,0.1787516754599654,0.10407576657222539,0.151740630631638,0.12066127083588352,0.19850793163178249,0.17279421409508977,0.0,0.09339953666999223
random,0.28753920658060017,0.30625059796864207,0.2194552019041791,0.2011343466136104,0.161241312376604,0.1904780055634031,0.18970748760187506,0.1860592419613155,0.18890928058693135,0.09339953666999223,0.0
