,square,rectangle,parallelogram,losange,isoTrapezoid,kite,rightKite,rustedHinge,hinge,trapezoid,random
square,2.220446049250313e-16,0.042026064099977445,0.0667638720928706,0.07970542484017085,0.06479956920399255,0.05572163607006475,0.05148152819872609,0.07216704683289488,0.0627793539295326,0.05921547881130895,0.0836714516904562
rectangle,0.042026064099977445,0.0,0.0565790293103382,0.07436392612102127,0.08362806336826423,0.07029947609723275,0.06878413617105239,0.07001845300854348,0.05432944561246178,0.06948875491443096,0.09298132322769836
parallelogram,0.0667638720928706,0.0565790293103382,0.0,0.020146217483142825,0.0762705177528824,0.06341488665864592,0.06559132870035611,0.062311028374129385,0.052794899797932504,0.04907616173631846,0.06870127046208563
losange,0.07970542484017085,0.07436392612102127,0.020146217483142825,2.220446049250313e-16,0.08115365660807161,0.07367161613912343,0.07585305077424376,0.06789003538539806,0.06280535441194512,0.05249533151890995,0.06164322083141227
isoTrapezoid,0.06479956920399255,0.08362806336826423,0.0762705177528824,0.08115365660807161,2.220446049250313e-16,0.033556215809260714,0.03192342224661826,0.06723521224746354,0.06327568314380216,0.03059733550510102,0.04873272709365817
kite,0.05572163607006475,0.07029947609723275,0.06341488665864592,0.07367161613912343,0.033556215809260714,2.220446049250313e-16,0.017288293948692357,0.05455790341406275,0.04853448625304302,0.04253803363761954,0.056585430016152904
rightKite,0.05148152819872609,0.06878413617105239,0.06559132870035611,0.07585305077424376,0.03192342224661826,0.017288293948692357,0.0,0.05080017680075499,0.044070873329768445,0.03539552304774418,0.05782670630338704
rustedHinge,0.07216704683289488,0.07001845300854348,0.062311028374129385,0.06789003538539806,0.06723521224746354,0.05455790341406275,0.05080017680075499,0.0,0.01444456773973013,0.056658506058557156,0.058384923762252794
hinge,0.0627793539295326,0.05432944561246178,0.052794899797932504,0.06280535441194512,0.06327568314380216,0.04853448625304302,0.044070873329768445,0.01444456773973013,0.0,0.0501706045025162,0.05916228832662951
trapezoid,0.05921547881130895,0.06948875491443096,0.04907616173631846,0.05249533151890995,0.03059733550510102,0.04253803363761954,0.03539552304774418,0.056658506058557156,0.0501706045025162,0.0,0.030012125153641267
random,0.0836714516904562,0.09298132322769836,0.06870127046208563,0.06164322083141227,0.04873272709365817,0.056585430016152904,0.05782670630338704,0.058384923762252794,0.05916228832662951,0.030012125153641267,0.0
