,square,rectangle,parallelogram,losange,isoTrapezoid,kite,rightKite,rustedHinge,hinge,trapezoid,random
square,0.0,0.038873248516074654,0.06912943890613965,0.08061039409233695,0.06931171268396674,0.05770840633580765,0.055618836491440726,0.07148276747055493,0.0634012615047691,0.06327406952414738,0.08268624340059694
rectangle,0.038873248516074654,2.220446049250313e-16,0.059517588479024996,0.07560577187407169,0.08822373879801304,0.0751495512794419,0.07550635893814528,0.07389549025681907,0.059164496666466726,0.07330375646625487,0.09396559754048828
parallelogram,0.06912943890613965,0.059517588479024996,2.220446049250313e-16,0.02070825905584628,0.07836924969466097,0.06484575945929938,0.06745394320335285,0.06396189228021887,0.05430586139329663,0.05000217283834185,0.0681605441124663
losange,0.08061039409233695,0.07560577187407169,0.02070825905584628,0.0,0.08215780385419813,0.07429953787332444,0.07596975238050596,0.06992623275237553,0.06423541065585947,0.05282991382447655,0.06141707289054488
isoTrapezoid,0.06931171268396674,0.08822373879801304,0.07836924969466097,0.08215780385419813,0.0,0.03602346639859921,0.03481405693924511,0.06777004891587168,0.06524883045632668,0.03261321317378241,0.04833057285095543
kite,0.05770840633580765,0.0751495512794419,0.06484575945929938,0.07429953787332444,0.03602346639859921,0.0,0.01727187850887868,0.05208006798072906,0.04704851128225873,0.043270589121045644,0.053975881206074106
rightKite,0.055618836491440726,0.07550635893814528,0.06745394320335285,0.07596975238050596,0.03481405693924511,0.01727187850887868,0.0,0.04904740742482616,0.04332518745595737,0.03603804296420299,0.05538067056421825
rustedHinge,0.07148276747055493,0.07389549025681907,0.06396189228021887,0.06992623275237553,0.06777004891587168,0.05208006798072906,0.04904740742482616,0.0,0.014517775171284164,0.05635165914221252,0.05727932940901781
hinge,0.0634012615047691,0.059164496666466726,0.05430586139329663,0.06423541065585947,0.06524883045632668,0.04704851128225873,0.04332518745595737,0.014517775171284164,0.0,0.0504816454821837,0.05862799814295483
trapezoid,0.06327406952414738,0.07330375646625487,0.05000217283834185,0.05282991382447655,0.03261321317378241,0.043270589121045644,0.03603804296420299,0.05635165914221252,0.0504816454821837,0.0,0.030645809527218515
random,0.08268624340059694,0.09396559754048828,0.0681605441124663,0.06141707289054488,0.04833057285095543,0.053975881206074106,0.05538067056421825,0.05727932940901781,0.05862799814295483,0.030645809527218515,2.220446049250313e-16
