,square,rectangle,parallelogram,losange,isoTrapezoid,kite,rightKite,rustedHinge,hinge,trapezoid,random
square,0.0,0.03833025176107274,0.0833249149004347,0.12067979482246549,0.03791380425769986,0.03579807941857405,0.0310519116879876,0.06417038933828156,0.05502883192962971,0.046854486817421326,0.08647892449118988
rectangle,0.03833025176107274,0.0,0.04028686877230958,0.08276166363050375,0.0858833769412326,0.06258330789845601,0.061199729770313516,0.05240573590170283,0.03385299356223137,0.06410410980601045,0.10864289918416381
parallelogram,0.0833249149004347,0.04028686877230958,1.1102230246251565e-16,0.02730100052349682,0.10339917770930318,0.0930131263701206,0.08358504107875175,0.06641794505343912,0.04842637506965497,0.05370724137088434,0.08824462422686252
losange,0.12067979482246549,0.08276166363050375,0.02730100052349682,1.1102230246251565e-16,0.11965262740052407,0.11936360705987104,0.11131521799847643,0.08486003069438619,0.07382028512719474,0.06371441903546493,0.07422467054771553
isoTrapezoid,0.03791380425769986,0.0858833769412326,0.10339917770930318,0.11965262740052407,1.1102230246251565e-16,0.035522103433060614,0.03147423924258663,0.08532042392330519,0.08467675589151291,0.04038355795948667,0.058229107989074214
kite,0.03579807941857405,0.06258330789845601,0.0930131263701206,0.11936360705987104,0.035522103433060614,0.0,0.018031712838827207,0.07693326863205119,0.07297548563718625,0.06848699545749737,0.09182921994645132
rightKite,0.0310519116879876,0.061199729770313516,0.08358504107875175,0.11131521799847643,0.03147423924258663,0.018031712838827207,0.0,0.07225102742937461,0.06741339996262274,0.042972931413495674,0.07636057751575831
rustedHinge,0.06417038933828156,0.05240573590170283,0.06641794505343912,0.08486003069438619,0.08532042392330519,0.07693326863205119,0.07225102742937461,0.0,0.007653750144776761,0.06613908348604836,0.07505195374844409
hinge,0.05502883192962971,0.03385299356223137,0.04842637506965497,0.07382028512719474,0.08467675589151291,0.07297548563718625,0.06741339996262274,0.007653750144776761,0.0,0.05912861153455384,0.07531553278583225
trapezoid,0.046854486817421326,0.06410410980601045,0.05370724137088434,0.06371441903546493,0.04038355795948667,0.06848699545749737,0.042972931413495674,0.06613908348604836,0.05912861153455384,0.0,0.02855713169062002
random,0.08647892449118988,0.10864289918416381,0.08824462422686252,0.07422467054771553,0.058229107989074214,0.09182921994645132,0.07636057751575831,0.07505195374844409,0.07531553278583225,0.02855713169062002,0.0
