,square,rectangle,parallelogram,losange,isoTrapezoid,kite,rightKite,rustedHinge,hinge,trapezoid,random
square,0.0,0.11279521451124475,0.20507164043861636,0.24796319530944533,0.20837432330967742,0.1801697814144726,0.16853404966769558,0.22574082648186133,0.18845640928319418,0.1905220775560985,0.25432427775895106
rectangle,0.11279521451124475,0.0,0.17454652259944914,0.2406185359283428,0.23941788631745764,0.20751377973426743,0.201352641172714,0.21175615814159576,0.1548300736222601,0.20416578254277828,0.26584493456463
parallelogram,0.20507164043861636,0.17454652259944914,0.0,0.06329682830040928,0.22409628966805029,0.18217372120748143,0.1908236950348967,0.19451008330406405,0.15850778264946142,0.15115698454646165,0.1985519882575617
losange,0.24796319530944533,0.2406185359283428,0.06329682830040928,0.0,0.24346916498527915,0.21367237845335085,0.2218792683880978,0.22048245090239638,0.19936493164120217,0.1659271076340385,0.19037371568383643
isoTrapezoid,0.20837432330967742,0.23941788631745764,0.22409628966805029,0.24346916498527915,0.0,0.09780542490979194,0.08407732148072611,0.19210638731763463,0.17646062997363043,0.08408559585336417,0.1375280693104013
kite,0.1801697814144726,0.20751377973426743,0.18217372120748143,0.21367237845335085,0.09780542490979194,1.1102230246251565e-16,0.048271549223146804,0.15731884255663164,0.1383705718939925,0.12266181417225053,0.15192767258906426
rightKite,0.16853404966769558,0.201352641172714,0.1908236950348967,0.2218792683880978,0.08407732148072611,0.048271549223146804,0.0,0.14746554087834485,0.1272545431915546,0.0950819716192931,0.15331545096603005
rustedHinge,0.22574082648186133,0.21175615814159576,0.19451008330406405,0.22048245090239638,0.19210638731763463,0.15731884255663164,0.14746554087834485,0.0,0.03915112735919113,0.173450989409631,0.16465283761690475
hinge,0.18845640928319418,0.1548300736222601,0.15850778264946142,0.19936493164120217,0.17646062997363043,0.1383705718939925,0.1272545431915546,0.03915112735919113,0.0,0.1485703089046807,0.16391966416627435
trapezoid,0.1905220775560985,0.20416578254277828,0.15115698454646165,0.1659271076340385,0.08408559585336417,0.12266181417225053,0.0950819716192931,0.173450989409631,0.1485703089046807,1.1102230246251565e-16,0.08513479888082731
random,0.25432427775895106,0.26584493456463,0.1985519882575617,0.19037371568383643,0.1375280693104013,0.15192767258906426,0.15331545096603005,0.16465283761690475,0.16391966416627435,0.08513479888082731,1.1102230246251565e-16
