,square,rectangle,parallelogram,losange,isoTrapezoid,kite,rightKite,rustedHinge,hinge,trapezoid,random
square,0.0,0.007876069588549361,0.011767931617416294,0.017371109594288003,0.005248542051163652,0.0036729625010326616,0.0027713229234460623,0.008526702534056074,0.007832538243146892,0.00559824629185024,0.011222212758539518
rectangle,0.007876069588549361,0.0,0.0049542962510708,0.010761952163558353,0.013677470725061092,0.009728668800798812,0.009192160084066092,0.005725832319405155,0.0034397541186313996,0.009590089902223209,0.015482047376854324
parallelogram,0.011767931617416294,0.0049542962510708,2.220446049250313e-16,0.005073336295585706,0.014865803511616593,0.013178419146007037,0.011202938134006968,0.007674092979825908,0.005557975455159125,0.00840944504738994,0.013396140418702962
losange,0.017371109594288003,0.010761952163558353,0.005073336295585706,0.0,0.01692447447332379,0.017889570309709613,0.016506971781920288,0.010016140404689233,0.009180436515079937,0.009911671723746629,0.010347426871538334
isoTrapezoid,0.005248542051163652,0.013677470725061092,0.014865803511616593,0.01692447447332379,0.0,0.004963536006780345,0.004600036770866844,0.01297298285554016,0.012994995555919764,0.005782594601909108,0.008517791972006195
kite,0.0036729625010326616,0.009728668800798812,0.013178419146007037,0.017889570309709613,0.004963536006780345,0.0,0.002711765650417308,0.01150642900171972,0.011171653979206608,0.009079949312952751,0.013326051059173949
rightKite,0.0027713229234460623,0.009192160084066092,0.011202938134006968,0.016506971781920288,0.004600036770866844,0.002711765650417308,2.220446049250313e-16,0.010289633495477846,0.009851591937333315,0.005424594369215274,0.011505569028527507
rustedHinge,0.008526702534056074,0.005725832319405155,0.007674092979825908,0.010016140404689233,0.01297298285554016,0.01150642900171972,0.010289633495477846,0.0,0.0010712801201774313,0.009033642568075928,0.011029452556967967
hinge,0.007832538243146892,0.0034397541186313996,0.005557975455159125,0.009180436515079937,0.012994995555919764,0.011171653979206608,0.009851591937333315,0.0010712801201774313,0.0,0.008296595950296304,0.011511070097707576
trapezoid,0.00559824629185024,0.009590089902223209,0.00840944504738994,0.009911671723746629,0.005782594601909108,0.009079949312952751,0.005424594369215274,0.009033642568075928,0.008296595950296304,2.220446049250313e-16,0.004998563501140918
random,0.011222212758539518,0.015482047376854324,0.013396140418702962,0.010347426871538334,0.008517791972006195,0.013326051059173949,0.011505569028527507,0.011029452556967967,0.011511070097707576,0.004998563501140918,0.0
