,square,rectangle,parallelogram,losange,isoTrapezoid,kite,rightKite,rustedHinge,hinge,trapezoid,random
square,0.0,0.07559151478342285,0.23104443524316864,0.4139671665934139,0.3330128196524741,0.11038315746780247,0.14833069799005005,0.27875611192713456,0.22008717025543212,0.23998409366468731,0.3971412643912362
rectangle,0.07559151478342285,0.0,0.1722172744813627,0.40116676220783976,0.39875374340764635,0.1722213463011042,0.19700032969244918,0.2544457283766829,0.18204399183925724,0.2797163048652418,0.4509078243712201
parallelogram,0.23104443524316864,0.1722172744813627,0.0,0.15187697651632137,0.37281681325457894,0.24912794557312345,0.24105373347593262,0.28620611101038373,0.2428464398170831,0.16791154635743788,0.3452850582727355
losange,0.4139671665934139,0.40116676220783976,0.15187697651632137,0.0,0.4357356382338631,0.3979551132842115,0.4022793164339,0.4608586598950615,0.4529576758445034,0.21265232200360995,0.31806673487091575
isoTrapezoid,0.3330128196524741,0.39875374340764635,0.37281681325457894,0.4357356382338631,0.0,0.20957726778045893,0.15957730339248466,0.3511145037757297,0.3443854227534333,0.14220532491114657,0.16912539236909807
kite,0.11038315746780247,0.1722213463011042,0.24912794557312345,0.3979551132842115,0.20957726778045893,0.0,0.05141254518622318,0.22774177104510485,0.19791319551321018,0.1990154361079014,0.31549171511495666
rightKite,0.14833069799005005,0.19700032969244918,0.24105373347593262,0.4022793164339,0.15957730339248466,0.05141254518622318,1.1102230246251565e-16,0.20093038155914844,0.1806123267757025,0.14092852311103088,0.27826257584416725
rustedHinge,0.27875611192713456,0.2544457283766829,0.28620611101038373,0.4608586598950615,0.3511145037757297,0.22774177104510485,0.20093038155914844,0.0,0.024867276934130378,0.28951372976713285,0.33875942879676546
hinge,0.22008717025543212,0.18204399183925724,0.2428464398170831,0.4529576758445034,0.3443854227534333,0.19791319551321018,0.1806123267757025,0.024867276934130378,0.0,0.2713977360843103,0.3433492898459507
trapezoid,0.23998409366468731,0.2797163048652418,0.16791154635743788,0.21265232200360995,0.14220532491114657,0.1990154361079014,0.14092852311103088,0.28951372976713285,0.2713977360843103,0.0,0.12475173313257315
random,0.3971412643912362,0.4509078243712201,0.3452850582727355,0.31806673487091575,0.16912539236909807,0.31549171511495666,0.27826257584416725,0.33875942879676546,0.3433492898459507,0.12475173313257315,0.0
