,square,rectangle,parallelogram,losange,isoTrapezoid,kite,rightKite,rustedHinge,hinge,trapezoid,random
square,0.0,7.694798023285937,9.735497196529444,11.596706679259595,6.11269054304723,5.203202886200478,4.481886058169725,8.23289529405268,7.949640389699767,6.647667198636387,9.190550134975346
rectangle,7.694798023285937,0.0,6.267704361412347,9.129667664859555,10.486051903703345,8.546440932716058,8.311737609437321,6.581385850900355,5.2652782033036685,8.645409437285547,10.863102983788183
parallelogram,9.735497196529444,6.267704361412347,0.0,6.4147475765065085,11.159260606915288,10.457610288383155,9.616931360222102,8.108075423286792,6.960523942706811,8.611629725710396,10.535179031189537
losange,11.596706679259595,9.129667664859555,6.4147475765065085,0.0,11.767536045429466,11.857593064019145,11.33256357900591,8.840129949624858,8.448023636462935,9.026101993338639,9.104924071306298
isoTrapezoid,6.11269054304723,10.486051903703345,11.159260606915288,11.767536045429466,0.0,6.408403273156766,6.098236214709474,10.410094546361158,10.419790145596389,7.0666390056445065,8.513235817132989
kite,5.203202886200478,8.546440932716058,10.457610288383155,11.857593064019145,6.408403273156766,0.0,4.563674015570095,9.714198534810432,9.576053642527153,8.438676534627257,10.277906915581069
rightKite,4.481886058169725,8.311737609437321,9.616931360222102,11.33256357900591,6.098236214709474,4.563674015570095,0.0,9.28539441902687,9.040078262809613,6.607812115858859,9.654454546810893
rustedHinge,8.23289529405268,6.581385850900355,8.108075423286792,8.840129949624858,10.410094546361158,9.714198534810432,9.28539441902687,0.0,2.7698432333196936,8.825914353082812,9.620533665059986
hinge,7.949640389699767,5.2652782033036685,6.960523942706811,8.448023636462935,10.419790145596389,9.576053642527153,9.040078262809613,2.7698432333196936,0.0,8.459904471994687,9.730132082763204
trapezoid,6.647667198636387,8.645409437285547,8.611629725710396,9.026101993338639,7.0666390056445065,8.438676534627257,6.607812115858859,8.825914353082812,8.459904471994687,0.0,6.457077430597952
random,9.190550134975346,10.863102983788183,10.535179031189537,9.104924071306298,8.513235817132989,10.277906915581069,9.654454546810893,9.620533665059986,9.730132082763204,6.457077430597952,0.0
