,square,rectangle,parallelogram,losange,isoTrapezoid,kite,rightKite,rustedHinge,hinge,trapezoid,random
square,0.0,418.82783510095055,592.6158293428085,612.5576193795837,406.68982603867624,328.613409877107,326.1220375690009,423.8827859237631,419.79320777028624,468.29551391601444,553.5994798019195
rectangle,418.82783510095055,0.0,366.04830145204727,452.85629504234686,632.354985615258,526.3790494710224,480.60237816428133,455.4401465677266,371.66140363090665,546.249828114458,644.2481560503502
parallelogram,592.6158293428085,366.04830145204727,0.0,189.31478157211572,667.8870309018782,663.2126113160812,557.926290085823,589.863516045196,489.1053045623163,482.54787584441925,565.6413056836535
losange,612.5576193795837,452.85629504234686,189.31478157211572,0.0,642.4674105262419,676.4056936834148,563.547226558456,608.9719454549115,517.1942758078821,411.47538137863256,492.2953949237588
isoTrapezoid,406.68982603867624,632.354985615258,667.8870309018782,642.4674105262419,0.0,360.3579044107216,335.93301815998393,584.1171192432176,585.1972368615917,406.18069385877067,421.8370732725275
kite,328.613409877107,526.3790494710224,663.2126113160812,676.4056936834148,360.3579044107216,0.0,256.22918336838467,537.9027790407334,546.7989284256541,546.6251314529651,594.9539852699801
rightKite,326.1220375690009,480.60237816428133,557.926290085823,563.547226558456,335.93301815998393,256.22918336838467,0.0,510.0051759323177,497.86208727547256,399.0365357781452,517.7270916725115
rustedHinge,423.8827859237631,455.4401465677266,589.863516045196,608.9719454549115,584.1171192432176,537.9027790407334,510.0051759323177,0.0,188.9310791395358,540.9838850528821,572.7215092670375
hinge,419.79320777028624,371.66140363090665,489.1053045623163,517.1942758078821,585.1972368615917,546.7989284256541,497.86208727547256,188.9310791395358,0.0,490.3440794107541,534.8027536449694
trapezoid,468.29551391601444,546.249828114458,482.54787584441925,411.47538137863256,406.18069385877067,546.6251314529651,399.0365357781452,540.9838850528821,490.3440794107541,0.0,270.1147624278414
random,553.5994798019195,644.2481560503502,565.6413056836535,492.2953949237588,421.8370732725275,594.9539852699801,517.7270916725115,572.7215092670375,534.8027536449694,270.1147624278414,0.0
