,square,rectangle,parallelogram,losange,isoTrapezoid,kite,rightKite,rustedHinge,hinge,trapezoid,random
square,0.0,323.4081029934293,455.5148220216336,467.73807949873816,302.1718927835819,233.767313239629,234.4869335241187,312.8773235399088,309.84520734869824,353.7756622075528,416.283360834829
rectangle,323.4081029934293,0.0,277.67468433325115,342.3153793161614,482.43497726603636,395.6907101819696,361.314402291218,339.9527669361862,272.14998998163514,415.7810217295769,490.53092972536894
parallelogram,455.5148220216336,277.67468433325115,0.0,142.04410104531345,510.70151223824,506.8259512226863,423.9894591928866,452.478338510988,372.3704687053043,368.2100082775616,431.50017407079633
losange,467.73807949873816,342.3153793161614,142.04410104531345,0.0,488.8581172730784,515.378000619963,425.6343053716218,466.60923710468205,393.20287685120275,309.56602231760087,373.0053590230813
isoTrapezoid,302.1718927835819,482.43497726603636,510.70151223824,488.8581172730784,0.0,274.56597485309675,254.43171021875685,448.2553187940944,448.01248755208667,309.2405519330958,317.6389754334165
kite,233.767313239629,395.6907101819696,506.8259512226863,515.378000619963,274.56597485309675,0.0,196.0278176327,410.44379695219715,417.6873984805703,417.80441669201537,453.36969762002127
rightKite,234.4869335241187,361.314402291218,423.9894591928866,425.6343053716218,254.43171021875685,196.0278176327,0.0,390.68858428924335,380.68207561489186,301.90680442429897,393.1798228843951
rustedHinge,312.8773235399088,339.9527669361862,452.478338510988,466.60923710468205,448.2553187940944,410.44379695219715,390.68858428924335,0.0,143.16936694666336,414.71127215357785,439.9182129819545
hinge,309.84520734869824,272.14998998163514,372.3704687053043,393.20287685120275,448.01248755208667,417.6873984805703,380.68207561489186,143.16936694666336,0.0,374.8694046477292,410.0630057683261
trapezoid,353.7756622075528,415.7810217295769,368.2100082775616,309.56602231760087,309.2405519330958,417.80441669201537,301.90680442429897,414.71127215357785,374.8694046477292,0.0,203.76543085689627
random,416.283360834829,490.53092972536894,431.50017407079633,373.0053590230813,317.6389754334165,453.36969762002127,393.1798228843951,439.9182129819545,410.0630057683261,203.76543085689627,0.0
