,square,rectangle,parallelogram,losange,isoTrapezoid,kite,rightKite,rustedHinge,hinge,trapezoid,random
square,0.0,377.5078969134265,532.1598674430217,547.97978651283,358.7435914148286,282.18782176423343,281.5772695051959,372.020978189654,368.6258658181218,416.02231307556593,490.8985581442959
rectangle,377.5078969134265,0.0,325.6344999205394,402.0979996281082,567.0940972015767,467.5329979896284,426.747992477346,402.8899320737833,325.0265770211471,488.12304948078446,575.8437242322995
parallelogram,532.1598674430217,325.6344999205394,0.0,166.93057336573276,599.9485210624458,595.2195198549559,499.35414212981675,530.1066397006654,437.6047010858807,432.20098871311484,506.3982515182259
losange,547.97978651283,402.0979996281082,166.93057336573276,0.0,575.6109585254441,606.0885721351293,502.8220949523502,546.828833304501,462.2952877641434,365.71131072529664,439.0407100429352
isoTrapezoid,358.7435914148286,567.0940972015767,599.9485210624458,575.6109585254441,0.0,322.5510039513525,299.9818991536343,525.8139598876477,526.4156643344589,363.90055903860014,375.86566379304145
kite,282.18782176423343,467.5329979896284,595.2195198549559,606.0885721351293,322.5510039513525,0.0,229.69026540437147,482.6036445684852,490.9502248402424,490.3836181555163,532.9449726781853
rightKite,281.5772695051959,426.747992477346,499.35414212981675,502.8220949523502,299.9818991536343,229.69026540437147,0.0,458.5925735834336,447.3958426303261,356.42208601772415,463.3888746456039
rustedHinge,372.020978189654,402.8899320737833,530.1066397006654,546.828833304501,525.8139598876477,482.6036445684852,458.5925735834336,0.0,169.04347089012856,486.1928668764046,515.2845709932047
hinge,368.6258658181218,325.0265770211471,437.6047010858807,462.2952877641434,526.4156643344589,490.9502248402424,447.3958426303261,169.04347089012856,0.0,440.1138558624152,480.74247938159385
trapezoid,416.02231307556593,488.12304948078446,432.20098871311484,365.71131072529664,363.90055903860014,490.3836181555163,356.42208601772415,486.1928668764046,440.1138558624152,0.0,240.54446386557157
random,490.8985581442959,575.8437242322995,506.3982515182259,439.0407100429352,375.86566379304145,532.9449726781853,463.3888746456039,515.2845709932047,480.74247938159385,240.54446386557157,0.0
