,square,rectangle,parallelogram,losange,isoTrapezoid,kite,rightKite,rustedHinge,hinge,trapezoid,random
square,0.0,443.08626859306173,628.7494373207762,653.2621980637882,439.61698295344786,367.08041495044546,363.3709308807811,465.315897048251,459.98948856629426,503.0822900062021,596.6277523655967
rectangle,443.08626859306173,0.0,391.8647710968354,486.352483183914,669.8052914091224,563.4813334704194,516.5231275043694,492.3458441263152,407.33696983646706,581.5953780314624,687.0840620334682
parallelogram,628.7494373207762,391.8647710968354,0.0,205.37019783067942,705.6211509326218,701.7926336373208,592.8420651171733,624.5085209006031,520.6353166309916,511.9494382222524,601.5696595045252
losange,653.2621980637882,486.352483183914,205.37019783067942,0.0,681.9006771622438,717.9868947626888,601.5458338522209,645.3698092259639,550.9707980592557,440.8125829562195,525.8533718564427
isoTrapezoid,439.61698295344786,669.8052914091224,705.6211509326218,681.9006771622438,0.0,384.8954791985986,358.863308486956,618.1625945009936,618.6962068138628,430.74737515132,451.1429309386568
kite,367.08041495044546,563.4813334704194,701.7926336373208,717.9868947626888,384.8954791985986,0.0,272.58903055998314,571.2727830385251,579.460857796454,580.4362594010992,632.449269654849
rightKite,363.3709308807811,516.5231275043694,592.8420651171733,601.5458338522209,358.863308486956,272.58903055998314,0.0,541.2724639142297,528.0772093251134,425.84190497026714,550.8835255594345
rustedHinge,465.315897048251,492.3458441263152,624.5085209006031,645.3698092259639,618.1625945009936,571.2727830385251,541.2724639142297,0.0,199.88889160521447,573.5447131326898,606.0796541709328
hinge,459.98948856629426,407.33696983646706,520.6353166309916,550.9707980592557,618.6962068138628,579.460857796454,528.0772093251134,199.88889160521447,0.0,520.8570028238772,566.6059553375526
trapezoid,503.0822900062021,581.5953780314624,511.9494382222524,440.8125829562195,430.74737515132,580.4362594010992,425.84190497026714,573.5447131326898,520.8570028238772,0.0,291.48492803819437
random,596.6277523655967,687.0840620334682,601.5696595045252,525.8533718564427,451.1429309386568,632.449269654849,550.8835255594345,606.0796541709328,566.6059553375526,291.48492803819437,0.0
