,square,rectangle,parallelogram,losange,isoTrapezoid,kite,rightKite,rustedHinge,hinge,trapezoid,random
square,0.0,29.112333443157045,42.11956918460512,48.46020593810952,27.443646800137838,26.67633929945038,25.863792185078985,35.1727389930566,33.65811385986407,31.79864828430326,41.47008166961709
rectangle,29.112333443157045,0.0,28.60025520569152,40.1000492244675,43.51247301400585,37.64078926605993,36.74661389042749,32.51443463014401,27.67373010432461,38.17660369889899,48.31188327881124
parallelogram,42.11956918460512,28.60025520569152,0.0,22.63761906700407,47.555584557675864,48.13868599675028,42.50839301633228,41.2115355068553,35.74271742276827,34.44565175463364,43.4427126144981
losange,48.46020593810952,40.1000492244675,22.63761906700407,0.0,49.15355599672319,52.24185643257129,46.71650202857437,45.13273973313785,41.6269267747074,33.932066675737445,38.169431512510194
isoTrapezoid,27.443646800137838,43.51247301400585,47.555584557675864,49.15355599672319,0.0,28.061335853536214,26.009604484575597,45.038923006052144,44.498294748870485,29.02667124977077,34.194997218426586
kite,26.67633929945038,37.64078926605993,48.13868599675028,52.24185643257129,28.061335853536214,0.0,20.346356777627893,42.71005203194112,42.165841598160966,40.257113899090626,45.74641890369586
rightKite,25.863792185078985,36.74661389042749,42.50839301633228,46.71650202857437,26.009604484575597,20.346356777627893,0.0,42.077457156007675,40.84833909031247,29.437086668043765,40.096494595990805
rustedHinge,35.1727389930566,32.51443463014401,41.2115355068553,45.13273973313785,45.038923006052144,42.71005203194112,42.077457156007675,0.0,12.064260376179275,41.60693201267974,43.28918106678832
hinge,33.65811385986407,27.67373010432461,35.74271742276827,41.6269267747074,44.498294748870485,42.165841598160966,40.84833909031247,12.064260376179275,0.0,39.058423055448166,41.85636102641784
trapezoid,31.79864828430326,38.17660369889899,34.44565175463364,33.932066675737445,29.02667124977077,40.257113899090626,29.437086668043765,41.60693201267974,39.058423055448166,0.0,23.918027412250158
random,41.47008166961709,48.31188327881124,43.4427126144981,38.169431512510194,34.194997218426586,45.74641890369586,40.096494595990805,43.28918106678832,41.85636102641784,23.918027412250158,0.0
