,square,rectangle,parallelogram,losange,isoTrapezoid,kite,rightKite,rustedHinge,hinge,trapezoid,random
square,0.0,23.70235731230748,34.289156160363056,40.393621944871796,22.289761026113887,21.88864258709821,20.86608612186868,29.39436046781724,27.942522208419174,25.51313013501895,34.008324624608285
rectangle,23.70235731230748,0.0,23.65193075510851,33.8470544421815,35.47481466346599,30.510986314048523,29.89847260832188,26.662482302236032,22.554004966228042,30.84630419203024,39.552763635604194
parallelogram,34.289156160363056,23.65193075510851,0.0,19.69086152545619,39.022133913638314,38.98404474146175,34.713201420893405,33.034611121466966,28.636223571905433,27.911904483815015,35.62394207351159
losange,40.393621944871796,33.8470544421815,19.69086152545619,0.0,41.014245490351975,43.06083935800047,39.06818443377333,36.51641577267355,34.013926975158824,28.3886774342899,31.347157644965588
isoTrapezoid,22.289761026113887,35.47481466346599,39.022133913638314,41.014245490351975,0.0,22.893961878673956,21.50105345308276,37.10453084381301,36.66747342507268,24.050240136045538,28.704132503915062
kite,21.88864258709821,30.510986314048523,38.98404474146175,43.06083935800047,22.893961878673956,0.0,16.624034350405097,35.34868532324504,34.77017827317654,32.69058041627197,37.75811382859199
rightKite,20.86608612186868,29.89847260832188,34.713201420893405,39.06818443377333,21.50105345308276,16.624034350405097,0.0,34.84930047941831,33.810905096957704,24.145007471896154,33.358925629803906
rustedHinge,29.39436046781724,26.662482302236032,33.034611121466966,36.51641577267355,37.10453084381301,35.34868532324504,34.84930047941831,0.0,9.856371672078357,33.79545762274813,35.27222053821469
hinge,27.942522208419174,22.554004966228042,28.636223571905433,34.013926975158824,36.66747342507268,34.77017827317654,33.810905096957704,9.856371672078357,0.0,31.79927401829881,34.34191832411094
trapezoid,25.51313013501895,30.84630419203024,27.911904483815015,28.3886774342899,24.050240136045538,32.69058041627197,24.145007471896154,33.79545762274813,31.79927401829881,0.0,19.898192243361322
random,34.008324624608285,39.552763635604194,35.62394207351159,31.347157644965588,28.704132503915062,37.75811382859199,33.358925629803906,35.27222053821469,34.34191832411094,19.898192243361322,0.0
