,square,rectangle,parallelogram,losange,isoTrapezoid,kite,rightKite,rustedHinge,hinge,trapezoid,random
square,0.0,14.482171519091926,16.859548988916966,19.60569392433601,11.680304800810912,9.467631166488898,8.810965634680919,14.482553402367591,14.36345473653803,11.450973811702664,15.891713093433442
rectangle,14.482171519091926,0.0,10.76904318273136,15.19539997574268,18.675868297646094,15.274119394430972,14.7384711396386,11.388391515274868,9.544704737197083,15.061036900198426,18.900780258429418
parallelogram,16.859548988916966,10.76904318273136,0.0,10.629455714948923,19.269186782515973,17.474107075404632,16.450174955911468,13.265619238546536,11.632128322810104,15.096117434381375,18.10636386955103
losange,19.60569392433601,15.19539997574268,10.629455714948923,0.0,19.932296196041282,19.63230030327995,18.9532056514083,14.501747261201956,13.871011219342336,15.544578068773545,15.660441034216536
isoTrapezoid,11.680304800810912,18.675868297646094,19.269186782515973,19.932296196041282,0.0,11.607371037295069,11.013131623649286,17.81957064611367,18.20632554064469,12.591303037878255,14.65482613746556
kite,9.467631166488898,15.274119394430972,17.474107075404632,19.63230030327995,11.607371037295069,0.0,8.259091944021701,16.60566297612703,16.52566541427343,13.956285905675045,17.13101849689815
rightKite,8.810965634680919,14.7384711396386,16.450174955911468,18.9532056514083,11.013131623649286,8.259091944021701,0.0,15.64758935476921,15.509260265068853,11.436642756029126,16.329117490201963
rustedHinge,14.482553402367591,11.388391515274868,13.265619238546536,14.501747261201956,17.81957064611367,16.60566297612703,15.64758935476921,0.0,5.9368537281186295,14.573062086764187,16.499146696301644
hinge,14.36345473653803,9.544704737197083,11.632128322810104,13.871011219342336,18.20632554064469,16.52566541427343,15.509260265068853,5.9368537281186295,0.0,14.323323789847887,16.869469107321294
trapezoid,11.450973811702664,15.061036900198426,15.096117434381375,15.544578068773545,12.591303037878255,13.956285905675045,11.436642756029126,14.573062086764187,14.323323789847887,0.0,11.643570718153196
random,15.891713093433442,18.900780258429418,18.10636386955103,15.660441034216536,14.65482613746556,17.13101849689815,16.329117490201963,16.499146696301644,16.869469107321294,11.643570718153196,0.0
