,square,rectangle,parallelogram,losange,isoTrapezoid,kite,rightKite,rustedHinge,hinge,trapezoid,random
square,0.0,76.756799155747,109.39333597579775,113.97330793346192,68.55495470440516,56.495715867494546,58.938726458151905,77.65521076785076,75.89643866373078,83.25396933389273,99.36152447161338
rectangle,76.756799155747,0.0,68.47110958079027,86.27892423293487,111.15849334644828,92.04977671730875,88.50180268932394,79.6540384215863,65.79909624099213,98.41649372311896,117.94981527569918
parallelogram,109.39333597579775,68.47110958079027,0.0,40.51937810860957,118.01936303593645,120.39815922032273,102.584854838848,109.4200512086676,92.23500928488318,87.90699434158765,104.79365021558696
losange,113.97330793346192,86.27892423293487,40.51937810860957,0.0,113.79983404700079,123.36338310269701,103.15585545106867,114.46468387169027,99.14741389234617,75.35326290878372,90.635898070147
isoTrapezoid,68.55495470440516,111.15849334644828,118.01936303593645,113.79983404700079,0.0,68.39553685046933,60.50136162958611,108.56368272353536,106.0452813820137,69.36823894121517,74.25549854834291
kite,56.495715867494546,92.04977671730875,120.39815922032273,123.36338310269701,68.39553685046933,0.0,49.20982651597514,99.81461664096977,100.03829170758804,99.62490950085298,108.71692848930157
rightKite,58.938726458151905,88.50180268932394,102.584854838848,103.15585545106867,60.50136162958611,49.20982651597514,0.0,98.11496362756768,94.66827248067742,70.01199236983378,92.92237497382145
rustedHinge,77.65521076785076,79.6540384215863,109.4200512086676,114.46468387169027,108.56368272353536,99.81461664096977,98.11496362756768,0.0,30.47638122432917,103.06786514648662,107.65690459500274
hinge,75.89643866373078,65.79909624099213,92.23500928488318,99.14741389234617,106.0452813820137,100.03829170758804,94.66827248067742,30.47638122432917,0.0,93.96254993712546,100.6542751607157
trapezoid,83.25396933389273,98.41649372311896,87.90699434158765,75.35326290878372,69.36823894121517,99.62490950085298,70.01199236983378,103.06786514648662,93.96254993712546,0.0,52.64697025636754
random,99.36152447161338,117.94981527569918,104.79365021558696,90.635898070147,74.25549854834291,108.71692848930157,92.92237497382145,107.65690459500274,100.6542751607157,52.64697025636754,0.0
