,square,rectangle,parallelogram,losange,isoTrapezoid,kite,rightKite,rustedHinge,hinge,trapezoid,random
square,0.0,7.555080234727071,9.48554586965755,11.294760552359493,5.991709205966386,5.091489833814695,4.379236917881286,8.035773104227513,7.782724353672427,6.466416658630124,8.961078894656456
rectangle,7.555080234727071,0.0,6.102239811121632,8.878046923545735,10.262598023273126,8.379099422258925,8.132902550589982,6.402408304382441,5.138643906360272,8.437714663385474,10.59317380308427
parallelogram,9.48554586965755,6.102239811121632,0.0,6.27632482808995,10.884496415777738,10.193242355506667,9.379539282731693,7.872176499570123,6.765952061726634,8.445538121365978,10.301566576653451
losange,11.294760552359493,8.878046923545735,6.27632482808995,0.0,11.469769200033939,11.552763754322514,11.053948393931178,8.568317852444586,8.192161158178193,8.85890615303219,8.910142412649071
isoTrapezoid,5.991709205966386,10.262598023273126,10.884496415777738,11.469769200033939,0.0,6.280063084422476,5.981517174200437,10.152240210040247,10.183486013801893,6.9219436885113055,8.342355381650352
kite,5.091489833814695,8.379099422258925,10.193242355506667,11.552763754322514,6.280063084422476,0.0,4.457529519552086,9.4953061019997,9.37340868484421,8.201542675670009,10.0100378956537
rightKite,4.379236917881286,8.132902550589982,9.379539282731693,11.053948393931178,5.981517174200437,4.457529519552086,0.0,9.040314655309032,8.818729790570318,6.456940474779509,9.433131105513818
rustedHinge,8.035773104227513,6.402408304382441,7.872176499570123,8.568317852444586,10.152240210040247,9.4953061019997,9.040314655309032,0.0,2.7128065317102195,8.571680568533235,9.364400118054837
hinge,7.782724353672427,5.138643906360272,6.765952061726634,8.192161158178193,10.183486013801893,9.37340868484421,8.818729790570318,2.7128065317102195,0.0,8.237226159241146,9.489853180455716
trapezoid,6.466416658630124,8.437714663385474,8.445538121365978,8.85890615303219,6.9219436885113055,8.201542675670009,6.456940474779509,8.571680568533235,8.237226159241146,0.0,6.372328921925408
random,8.961078894656456,10.59317380308427,10.301566576653451,8.910142412649071,8.342355381650352,10.0100378956537,9.433131105513818,9.364400118054837,9.489853180455716,6.372328921925408,0.0
