,square,rectangle,parallelogram,losange,isoTrapezoid,kite,rightKite,rustedHinge,hinge,trapezoid,random
square,0.0,456.0296149986038,652.557554609019,682.2300223854282,467.7512662151459,402.61753158433277,399.4216077129647,499.0419984834044,492.7458045456287,533.4593842028728,630.5016094848252
rectangle,456.0296149986038,0.0,415.9493098337982,517.0675443729716,698.0372749784791,594.6169621757047,549.657464423511,525.7029987592852,441.70209614208625,612.2588389755612,722.2985342070486
parallelogram,652.557554609019,415.9493098337982,0.0,218.6534988736807,730.0662350330288,729.2914488918778,620.166113699978,652.7307785997186,547.7011178033355,533.4175443757007,629.0453288441105
losange,682.2300223854282,517.0675443729716,218.6534988736807,0.0,708.2662647318673,747.7943396997302,630.6932682104506,674.2549925579705,579.2169060474389,462.7945618910873,551.948535832042
isoTrapezoid,467.7512662151459,698.0372749784791,730.0662350330288,708.2662647318673,0.0,402.98443516762626,374.85753314043023,641.3879228414596,640.4744572494159,446.05974636970006,470.53752981838926
kite,402.61753158433277,594.6169621757047,729.2914488918778,747.7943396997302,402.98443516762626,0.0,283.64889539796667,593.2907019456518,600.0174707655979,601.6613982650925,655.2094170063525
rightKite,399.4216077129647,549.657464423511,620.166113699978,630.6932682104506,374.85753314043023,283.64889539796667,0.0,562.1411440289331,547.3043774703267,443.2366567891789,570.4602399239432
rustedHinge,499.0419984834044,525.7029987592852,652.7307785997186,674.2549925579705,641.3879228414596,593.2907019456518,562.1411440289331,0.0,206.26998880413834,596.5940118312085,628.5306136518076
hinge,492.7458045456287,441.70209614208625,547.7011178033355,579.2169060474389,640.4744572494159,600.0174707655979,547.3043774703267,206.26998880413834,0.0,542.4675386465216,587.7758661569629
trapezoid,533.4593842028728,612.2588389755612,533.4175443757007,462.7945618910873,446.05974636970006,601.6613982650925,443.2366567891789,596.5940118312085,542.4675386465216,0.0,305.4470675567232
random,630.5016094848252,722.2985342070486,629.0453288441105,551.948535832042,470.53752981838926,655.2094170063525,570.4602399239432,628.5306136518076,587.7758661569629,305.4470675567232,0.0
