,square,rectangle,parallelogram,losange,isoTrapezoid,kite,rightKite,rustedHinge,hinge,trapezoid,random
square,0.0,7.937634250649969,10.121346049895678,12.074527081858452,6.328747463331444,5.397179406530579,4.657415777552926,8.536503879422412,8.226070857332251,6.924887926331451,9.55366479878955
rectangle,7.937634250649969,0.0,6.527906120393309,9.533062031881027,10.860271434566696,8.83521726983883,8.603415303287473,6.870190495269874,5.489044937058144,8.976379841519417,11.304251878649058
parallelogram,10.121346049895678,6.527906120393309,0.0,6.652980808214035,11.602064910661666,10.874986583667209,9.989414251656779,8.466680383640046,7.262927644583674,8.893418266234335,10.926330717154597
losange,12.074527081858452,9.533062031881027,6.652980808214035,0.0,12.254931566154166,12.350277889800937,11.78092007966902,9.265592397849733,8.846605294013779,9.325413023350803,9.456036933043965
isoTrapezoid,6.328747463331444,10.860271434566696,11.602064910661666,12.254931566154166,0.0,6.631432678144892,6.308139066431951,10.809534329445158,10.805503950273888,7.322516889152414,8.80556854622282
kite,5.397179406530579,8.83521726983883,10.874986583667209,12.350277889800937,6.631432678144892,0.0,4.744622524413653,10.06918856856021,9.914445342144422,8.802458174684807,10.69388514630222
rightKite,4.657415777552926,8.603415303287473,9.989414251656779,11.78092007966902,6.308139066431951,4.744622524413653,0.0,9.648355452466744,9.38684053053207,6.8581817790401605,10.010308835729726
rustedHinge,8.536503879422412,6.870190495269874,8.466680383640046,9.265592397849733,10.809534329445158,10.06918856856021,9.648355452466744,0.0,2.8784167558941314,9.190631796585409,10.01210122429419
hinge,8.226070857332251,5.489044937058144,7.262927644583674,8.846605294013779,10.805503950273888,9.914445342144422,9.38684053053207,2.8784167558941314,0.0,8.796613780312128,10.112178741355498
trapezoid,6.924887926331451,8.976379841519417,8.893418266234335,9.325413023350803,7.322516889152414,8.802458174684807,6.8581817790401605,9.190631796585409,8.796613780312128,0.0,6.636679782059895
random,9.55366479878955,11.304251878649058,10.926330717154597,9.456036933043965,8.80556854622282,10.69388514630222,10.010308835729726,10.01210122429419,10.112178741355498,6.636679782059895,0.0
