,square,rectangle,parallelogram,losange,isoTrapezoid,kite,rightKite,rustedHinge,hinge,trapezoid,random
square,0.0,7.668671317306,9.554435387163501,11.38024425451403,6.086276694393152,5.151171433831276,4.4427782651733,8.125356962838449,7.887901769281372,6.517348141243836,9.05510189941597
rectangle,7.668671317306,0.0,6.165676935425259,8.955030554878315,10.390417705914992,8.499255420835485,8.243091570164115,6.453198816563956,5.194867601911347,8.543433235168393,10.704984479752763
parallelogram,9.554435387163501,6.165676935425259,0.0,6.374356996180147,10.971734926917282,10.278910387164,9.460346780083078,7.9225565039883294,6.817685298778296,8.569409201177073,10.428443037331428
losange,11.38024425451403,8.955030554878315,6.374356996180147,0.0,11.552949292426552,11.643680748276434,11.15462948132647,8.603654707998624,8.235963156658087,8.989248463712848,9.018354586748378
isoTrapezoid,6.086276694393152,10.390417705914992,10.971734926917282,11.552949292426552,0.0,6.369984101722905,6.071910783595696,10.260958305608668,10.307317479878702,7.012058662880512,8.464931390357343
kite,5.151171433831276,8.499255420835485,10.278910387164,11.643680748276434,6.369984101722905,0.0,4.513850848714233,9.59911384860888,9.489396948346682,8.254278702351227,10.09560977606357
rightKite,4.4427782651733,8.243091570164115,9.460346780083078,11.15462948132647,6.071910783595696,4.513850848714233,0.0,9.12643478552453,8.917258542630796,6.5343926530500775,9.548954284694998
rustedHinge,8.125356962838449,6.453198816563956,7.9225565039883294,8.603654707998624,10.260958305608668,9.59911384860888,9.12643478552453,0.0,2.759598738526329,8.648889388512115,9.460624339624337
hinge,7.887901769281372,5.194867601911347,6.817685298778296,8.235963156658087,10.307317479878702,9.489396948346682,8.917258542630796,2.759598738526329,0.0,8.33012044454203,9.60093487261293
trapezoid,6.517348141243836,8.543433235168393,8.569409201177073,8.989248463712848,7.012058662880512,8.254278702351227,6.5343926530500775,8.648889388512115,8.33012044454203,0.0,6.511601085980174
random,9.05510189941597,10.704984479752763,10.428443037331428,9.018354586748378,8.464931390357343,10.09560977606357,9.548954284694998,9.460624339624337,9.60093487261293,6.511601085980174,0.0
