,square,rectangle,parallelogram,losange,isoTrapezoid,kite,rightKite,rustedHinge,hinge,trapezoid,random
square,0.0,0.023132173751015728,0.04101430471604928,0.057291962733285406,0.015047262104343373,0.011615458251996502,0.008272331130212196,0.02844638746100725,0.026066816315539088,0.018665814878156883,0.03587186977438861
rectangle,0.023132173751015728,1.1102230246251565e-16,0.016724948421724783,0.03593266716843313,0.043405837690376536,0.028793151498756053,0.027258945147748737,0.01865195520978169,0.011749758640341001,0.029645280541013896,0.04848615381065058
parallelogram,0.04101430471604928,0.016724948421724783,0.0,0.016329773436476125,0.052367260430895235,0.046137257245742136,0.039486012272722415,0.027677524459046587,0.020320613193742565,0.028814249405177184,0.04384859047955125
losange,0.057291962733285406,0.03593266716843313,0.016329773436476125,1.1102230246251565e-16,0.05840335251439066,0.05902549188074824,0.053414240022367165,0.03518488835139855,0.0318862634665541,0.032465355404740714,0.03419073624947433
isoTrapezoid,0.015047262104343373,0.043405837690376536,0.052367260430895235,0.05840335251439066,1.1102230246251565e-16,0.01663830641083297,0.014230472421043139,0.043409980251427394,0.04356677307952139,0.02009929771280128,0.029338569738534215
kite,0.011615458251996502,0.028793151498756053,0.046137257245742136,0.05902549188074824,0.01663830641083297,0.0,0.008604673031890053,0.038780415301278515,0.037482828445672745,0.030918974250883302,0.04474114168010268
rightKite,0.008272331130212196,0.027258945147748737,0.039486012272722415,0.053414240022367165,0.014230472421043139,0.008604673031890053,0.0,0.03541150379660918,0.03352680528022023,0.01842833513933384,0.03818652139641998
rustedHinge,0.02844638746100725,0.01865195520978169,0.027677524459046587,0.03518488835139855,0.043409980251427394,0.038780415301278515,0.03541150379660918,0.0,0.003108672890882569,0.03121553209686323,0.03742327882900698
hinge,0.026066816315539088,0.011749758640341001,0.020320613193742565,0.0318862634665541,0.04356677307952139,0.037482828445672745,0.03352680528022023,0.003108672890882569,1.1102230246251565e-16,0.028222533407550654,0.03792114452176021
trapezoid,0.018665814878156883,0.029645280541013896,0.028814249405177184,0.032465355404740714,0.02009929771280128,0.030918974250883302,0.01842833513933384,0.03121553209686323,0.028222533407550654,0.0,0.015313999618719154
random,0.03587186977438861,0.04848615381065058,0.04384859047955125,0.03419073624947433,0.029338569738534215,0.04474114168010268,0.03818652139641998,0.03742327882900698,0.03792114452176021,0.015313999618719154,0.0
