,square,rectangle,parallelogram,losange,isoTrapezoid,kite,rightKite,rustedHinge,hinge,trapezoid,random
square,0.0,0.010298401378951993,0.01595446432517189,0.02282186644942974,0.006301588522042989,0.004416065692301907,0.0032230850507606323,0.011689502233361515,0.01094872445802375,0.00731032169093182,0.01435902859371041
rectangle,0.010298401378951993,0.0,0.0061948549732128155,0.013506262205800645,0.018217562137911925,0.012215856078042875,0.011750288804767473,0.007488455823046802,0.0046398424637351665,0.012501186061736114,0.0198126719086944
parallelogram,0.01595446432517189,0.0061948549732128155,0.0,0.0070396871443323406,0.020882805483615763,0.018029029517169004,0.015599554751954403,0.010942085973685733,0.007875005209606933,0.012501709851197251,0.018847355963557022
losange,0.02282186644942974,0.013506262205800645,0.0070396871443323406,0.0,0.02331697862051718,0.02359569671876982,0.021835822294068663,0.012884154819216342,0.011526914498918295,0.013894206907382078,0.014032553820296334
isoTrapezoid,0.006301588522042989,0.018217562137911925,0.020882805483615763,0.02331697862051718,0.0,0.006907122034178426,0.00628886683744323,0.018028681617944797,0.018076863408363786,0.008017996006743133,0.012000620780117544
kite,0.004416065692301907,0.012215856078042875,0.018029029517169004,0.02359569671876982,0.006907122034178426,0.0,0.003387832539298863,0.01611077960327889,0.015512496175656532,0.0117134180668238,0.017721485277895188
rightKite,0.0032230850507606323,0.011750288804767473,0.015599554751954403,0.021835822294068663,0.00628886683744323,0.003387832539298863,0.0,0.014569536696036,0.013858861373397313,0.007278760022829012,0.015833113329261628
rustedHinge,0.011689502233361515,0.007488455823046802,0.010942085973685733,0.012884154819216342,0.018028681617944797,0.01611077960327889,0.014569536696036,1.1102230246251565e-16,0.0013827304247544525,0.01291622471014131,0.015493660876172544
hinge,0.01094872445802375,0.0046398424637351665,0.007875005209606933,0.011526914498918295,0.018076863408363786,0.015512496175656532,0.013858861373397313,0.0013827304247544525,0.0,0.01183173503320456,0.01578733765564777
trapezoid,0.00731032169093182,0.012501186061736114,0.012501709851197251,0.013894206907382078,0.008017996006743133,0.0117134180668238,0.007278760022829012,0.01291622471014131,0.01183173503320456,0.0,0.007274007582720121
random,0.01435902859371041,0.0198126719086944,0.018847355963557022,0.014032553820296334,0.012000620780117544,0.017721485277895188,0.015833113329261628,0.015493660876172544,0.01578733765564777,0.007274007582720121,0.0
