,square,rectangle,parallelogram,losange,isoTrapezoid,kite,rightKite,rustedHinge,hinge,trapezoid,random
square,0.0,0.027686259940903013,0.03571831502341605,0.04821680744444057,0.018805948763152003,0.011965991440087143,0.011172278219761411,0.027218224915572797,0.026869911864365048,0.017235970359178565,0.03179629194869826
rectangle,0.027686259940903013,0.0,0.01618737017197147,0.0300849876552981,0.04453501675990201,0.030173331806215287,0.027994219543060916,0.016880911735632553,0.012329857201131889,0.02957587388596339,0.04457769550834911
parallelogram,0.03571831502341605,0.01618737017197147,0.0,0.015710135845824702,0.04606243476659344,0.03808328458764931,0.0337600928911187,0.023138814062215296,0.018371974109226197,0.02979572645631634,0.04163396804557595
losange,0.04821680744444057,0.0300849876552981,0.015710135845824702,0.0,0.04932823777501183,0.04771899926389822,0.044893173903574835,0.027028313164110473,0.02522256834408665,0.03172055522874284,0.031906263608293295
isoTrapezoid,0.018805948763152003,0.04453501675990201,0.04606243476659344,0.04932823777501183,2.220446049250313e-16,0.018076100945771945,0.01649295133009754,0.040631869943415055,0.04233855506062767,0.02126031625114644,0.028284896994340447
kite,0.011965991440087143,0.030173331806215287,0.03808328458764931,0.04771899926389822,0.018076100945771945,2.220446049250313e-16,0.009258640290918052,0.03457248931819701,0.03431046055590037,0.024449854128170356,0.036057557035473864
rightKite,0.011172278219761411,0.027994219543060916,0.0337600928911187,0.044893173903574835,0.01649295133009754,0.009258640290918052,0.0,0.03091116760984869,0.030439342007461234,0.0171554732949859,0.03363607791726042
rustedHinge,0.027218224915572797,0.016880911735632553,0.023138814062215296,0.027028313164110473,0.040631869943415055,0.03457248931819701,0.03091116760984869,0.0,0.005378500687702736,0.027719852142995105,0.03472156468213505
hinge,0.026869911864365048,0.012329857201131889,0.018371974109226197,0.02522256834408665,0.04233855506062767,0.03431046055590037,0.030439342007461234,0.005378500687702736,0.0,0.027130544407685142,0.03642058875985599
trapezoid,0.017235970359178565,0.02957587388596339,0.02979572645631634,0.03172055522874284,0.02126031625114644,0.024449854128170356,0.0171554732949859,0.027719852142995105,0.027130544407685142,0.0,0.018345406330248948
random,0.03179629194869826,0.04457769550834911,0.04163396804557595,0.031906263608293295,0.028284896994340447,0.036057557035473864,0.03363607791726042,0.03472156468213505,0.03642058875985599,0.018345406330248948,0.0
