,square,rectangle,parallelogram,losange,isoTrapezoid,kite,rightKite,rustedHinge,hinge,trapezoid,random
square,1.1102230246251565e-16,0.03000122126293403,0.0734228463249954,0.10988515387059683,0.05371495072371191,0.05096860629105504,0.050459240247752946,0.07165801532666438,0.06550087622389844,0.06219254984155853,0.10912720640519535
rectangle,0.03000122126293403,0.0,0.04449898725353996,0.09086723597559943,0.09427109438106507,0.07385957227780393,0.07611130915288189,0.06420406445276461,0.05112427336643255,0.08135971023441146,0.1343108575482731
parallelogram,0.0734228463249954,0.04449898725353996,0.0,0.02699462258446972,0.09601061123240473,0.09964609455115137,0.08406291486768258,0.0821375853878471,0.06766994601133636,0.05039885863599025,0.09365809809385428
losange,0.10988515387059683,0.09086723597559943,0.02699462258446972,0.0,0.10907064999242577,0.12556661381513357,0.10449899046977329,0.09968098842821238,0.09073837477065305,0.05156052012766443,0.06921150469405357
isoTrapezoid,0.05371495072371191,0.09427109438106507,0.09601061123240473,0.10907064999242577,1.1102230246251565e-16,0.04548458393542809,0.032920915969054776,0.09374846222888977,0.09116863151498089,0.03938029053024028,0.06049077893758492
kite,0.05096860629105504,0.07385957227780393,0.09964609455115137,0.12556661381513357,0.04548458393542809,0.0,0.01919216700526749,0.08393410036961013,0.08262939486277332,0.08211550330550987,0.1108291275468728
rightKite,0.050459240247752946,0.07611130915288189,0.08406291486768258,0.10449899046977329,0.032920915969054776,0.01919216700526749,1.1102230246251565e-16,0.08096423829664035,0.07672523165044531,0.04779617263648939,0.08093729571507313
rustedHinge,0.07165801532666438,0.06420406445276461,0.0821375853878471,0.09968098842821238,0.09374846222888977,0.08393410036961013,0.08096423829664035,0.0,0.007274275197500013,0.08962592360576105,0.0953422204432125
hinge,0.06550087622389844,0.05112427336643255,0.06766994601133636,0.09073837477065305,0.09116863151498089,0.08262939486277332,0.07672523165044531,0.007274275197500013,0.0,0.08086715798154231,0.09147306736760852
trapezoid,0.06219254984155853,0.08135971023441146,0.05039885863599025,0.05156052012766443,0.03938029053024028,0.08211550330550987,0.04779617263648939,0.08962592360576105,0.08086715798154231,0.0,0.03381971635357239
random,0.10912720640519535,0.1343108575482731,0.09365809809385428,0.06921150469405357,0.06049077893758492,0.1108291275468728,0.08093729571507313,0.0953422204432125,0.09147306736760852,0.03381971635357239,0.0
