,square,rectangle,parallelogram,losange,isoTrapezoid,kite,rightKite,rustedHinge,hinge,trapezoid,random
square,0.0,0.025796158241244482,0.04946723961074606,0.07044762969723439,0.0179302830642889,0.014859976788756835,0.010912301036912098,0.034446342104796024,0.030707759378569066,0.023103350400615952,0.04478501757689879
rectangle,0.025796158241244482,0.0,0.02032883262523011,0.04606769709959413,0.05339613678427679,0.034787165274404286,0.03252737866527189,0.025372135217750613,0.015768760760879297,0.03657849729984286,0.06418271296995459
parallelogram,0.04946723961074606,0.02032883262523011,0.0,0.01740957848172997,0.06698901855852502,0.059545063710646495,0.048882949222306626,0.037398588451863946,0.026195143475729932,0.03314530800141258,0.05504273277955696
losange,0.07044762969723439,0.04606769709959413,0.01740957848172997,0.0,0.07591969008104837,0.07754604388720576,0.06612647074932732,0.04768346132384249,0.041285630701278,0.036544099925043705,0.04170033918825722
isoTrapezoid,0.0179302830642889,0.05339613678427679,0.06698901855852502,0.07591969008104837,0.0,0.020039007599973457,0.01753533286773168,0.05692750047325923,0.05557262472249658,0.02496618897233971,0.035554644481433195
kite,0.014859976788756835,0.034787165274404286,0.059545063710646495,0.07754604388720576,0.020039007599973457,2.220446049250313e-16,0.010368780014516688,0.05148425190745998,0.04907485826548452,0.040348026317894914,0.06009407491511565
rightKite,0.010912301036912098,0.03252737866527189,0.048882949222306626,0.06612647074932732,0.01753533286773168,0.010368780014516688,0.0,0.047373540493469646,0.043955031759092544,0.022206408333251382,0.04781676947009994
rustedHinge,0.034446342104796024,0.025372135217750613,0.037398588451863946,0.04768346132384249,0.05692750047325923,0.05148425190745998,0.047373540493469646,0.0,0.0038655861348150244,0.0418966705414795,0.05135409548566261
hinge,0.030707759378569066,0.015768760760879297,0.026195143475729932,0.041285630701278,0.05557262472249658,0.04907485826548452,0.043955031759092544,0.0038655861348150244,0.0,0.036382930872810526,0.05013871811764725
trapezoid,0.023103350400615952,0.03657849729984286,0.03314530800141258,0.036544099925043705,0.02496618897233971,0.040348026317894914,0.022206408333251382,0.0418966705414795,0.036382930872810526,0.0,0.016386367951993885
random,0.04478501757689879,0.06418271296995459,0.05504273277955696,0.04170033918825722,0.035554644481433195,0.06009407491511565,0.04781676947009994,0.05135409548566261,0.05013871811764725,0.016386367951993885,0.0
