,square,rectangle,parallelogram,losange,isoTrapezoid,kite,rightKite,rustedHinge,hinge,trapezoid,random
square,2.220446049250313e-16,0.030803176117628173,0.04590399100113096,0.06673525626165489,0.019908728567333278,0.013654605246686158,0.009398914885169085,0.033765788294727206,0.03169873188449568,0.0221660596548523,0.044305288776478435
rectangle,0.030803176117628173,0.0,0.019477977633065136,0.0417516361976642,0.05679618758558913,0.038524588357742084,0.03549871632261048,0.02147412529569248,0.01358874640227381,0.03821751695061426,0.061238017797483835
parallelogram,0.04590399100113096,0.019477977633065136,2.220446049250313e-16,0.020423611683331844,0.06108514278895283,0.053591184537411185,0.04502652650703998,0.03180111850578193,0.023346688049401987,0.03658862987285838,0.05598538163799638
losange,0.06673525626165489,0.0417516361976642,0.020423611683331844,2.220446049250313e-16,0.06762132948414401,0.06949994937911963,0.06377239812771507,0.03810608742741617,0.03501896177242714,0.040799722139386096,0.04101339121553893
isoTrapezoid,0.019908728567333278,0.05679618758558913,0.06108514278895283,0.06762132948414401,0.0,0.020682935821605852,0.01923599468285464,0.05468804661524307,0.055253324041663165,0.025129654005628277,0.036967498407958876
kite,0.013654605246686158,0.038524588357742084,0.053591184537411185,0.06949994937911963,0.020682935821605852,2.220446049250313e-16,0.010389019435841473,0.04782728825329974,0.04678549380225805,0.0353603239513095,0.05354377947430089
rightKite,0.009398914885169085,0.03549871632261048,0.04502652650703998,0.06377239812771507,0.01923599468285464,0.010389019435841473,2.220446049250313e-16,0.042442064916669464,0.04049002483385622,0.021715144802215813,0.04826164998609028
rustedHinge,0.033765788294727206,0.02147412529569248,0.03180111850578193,0.03810608742741617,0.05468804661524307,0.04782728825329974,0.042442064916669464,0.0,0.0036674098178542947,0.03810095005582392,0.04688910726261919
hinge,0.03169873188449568,0.01358874640227381,0.023346688049401987,0.03501896177242714,0.055253324041663165,0.04678549380225805,0.04049002483385622,0.0036674098178542947,0.0,0.03540068059470969,0.04865102157452372
trapezoid,0.0221660596548523,0.03821751695061426,0.03658862987285838,0.040799722139386096,0.025129654005628277,0.0353603239513095,0.021715144802215813,0.03810095005582392,0.03540068059470969,0.0,0.02259060300147564
random,0.044305288776478435,0.061238017797483835,0.05598538163799638,0.04101339121553893,0.036967498407958876,0.05354377947430089,0.04826164998609028,0.04688910726261919,0.04865102157452372,0.02259060300147564,0.0
