,square,rectangle,parallelogram,losange,isoTrapezoid,kite,rightKite,rustedHinge,hinge,trapezoid,random
square,0.0,0.027139391385172074,0.06399680101432392,0.09663265837139912,0.034789241882784316,0.0335938684541669,0.0309964666242476,0.057383493558256116,0.05089260853152866,0.042501682926707196,0.0785073716914928
rectangle,0.027139391385172074,0.0,0.03364164933713765,0.07475401208630794,0.07336139518483942,0.053581938391800144,0.05325959913686995,0.04871857556259129,0.035537963732826694,0.0580464066718932,0.1011030473763026
parallelogram,0.06399680101432392,0.03364164933713765,0.0,0.02413736248085907,0.08790822806107235,0.08613274337080556,0.07103634674027715,0.06612055397295591,0.050583333057458546,0.04357321827115679,0.07767247098907937
losange,0.09663265837139912,0.07475401208630794,0.02413736248085907,0.0,0.1004701145862602,0.11140548330712097,0.09258550704782076,0.08288359262790823,0.07309286132067783,0.04616180951713633,0.058643967699989585
isoTrapezoid,0.034789241882784316,0.07336139518483942,0.08790822806107235,0.1004701145862602,2.220446049250313e-16,0.03384882548056778,0.02717983934276813,0.0814625288461428,0.0795675742315437,0.03277772541732449,0.051130120734773854
kite,0.0335938684541669,0.053581938391800144,0.08613274337080556,0.11140548330712097,0.03384882548056778,0.0,0.015764708448532394,0.07542679092945859,0.07187538737951782,0.06502258455381005,0.09171179927866635
rightKite,0.0309964666242476,0.05325959913686995,0.07103634674027715,0.09258550704782076,0.02717983934276813,0.015764708448532394,0.0,0.07065637887486398,0.06601363977732777,0.036746731078002526,0.07005972135862071
rustedHinge,0.057383493558256116,0.04871857556259129,0.06612055397295591,0.08288359262790823,0.0814625288461428,0.07542679092945859,0.07065637887486398,2.220446049250313e-16,0.005944492844713545,0.07004223519601149,0.07800852129816249
hinge,0.05089260853152866,0.035537963732826694,0.050583333057458546,0.07309286132067783,0.0795675742315437,0.07187538737951782,0.06601363977732777,0.005944492844713545,0.0,0.06238203925865182,0.07463485983246754
trapezoid,0.042501682926707196,0.0580464066718932,0.04357321827115679,0.04616180951713633,0.03277772541732449,0.06502258455381005,0.036746731078002526,0.07004223519601149,0.06238203925865182,0.0,0.02452406080828695
random,0.0785073716914928,0.1011030473763026,0.07767247098907937,0.058643967699989585,0.051130120734773854,0.09171179927866635,0.07005972135862071,0.07800852129816249,0.07463485983246754,0.02452406080828695,0.0
