,square,rectangle,parallelogram,losange,isoTrapezoid,kite,rightKite,rustedHinge,hinge,trapezoid,random
square,2.220446049250313e-16,0.0227602700493712,0.08125967721273297,0.12598848566105336,0.08132170023085028,0.08577284627232074,0.0912526381336286,0.11002064531380806,0.10021817271297195,0.078833870742823,0.15094554701759388
rectangle,0.0227602700493712,0.0,0.05479304892497894,0.10763084665631417,0.11022948482220352,0.10212307514142493,0.10865503501942475,0.10429747238617149,0.08985303886486617,0.09151765649522592,0.16922743084547676
parallelogram,0.08125967721273297,0.05479304892497894,0.0,0.026350848157568607,0.10383519885959913,0.10658909297614516,0.10663100069057618,0.09781546908009209,0.08836260468979373,0.051707991797430464,0.11573779646939786
losange,0.12598848566105336,0.10763084665631417,0.026350848157568607,0.0,0.11463768902322202,0.12310209627418489,0.1160513616886425,0.10061213174107131,0.09744842744412774,0.05351747104964466,0.08235523063774353
isoTrapezoid,0.08132170023085028,0.11022948482220352,0.10383519885959913,0.11463768902322202,2.220446049250313e-16,0.03900077024628046,0.034257445834050215,0.07676203139636284,0.07642277349970139,0.040350094601707354,0.05760204776732025
kite,0.08577284627232074,0.10212307514142493,0.10658909297614516,0.12310209627418489,0.03900077024628046,0.0,0.013483192641968289,0.07378025762202689,0.06939756943939013,0.06785242002475333,0.08584219127435488
rightKite,0.0912526381336286,0.10865503501942475,0.10663100069057618,0.1160513616886425,0.034257445834050215,0.013483192641968289,0.0,0.06636520605133545,0.06286481070250427,0.05084230907452847,0.06751674730369539
rustedHinge,0.11002064531380806,0.10429747238617149,0.09781546908009209,0.10061213174107131,0.07676203139636284,0.07378025762202689,0.06636520605133545,0.0,0.00591666640826749,0.08309002315810865,0.07033895690641923
hinge,0.10021817271297195,0.08985303886486617,0.08836260468979373,0.09744842744412774,0.07642277349970139,0.06939756943939013,0.06286481070250427,0.00591666640826749,0.0,0.07842615516696727,0.07070299171220029
trapezoid,0.078833870742823,0.09151765649522592,0.051707991797430464,0.05351747104964466,0.040350094601707354,0.06785242002475333,0.05084230907452847,0.08309002315810865,0.07842615516696727,0.0,0.045760072116975414
random,0.15094554701759388,0.16922743084547676,0.11573779646939786,0.08235523063774353,0.05760204776732025,0.08584219127435488,0.06751674730369539,0.07033895690641923,0.07070299171220029,0.045760072116975414,0.0
