,square,rectangle,parallelogram,losange,isoTrapezoid,kite,rightKite,rustedHinge,hinge,trapezoid,random
square,0.0,0.026936423862237158,0.04349541911406141,0.0626671000846375,0.017595490577443362,0.012529153325465892,0.008507131853284333,0.030769895638817713,0.02857695329446419,0.020745230813503324,0.0418679719929268
rectangle,0.026936423862237158,2.220446049250313e-16,0.01771887989949239,0.039767892123641846,0.05238314664101529,0.0348332487797135,0.031780261361933126,0.020286234943416304,0.012608313093157242,0.0347884927757971,0.0588305812719776
parallelogram,0.04349541911406141,0.01771887989949239,0.0,0.017779968239561406,0.05844891070161773,0.0514280990775462,0.042743738533850495,0.030103615894112035,0.02159656464289439,0.032846927596577924,0.05246574474900312
losange,0.0626671000846375,0.039767892123641846,0.017779968239561406,0.0,0.0645462291229486,0.06646307814763963,0.05963959505043803,0.03720629130570341,0.033651902838254144,0.036091009582269185,0.03748092107064027
isoTrapezoid,0.017595490577443362,0.05238314664101529,0.05844891070161773,0.0645462291229486,0.0,0.0184197234098038,0.016611137498458217,0.05094495150584577,0.05123269172686362,0.022876344556304717,0.0336239070606722
kite,0.012529153325465892,0.0348332487797135,0.0514280990775462,0.06646307814763963,0.0184197234098038,0.0,0.009295000523536046,0.04470746453481422,0.04360682059089149,0.03390152423596371,0.051737145083602054
rightKite,0.008507131853284333,0.031780261361933126,0.042743738533850495,0.05963959505043803,0.016611137498458217,0.009295000523536046,0.0,0.03973799321479843,0.03763258158224814,0.019898516752349327,0.04483627341879681
rustedHinge,0.030769895638817713,0.020286234943416304,0.030103615894112035,0.03720629130570341,0.05094495150584577,0.04470746453481422,0.03973799321479843,0.0,0.003242558697735376,0.03546068385282419,0.04456924592011735
hinge,0.02857695329446419,0.012608313093157242,0.02159656464289439,0.033651902838254144,0.05123269172686362,0.04360682059089149,0.03763258158224814,0.003242558697735376,0.0,0.032431359754719336,0.0459829577153692
trapezoid,0.020745230813503324,0.0347884927757971,0.032846927596577924,0.036091009582269185,0.022876344556304717,0.03390152423596371,0.019898516752349327,0.03546068385282419,0.032431359754719336,0.0,0.018695417265852887
random,0.0418679719929268,0.0588305812719776,0.05246574474900312,0.03748092107064027,0.0336239070606722,0.051737145083602054,0.04483627341879681,0.04456924592011735,0.0459829577153692,0.018695417265852887,0.0
