,square,rectangle,parallelogram,losange,isoTrapezoid,kite,rightKite,rustedHinge,hinge,trapezoid,random
square,0.0,0.028030617130152535,0.06620692324619892,0.09771921915654469,0.041152060331933304,0.040429878636610406,0.03885718238455438,0.06454265368404244,0.05868922008618005,0.04728742500598737,0.08626256059000126
rectangle,0.028030617130152535,0.0,0.03597348192236116,0.07661110945786098,0.0781556775657195,0.06092735502123492,0.061293409380558606,0.05575157740108394,0.04349030158274114,0.06268195255957354,0.1088818070426687
parallelogram,0.06620692324619892,0.03597348192236116,0.0,0.02414504013379848,0.08746826010611863,0.08695750961037518,0.07536970300016299,0.0704031994544142,0.05735128898756503,0.04457089565152883,0.08088665506591008
losange,0.09771921915654469,0.07661110945786098,0.02414504013379848,0.0,0.09854932925347804,0.10915507342336117,0.09432557353563809,0.08565810460116441,0.07830888271127767,0.046375022298894564,0.060079845190689984
isoTrapezoid,0.041152060331933304,0.0781556775657195,0.08746826010611863,0.09854932925347804,0.0,0.03508820661894485,0.02835348505353774,0.08298879699851702,0.08160268604152565,0.032709020275829004,0.051362456735998596
kite,0.040429878636610406,0.06092735502123492,0.08695750961037518,0.10915507342336117,0.03508820661894485,0.0,0.015868291816572233,0.07495105948775183,0.07194252461979589,0.06459181260231694,0.08887544053631335
rightKite,0.03885718238455438,0.061293409380558606,0.07536970300016299,0.09432557353563809,0.02835348505353774,0.015868291816572233,0.0,0.07098035098583999,0.06701154455243807,0.038557458784545084,0.06896967598806858
rustedHinge,0.06454265368404244,0.05575157740108394,0.0704031994544142,0.08565810460116441,0.08298879699851702,0.07495105948775183,0.07098035098583999,0.0,0.0061580286694779,0.07434854308421379,0.07894334755145305
hinge,0.05868922008618005,0.04349030158274114,0.05735128898756503,0.07830888271127767,0.08160268604152565,0.07194252461979589,0.06701154455243807,0.0061580286694779,2.220446049250313e-16,0.06812632150181797,0.07663791461713232
trapezoid,0.04728742500598737,0.06268195255957354,0.04457089565152883,0.046375022298894564,0.032709020275829004,0.06459181260231694,0.038557458784545084,0.07434854308421379,0.06812632150181797,0.0,0.027320553588902174
random,0.08626256059000126,0.1088818070426687,0.08088665506591008,0.060079845190689984,0.051362456735998596,0.08887544053631335,0.06896967598806858,0.07894334755145305,0.07663791461713232,0.027320553588902174,0.0
