,square,rectangle,parallelogram,losange,isoTrapezoid,kite,rightKite,rustedHinge,hinge,trapezoid,random
square,1.1102230246251565e-16,0.024352134910918255,0.052483196435098134,0.077828968129386,0.020293261533022577,0.016951822030959907,0.013406541287803941,0.03798566854818053,0.03244685432107963,0.027245995196512496,0.05154486484308074
rectangle,0.024352134910918255,0.0,0.02369538755915146,0.054771198499110274,0.05515262812828625,0.03588878621797853,0.03403526200088591,0.03042612182319049,0.01875073467600441,0.04016124811581512,0.07206947250904305
parallelogram,0.052483196435098134,0.02369538755915146,0.0,0.018617949621125063,0.07127822186284927,0.06547888814610969,0.052713997832737,0.04523236380491491,0.031649231410320056,0.03420464070527207,0.060268745533000434
losange,0.077828968129386,0.054771198499110274,0.018617949621125063,0.0,0.08304703362043464,0.08786379758290075,0.07299629485824266,0.05890346415220882,0.0504141745521508,0.03802704227855136,0.046764779657181954
isoTrapezoid,0.020293261533022577,0.05515262812828625,0.07127822186284927,0.08304703362043464,0.0,0.02191352261692714,0.0186895486098142,0.06143668063776109,0.05908816640155212,0.026447265647463802,0.03821166982118607
kite,0.016951822030959907,0.03588878621797853,0.06547888814610969,0.08786379758290075,0.02191352261692714,0.0,0.011503936405469983,0.05760920888839083,0.05379693044859346,0.046211648183446474,0.06866887857785231
rightKite,0.013406541287803941,0.03403526200088591,0.052713997832737,0.07299629485824266,0.0186895486098142,0.011503936405469983,1.1102230246251565e-16,0.05356552778437562,0.04875073989071821,0.024840733123422054,0.05284479065354575
rustedHinge,0.03798566854818053,0.03042612182319049,0.04523236380491491,0.05890346415220882,0.06143668063776109,0.05760920888839083,0.05356552778437562,1.1102230246251565e-16,0.004462711512329132,0.0477495486444941,0.057958220975238506
hinge,0.03244685432107963,0.01875073467600441,0.031649231410320056,0.0504141745521508,0.05908816640155212,0.05379693044859346,0.04875073989071821,0.004462711512329132,0.0,0.04079165582329691,0.055657231843663224
trapezoid,0.027245995196512496,0.04016124811581512,0.03420464070527207,0.03802704227855136,0.026447265647463802,0.046211648183446474,0.024840733123422054,0.0477495486444941,0.04079165582329691,0.0,0.016920246624662405
random,0.05154486484308074,0.07206947250904305,0.060268745533000434,0.046764779657181954,0.03821166982118607,0.06866887857785231,0.05284479065354575,0.057958220975238506,0.055657231843663224,0.016920246624662405,0.0
