,square,rectangle,parallelogram,losange,isoTrapezoid,kite,rightKite,rustedHinge,hinge,trapezoid,random
square,0.0,7.791018487910217,10.049481952654418,11.970638240439166,5.920069719292474,5.027794409654978,4.156037205319297,8.26579201073233,8.079996216246963,6.606496692575368,9.527249860803401
rectangle,7.791018487910217,0.0,5.720952952532427,9.140191841799062,10.837265858160196,8.587665297465986,8.373489938430797,6.732745459757604,5.309012622427955,8.64834988440617,11.538272977383404
parallelogram,10.049481952654418,5.720952952532427,0.0,5.937156886546457,11.781188228900772,10.682852669005863,9.940377416185962,7.884954076217748,6.551145567317592,8.51100577699911,10.873642039909736
losange,11.970638240439166,9.140191841799062,5.937156886546457,0.0,12.409724946965271,12.29506535702155,11.675178355476616,8.893413450286445,8.307917846302288,8.888880090417908,9.14179477531665
isoTrapezoid,5.920069719292474,10.837265858160196,11.781188228900772,12.409724946965271,0.0,6.258897690720137,5.693977549725221,10.54471575801091,10.702678658201465,6.916671687289922,8.518178152004198
kite,5.027794409654978,8.587665297465986,10.682852669005863,12.29506535702155,6.258897690720137,0.0,4.228869708532548,9.969145477559055,9.856087825929842,8.54539244129312,10.769969724680415
rightKite,4.156037205319297,8.373489938430797,9.940377416185962,11.675178355476616,5.693977549725221,4.228869708532548,0.0,9.438861305048624,9.251721065321926,6.545902923053558,9.89535292856504
rustedHinge,8.26579201073233,6.732745459757604,7.884954076217748,8.893413450286445,10.54471575801091,9.969145477559055,9.438861305048624,0.0,2.5410188046884734,8.553163835340866,9.801042559809057
hinge,8.079996216246963,5.309012622427955,6.551145567317592,8.307917846302288,10.702678658201465,9.856087825929842,9.251721065321926,2.5410188046884734,0.0,8.19928258351804,9.968455372324517
trapezoid,6.606496692575368,8.64834988440617,8.51100577699911,8.888880090417908,6.916671687289922,8.54539244129312,6.545902923053558,8.553163835340866,8.19928258351804,0.0,6.132976424833306
random,9.527249860803401,11.538272977383404,10.873642039909736,9.14179477531665,8.518178152004198,10.769969724680415,9.89535292856504,9.801042559809057,9.968455372324517,6.132976424833306,0.0
