,square,rectangle,parallelogram,losange,isoTrapezoid,kite,rightKite,rustedHinge,hinge,trapezoid,random
square,0.0,9.843146036986337,12.35586924286412,14.667750307318153,7.490117840184515,6.289338139665273,5.210210528741411,10.24869011293234,10.08021352762566,8.124729813511038,11.668834787839385
rectangle,9.843146036986337,0.0,7.22641351570942,11.186393598160928,13.458374350694262,10.78465560701287,10.436916510081437,8.152776611105052,6.489596523797012,10.717932294657938,14.03032483287275
parallelogram,12.35586924286412,7.22641351570942,0.0,7.43028333559092,14.37261382070137,13.089009066153487,12.180801568043526,9.612618967092336,8.094630446247567,10.747163528951841,13.414279361010482
losange,14.667750307318153,11.186393598160928,7.43028333559092,0.0,15.092261078970264,14.960366507851862,14.277771390978362,10.761667061134593,10.135600119746728,11.273770666896272,11.439231469545447
isoTrapezoid,7.490117840184515,13.458374350694262,14.37261382070137,15.092261078970264,0.0,7.89456389502669,7.26218711731153,12.974861422234506,13.222464007588234,8.683672880955031,10.634217716578021
kite,6.289338139665273,10.78465560701287,13.089009066153487,14.960366507851862,7.89456389502669,0.0,5.30718524665901,12.237525170608427,12.144429065698795,10.34354013550829,13.002962497233842
rightKite,5.210210528741411,10.436916510081437,12.180801568043526,14.277771390978362,7.26218711731153,5.30718524665901,0.0,11.489731612706503,11.311775804962487,8.080814345308363,12.118574150903166
rustedHinge,10.24869011293234,8.152776611105052,9.612618967092336,10.761667061134593,12.974861422234506,12.237525170608427,11.489731612706503,0.0,3.2039660470232936,10.520309368527347,12.00338340632639
hinge,10.08021352762566,6.489596523797012,8.094630446247567,10.135600119746728,13.222464007588234,12.144429065698795,11.311775804962487,3.2039660470232936,0.0,10.177304222698735,12.26404175564155
trapezoid,8.124729813511038,10.717932294657938,10.747163528951841,11.273770666896272,8.683672880955031,10.34354013550829,8.080814345308363,10.520309368527347,10.177304222698735,0.0,7.92889419341833
random,11.668834787839385,14.03032483287275,13.414279361010482,11.439231469545447,10.634217716578021,13.002962497233842,12.118574150903166,12.00338340632639,12.26404175564155,7.92889419341833,0.0
