,square,rectangle,parallelogram,losange,isoTrapezoid,kite,rightKite,rustedHinge,hinge,trapezoid,random
square,0.0,13.45293542247882,19.055948613365686,23.13460839263312,11.714460607530194,10.92914546742697,9.901584556340666,16.13884846237548,15.288814671315292,13.540434369615644,18.536783682989327
rectangle,13.45293542247882,0.0,12.6432259077721,19.06630912052075,19.649228349359795,16.074396382924423,15.823452109828988,13.95325983965516,11.280439344665574,16.63536914174075,21.90388562476908
parallelogram,19.055948613365686,12.6432259077721,0.0,11.703503649440412,21.875532188651402,20.8979690578282,19.045713357075716,17.005282494302477,14.487963704153959,15.466160849607405,20.060639756572836
losange,23.13460839263312,19.06630912052075,11.703503649440412,0.0,23.607131925921014,24.054749590534488,22.439474109077764,19.371999920641123,18.20055766272433,16.516395790085337,17.731742945763823
isoTrapezoid,11.714460607530194,19.649228349359795,21.875532188651402,23.607131925921014,0.0,12.272479999668112,11.449847597544633,20.335087279192948,20.201274501133526,13.472243314420789,16.228943095821453
kite,10.92914546742697,16.074396382924423,20.8979690578282,24.054749590534488,12.272479999668112,0.0,9.000138938334088,19.455503941707175,19.00189087311773,17.50697921983372,21.035836954619253
rightKite,9.901584556340666,15.823452109828988,19.045713357075716,22.439474109077764,11.449847597544633,9.000138938334088,0.0,19.04949839818093,18.36863297477691,13.110221184832222,18.84423617278134
rustedHinge,16.13884846237548,13.95325983965516,17.005282494302477,19.371999920641123,20.335087279192948,19.455503941707175,19.04949839818093,0.0,5.423779125542352,17.782314591561107,19.369494400952185
hinge,15.288814671315292,11.280439344665574,14.487963704153959,18.20055766272433,20.201274501133526,19.00189087311773,18.36863297477691,5.423779125542352,0.0,16.745948470830694,19.1816348546016
trapezoid,13.540434369615644,16.63536914174075,15.466160849607405,16.516395790085337,13.472243314420789,17.50697921983372,13.110221184832222,17.782314591561107,16.745948470830694,0.0,11.05662841672263
random,18.536783682989327,21.90388562476908,20.060639756572836,17.731742945763823,16.228943095821453,21.035836954619253,18.84423617278134,19.369494400952185,19.1816348546016,11.05662841672263,0.0
