,square,rectangle,parallelogram,losange,isoTrapezoid,kite,rightKite,rustedHinge,hinge,trapezoid,random
square,0.0,16.48128685070264,23.89217479179911,29.166219159851423,15.452745902856615,14.961576240522438,14.101667479725133,21.108578760157094,19.84169986388138,17.877250114134117,24.024593878021125
rectangle,16.48128685070264,0.0,16.40477082657651,24.630714251712526,24.819609259789942,20.80909680822008,20.580021688998745,18.811524212363086,15.48930907439871,21.490438338803273,28.126816507463783
parallelogram,23.89217479179911,16.40477082657651,0.0,14.838613213677016,27.640394602766534,26.938815715740155,24.463985847535326,22.822928513157848,19.57219208794765,19.591092672815922,25.607314011026997
losange,29.166219159851423,24.630714251712526,14.838613213677016,0.0,29.87717317619837,30.881125955738227,28.637062990481354,25.835107378342553,24.20329664988009,20.80593317868845,22.78213478959881
isoTrapezoid,15.452745902856615,24.819609259789942,27.640394602766534,29.87717317619837,0.0,15.92811871375441,15.016665703261994,26.380692827846914,26.028724311716623,17.1998478838221,20.66241048184589
kite,14.961576240522438,20.80909680822008,26.938815715740155,30.881125955738227,15.92811871375441,0.0,11.763057540959085,25.347713126670758,24.72212083802793,22.813136999635496,26.97891231103971
rightKite,14.101667479725133,20.580021688998745,24.463985847535326,28.637062990481354,15.016665703261994,11.763057540959085,0.0,24.98977047242783,24.109432999726202,17.076771217529153,24.017962627802607
rustedHinge,21.108578760157094,18.811524212363086,22.822928513157848,25.835107378342553,26.380692827846914,25.347713126670758,24.98977047242783,0.0,7.126716200228781,23.77034337496631,25.21536028133277
hinge,19.84169986388138,15.48930907439871,19.57219208794765,24.20329664988009,26.028724311716623,24.72212083802793,24.109432999726202,7.126716200228781,0.0,22.355177443228502,24.76794705500669
trapezoid,17.877250114134117,21.490438338803273,19.591092672815922,20.80593317868845,17.1998478838221,22.813136999635496,17.076771217529153,23.77034337496631,22.355177443228502,0.0,14.195175236525888
random,24.024593878021125,28.126816507463783,25.607314011026997,22.78213478959881,20.66241048184589,26.97891231103971,24.017962627802607,25.21536028133277,24.76794705500669,14.195175236525888,0.0
