,square,rectangle,parallelogram,losange,isoTrapezoid,kite,rightKite,rustedHinge,hinge,trapezoid,random
square,0.0,19.142303841178123,23.703828055089573,27.964455990558637,15.057199464559757,12.661566283394098,10.704838094014846,19.691046211266045,19.422837528058597,15.805250257941653,22.336353153013018
rectangle,19.142303841178123,0.0,14.638564375070938,21.598279050773698,25.975537517773375,21.09230123638542,20.136263519962814,15.5557704154785,12.620033317807028,20.639339069055943,26.48168686002299
parallelogram,23.703828055089573,14.638564375070938,0.0,14.386824651021612,27.2629415009644,25.171696817868693,23.337924103630783,18.548095449191766,15.949018916312658,20.86867432217092,25.46891481354773
losange,27.964455990558637,21.598279050773698,14.386824651021612,0.0,28.553852060271524,28.399405879905853,27.20350458044969,20.626889975906423,19.6233622271422,21.979992259743273,22.028136446524297
isoTrapezoid,15.057199464559757,25.975537517773375,27.2629415009644,28.553852060271524,0.0,15.720421958627737,14.493518972141223,24.805744546583696,25.366182227575326,17.237152968862567,20.70329078792709
kite,12.661566283394098,21.09230123638542,25.171696817868693,28.399405879905853,15.720421958627737,0.0,10.683620688627434,23.36493645759742,23.292916606435867,19.85337590278074,24.57261536648923
rightKite,10.704838094014846,20.136263519962814,23.337924103630783,27.20350458044969,14.493518972141223,10.683620688627434,0.0,21.752603850016328,21.486157215247196,15.766501387743055,23.15036133476704
rustedHinge,19.691046211266045,15.5557704154785,18.548095449191766,20.626889975906423,24.805744546583696,23.36493645759742,21.752603850016328,0.0,6.702656676386245,20.096636306463875,22.733739443205916
hinge,19.422837528058597,12.620033317807028,15.949018916312658,19.6233622271422,25.366182227575326,23.292916606435867,21.486157215247196,6.702656676386245,0.0,19.60337048143536,23.325000107792036
trapezoid,15.805250257941653,20.639339069055943,20.86867432217092,21.979992259743273,17.237152968862567,19.85337590278074,15.766501387743055,20.096636306463875,19.60337048143536,0.0,15.455703162244996
random,22.336353153013018,26.48168686002299,25.46891481354773,22.028136446524297,20.70329078792709,24.57261536648923,23.15036133476704,22.733739443205916,23.325000107792036,15.455703162244996,0.0
