,square,rectangle,parallelogram,losange,isoTrapezoid,kite,rightKite,rustedHinge,hinge,trapezoid,random
square,0.0,222.53930793819515,388.29661153946785,446.58215010072644,380.9524881821925,419.9948459332182,408.8861417164474,433.09401372284333,420.82244666905945,401.46259425494105,486.2074470795352
rectangle,222.53930793819515,0.0,328.9527359521885,409.4364553336704,432.0548297103694,442.0980373634962,434.83391164500824,411.30628899333436,390.2153724282349,420.83885615820856,504.7817959557014
parallelogram,388.29661153946785,328.9527359521885,0.0,202.05360377172266,408.5134918541242,422.43629430933265,405.0081733651682,378.446408759977,354.4482615030424,331.29115062454395,409.39082164838163
losange,446.58215010072644,409.4364553336704,202.05360377172266,0.0,429.5793447550457,448.8294171690495,430.6120561159478,399.4096891766392,385.8083430668362,335.02983972298216,374.2808469768729
isoTrapezoid,380.9524881821925,432.0548297103694,408.5134918541242,429.5793447550457,0.0,282.50274552202114,256.83279894650747,374.35832107682387,368.67509928718545,256.555906823896,329.6901969591611
kite,419.9948459332182,442.0980373634962,422.43629430933265,448.8294171690495,282.50274552202114,0.0,179.2872995510585,364.0332668770237,354.4636932977607,340.4331679678674,383.9590704646368
rightKite,408.8861417164474,434.83391164500824,405.0081733651682,430.6120561159478,256.83279894650747,179.2872995510585,0.0,339.02924431947685,330.06634067232187,283.8161451555125,343.92389239814673
rustedHinge,433.09401372284333,411.30628899333436,378.446408759977,399.4096891766392,374.35832107682387,364.0332668770237,339.02924431947685,0.0,121.04814044264424,350.46822635914236,357.81878167824675
hinge,420.82244666905945,390.2153724282349,354.4482615030424,385.8083430668362,368.67509928718545,354.4636932977607,330.06634067232187,121.04814044264424,0.0,334.56447601548854,346.6868156125713
trapezoid,401.46259425494105,420.83885615820856,331.29115062454395,335.02983972298216,256.555906823896,340.4331679678674,283.8161451555125,350.46822635914236,334.56447601548854,0.0,237.69764923105524
random,486.2074470795352,504.7817959557014,409.39082164838163,374.2808469768729,329.6901969591611,383.9590704646368,343.92389239814673,357.81878167824675,346.6868156125713,237.69764923105524,0.0
