,square,rectangle,parallelogram,losange,isoTrapezoid,kite,rightKite,rustedHinge,hinge,trapezoid,random
square,0.0,10.935643073044181,13.529724189243453,15.88911650220406,8.577110398135135,7.232894059434394,6.365450878864883,11.281823564823915,11.11864876817451,8.9426178363707,12.761741075097298
rectangle,10.935643073044181,0.0,8.022297421282202,12.152620307863158,14.67732556321145,11.85973094391594,11.432152066054101,9.01219229834806,7.319808968275465,11.741225015971443,15.250514046279624
parallelogram,13.529724189243453,8.022297421282202,0.0,8.129347303901543,15.645650318728674,14.257709854529816,13.287446994500549,10.498982032821333,8.92025308156517,11.773086588125071,14.572965064740462
losange,15.88911650220406,12.152620307863158,8.129347303901543,0.0,16.349279843810592,16.181162176360004,15.451249219268279,11.671745247449026,11.003205625642433,12.258658011253631,12.440347260060376
isoTrapezoid,8.577110398135135,14.67732556321145,15.645650318728674,16.349279843810592,0.0,8.835418941808209,8.140369997512614,14.101125470289794,14.400638223357307,9.718284453526193,11.660663426472766
kite,7.232894059434394,11.85973094391594,14.257709854529816,16.181162176360004,8.835418941808209,0.0,6.138204639775401,13.34905553246123,13.25695105308177,11.359296541845314,14.147592127166035
rightKite,6.365450878864883,11.432152066054101,13.287446994500549,15.451249219268279,8.140369997512614,6.138204639775401,0.0,12.508185373709237,12.33438717033639,9.04581139335131,13.221371297154219
rustedHinge,11.281823564823915,9.01219229834806,10.498982032821333,11.671745247449026,14.101125470289794,13.34905553246123,12.508185373709237,0.0,4.011494417448511,11.434551202461844,13.035974862144739
hinge,11.11864876817451,7.319808968275465,8.92025308156517,11.003205625642433,14.400638223357307,13.25695105308177,12.33438717033639,4.011494417448511,0.0,11.101444492437123,13.328005670547036
trapezoid,8.9426178363707,11.741225015971443,11.773086588125071,12.258658011253631,9.718284453526193,11.359296541845314,9.04581139335131,11.434551202461844,11.101444492437123,0.0,8.74307477338872
random,12.761741075097298,15.250514046279624,14.572965064740462,12.440347260060376,11.660663426472766,14.147592127166035,13.221371297154219,13.035974862144739,13.328005670547036,8.74307477338872,0.0
