,square,rectangle,parallelogram,losange,isoTrapezoid,kite,rightKite,rustedHinge,hinge,trapezoid,random
square,0.0,335.5760359055483,634.3904607251388,730.2722064072087,666.7392278890367,693.1809593962355,696.3358972084363,719.2904867214767,704.9031410937176,673.3514188564985,807.2374863200298
rectangle,335.5760359055483,0.0,544.2368314291579,666.6356628900666,706.6108074421454,701.5769075373239,705.8493895497854,677.356120126296,649.5644617405819,679.4303106221745,811.2673857128921
parallelogram,634.3904607251388,544.2368314291579,0.0,300.0575779151285,658.7425890756849,663.5396748560067,653.6579529476144,606.5935650300995,580.9645650673443,534.3488823974849,659.0656923154065
losange,730.2722064072087,666.6356628900666,300.0575779151285,0.0,689.4586511051058,701.0099261809179,685.210066113227,625.945361227224,615.5373954305275,537.6141825029886,604.1220372970757
isoTrapezoid,666.7392278890367,706.6108074421454,658.7425890756849,689.4586511051058,0.0,417.4891557949576,386.6303421947842,541.0228475186736,541.2426868316113,377.78068927583945,496.2746410043278
kite,693.1809593962355,701.5769075373239,663.5396748560067,701.0099261809179,417.4891557949576,0.0,253.3095589393857,504.15342303647844,489.8704155602455,486.6865898093603,547.5608544044004
rightKite,696.3358972084363,705.8493895497854,653.6579529476144,685.210066113227,386.6303421947842,253.3095589393857,0.0,463.74283032799434,456.0640770560111,416.4207777342986,494.0758263813048
rustedHinge,719.2904867214767,677.356120126296,606.5935650300995,625.945361227224,541.0228475186736,504.15342303647844,463.74283032799434,0.0,168.59243012911887,497.7916055021309,499.7328765321009
hinge,704.9031410937176,649.5644617405819,580.9645650673443,615.5373954305275,541.2426868316113,489.8704155602455,456.0640770560111,168.59243012911887,0.0,486.7387472506846,495.63055834999733
trapezoid,673.3514188564985,679.4303106221745,534.3488823974849,537.6141825029886,377.78068927583945,486.6865898093603,416.4207777342986,497.7916055021309,486.7387472506846,0.0,355.8447566385008
random,807.2374863200298,811.2673857128921,659.0656923154065,604.1220372970757,496.2746410043278,547.5608544044004,494.0758263813048,499.7328765321009,495.63055834999733,355.8447566385008,0.0
