,square,rectangle,parallelogram,losange,isoTrapezoid,kite,rightKite,rustedHinge,hinge,trapezoid,random
square,0.0,7.778410865018617,10.033371325752672,11.921986804601596,5.893406056042417,5.000271787166493,4.112474013607924,8.22087268879814,8.05241160422434,6.558619926139131,9.516277386287513
rectangle,7.778410865018617,0.0,5.656571110726585,9.082060866745287,10.83505426425465,8.5735551588489,8.340200266436531,6.691678182547029,5.271618331534165,8.607407972333512,11.544015108046194
parallelogram,10.033371325752672,5.656571110726585,0.0,5.85121188063172,11.782077928772518,10.660231595188646,9.9189060308005,7.820306833013088,6.479836801436765,8.496768654327509,10.879633421221241
losange,11.921986804601596,9.082060866745287,5.85121188063172,0.0,12.380883335868992,12.249612608851326,11.618801511523605,8.837802480712966,8.24181840368947,8.850601098462379,9.115424320418196
isoTrapezoid,5.893406056042417,10.83505426425465,11.782077928772518,12.380883335868992,0.0,6.22539720337647,5.651839857050331,10.504878143522985,10.684806434911458,6.896957543313315,8.49389150632446
kite,5.000271787166493,8.5735551588489,10.660231595188646,12.249612608851326,6.22539720337647,0.0,4.19419581910391,9.934017109561541,9.830704687822987,8.489313574363392,10.745525739598827
rightKite,4.112474013607924,8.340200266436531,9.9189060308005,11.618801511523605,5.651839857050331,4.19419581910391,0.0,9.375088697420741,9.198044800305784,6.498048335551299,9.862828947207298
rustedHinge,8.22087268879814,6.691678182547029,7.820306833013088,8.837802480712966,10.504878143522985,9.934017109561541,9.375088697420741,0.0,2.532102769757152,8.472704223447577,9.786799617662291
hinge,8.05241160422434,5.271618331534165,6.479836801436765,8.24181840368947,10.684806434911458,9.830704687822987,9.198044800305784,2.532102769757152,0.0,8.12853684954399,9.96370969289119
trapezoid,6.558619926139131,8.607407972333512,8.496768654327509,8.850601098462379,6.896957543313315,8.489313574363392,6.498048335551299,8.472704223447577,8.12853684954399,0.0,6.0995249733917705
random,9.516277386287513,11.544015108046194,10.879633421221241,9.115424320418196,8.49389150632446,10.745525739598827,9.862828947207298,9.786799617662291,9.96370969289119,6.0995249733917705,0.0
