,square,rectangle,parallelogram,losange,isoTrapezoid,kite,rightKite,rustedHinge,hinge,trapezoid,random
square,0.0,9.771063765340118,12.222265726578446,14.453311756508354,7.4518385766249615,6.256039043777723,5.248862152123732,10.141332441016242,9.982914072274909,8.022379948300639,11.525782473790214
rectangle,9.771063765340118,0.0,7.133859211778052,11.019077047054632,13.307525141331826,10.66430837976074,10.323290420634294,8.071406036436532,6.450043532188511,10.612964428736822,13.882259227005752
parallelogram,12.222265726578446,7.133859211778052,0.0,7.322314649603928,14.216860306661411,12.920052761644758,12.033324025146163,9.478492245417256,7.987462653720911,10.631780993894871,13.260205792354773
losange,14.453311756508354,11.019077047054632,7.322314649603928,0.0,14.89024367316178,14.73959817983782,14.056484072485231,10.598995126147912,9.980342318354605,11.100084569983563,11.281010894122463
isoTrapezoid,7.4518385766249615,13.307525141331826,14.216860306661411,14.89024367316178,0.0,7.827621623244987,7.197959889461732,12.820982663459082,13.071651874866,8.602372315863082,10.494542548976113
kite,6.256039043777723,10.66430837976074,12.920052761644758,14.73959817983782,7.827621623244987,0.0,5.295935097793188,12.0894892706764,11.998273570683763,10.216284633837763,12.838767229044006
rightKite,5.248862152123732,10.323290420634294,12.033324025146163,14.056484072485231,7.197959889461732,5.295935097793188,0.0,11.352319002928592,11.182547701331277,7.999607782165758,11.955480915645072
rustedHinge,10.141332441016242,8.071406036436532,9.478492245417256,10.598995126147912,12.820982663459082,12.0894892706764,11.352319002928592,0.0,3.267310565405507,10.38951409202822,11.8784027364301
hinge,9.982914072274909,6.450043532188511,7.987462653720911,9.980342318354605,13.071651874866,11.998273570683763,11.182547701331277,3.267310565405507,0.0,10.055908093855916,12.13182951363269
trapezoid,8.022379948300639,10.612964428736822,10.631780993894871,11.100084569983563,8.602372315863082,10.216284633837763,7.999607782165758,10.38951409202822,10.055908093855916,0.0,7.836371791373062
random,11.525782473790214,13.882259227005752,13.260205792354773,11.281010894122463,10.494542548976113,12.838767229044006,11.955480915645072,11.8784027364301,12.13182951363269,7.836371791373062,0.0
