,square,rectangle,parallelogram,losange,isoTrapezoid,kite,rightKite,rustedHinge,hinge,trapezoid,random
square,2.220446049250313e-16,0.014548211906869835,0.025292590285584726,0.035971987278740625,0.008669968555520935,0.006699512534233731,0.004056330716420642,0.016403615307186703,0.015619149477914207,0.010633721099154947,0.021931320518754793
rectangle,0.014548211906869835,0.0,0.008581509911825269,0.02049349006881096,0.02803334083532505,0.018113409592981133,0.016633506049771873,0.010690399225379732,0.006550972362250329,0.01751171727203582,0.03047219687744329
parallelogram,0.025292590285584726,0.008581509911825269,0.0,0.00784013031825137,0.03287509070612504,0.027900563085325403,0.02431233782255704,0.014408571980383034,0.009902024196867365,0.01637352086203525,0.025878199191038176
losange,0.035971987278740625,0.02049349006881096,0.00784013031825137,0.0,0.03703912071977611,0.03562587944062956,0.032908697512862295,0.018588814655005392,0.016577983701652754,0.019432526511718118,0.018627855070487365
isoTrapezoid,0.008669968555520935,0.02803334083532505,0.03287509070612504,0.03703912071977611,2.220446049250313e-16,0.009546286218878652,0.007658239562439384,0.026190203159262904,0.027107153856938182,0.01192498055316471,0.017453783150009894
kite,0.006699512534233731,0.018113409592981133,0.027900563085325403,0.03562587944062956,0.009546286218878652,0.0,0.004501196628953652,0.02319830667033318,0.02287255252912357,0.018153440099416995,0.027017672789138913
rightKite,0.004056330716420642,0.016633506049771873,0.02431233782255704,0.032908697512862295,0.007658239562439384,0.004501196628953652,2.220446049250313e-16,0.020452602738600945,0.019714437726589096,0.010408127702215553,0.02308711810205344
rustedHinge,0.016403615307186703,0.010690399225379732,0.014408571980383034,0.018588814655005392,0.026190203159262904,0.02319830667033318,0.020452602738600945,0.0,0.0014716269875066912,0.01678083021132115,0.021190651682752915
hinge,0.015619149477914207,0.006550972362250329,0.009902024196867365,0.016577983701652754,0.027107153856938182,0.02287255252912357,0.019714437726589096,0.0014716269875066912,0.0,0.015412431663220039,0.022240069319897637
trapezoid,0.010633721099154947,0.01751171727203582,0.01637352086203525,0.019432526511718118,0.01192498055316471,0.018153440099416995,0.010408127702215553,0.01678083021132115,0.015412431663220039,0.0,0.008078386528072912
random,0.021931320518754793,0.03047219687744329,0.025878199191038176,0.018627855070487365,0.017453783150009894,0.027017672789138913,0.02308711810205344,0.021190651682752915,0.022240069319897637,0.008078386528072912,0.0
