,square,rectangle,parallelogram,losange,isoTrapezoid,kite,rightKite,rustedHinge,hinge,trapezoid,random
square,1.1102230246251565e-16,0.07558934479316914,0.231032517919458,0.41396655651817205,0.33300380194872614,0.11037662809357884,0.1483191310030555,0.2787430373442421,0.22008021715551218,0.23997590579508388,0.3971347268477349
rectangle,0.07558934479316914,0.0,0.17221398451658143,0.4011667871820066,0.39875366525123257,0.17222093942226302,0.19699793182917158,0.25444250064018403,0.1820432833968766,0.27971575379571756,0.45090869281670476
parallelogram,0.231032517919458,0.17221398451658143,0.0,0.15187010496779174,0.3728237661020105,0.24913037130841498,0.24105848665019414,0.2862126106386892,0.24284942484898087,0.16791401421098517,0.3452901665788375
losange,0.41396655651817205,0.4011667871820066,0.15187010496779174,0.0,0.4357327575136415,0.3979537826360644,0.4022757108116449,0.46085424549472087,0.45295623209975344,0.21264867550585942,0.31806417460059366
isoTrapezoid,0.33300380194872614,0.39875366525123257,0.3728237661020105,0.4357327575136415,0.0,0.20957932568623394,0.15958011328471022,0.35112143920802574,0.344389816956993,0.14220738097174868,0.16912764362648414
kite,0.11037662809357884,0.17222093942226302,0.24913037130841498,0.3979537826360644,0.20957932568623394,1.1102230246251565e-16,0.05141235119439913,0.22774359076695638,0.19791508750912756,0.1990174175715953,0.3154948953970652
rightKite,0.1483191310030555,0.19699793182917158,0.24105848665019414,0.4022757108116449,0.15958011328471022,0.05141235119439913,0.0,0.20093453196940014,0.1806144267718408,0.14093056977034024,0.2782665006168582
rustedHinge,0.2787430373442421,0.25444250064018403,0.2862126106386892,0.46085424549472087,0.35112143920802574,0.22774359076695638,0.20093453196940014,0.0,0.02486624397148607,0.28951839978729466,0.338764551727327
hinge,0.22008021715551218,0.1820432833968766,0.24284942484898087,0.45295623209975344,0.344389816956993,0.19791508750912756,0.1806144267718408,0.02486624397148607,0.0,0.2714009317177264,0.3433531806349863
trapezoid,0.23997590579508388,0.27971575379571756,0.16791401421098517,0.21264867550585942,0.14220738097174868,0.1990174175715953,0.14093056977034024,0.28951839978729466,0.2714009317177264,0.0,0.1247533079157731
random,0.3971347268477349,0.45090869281670476,0.3452901665788375,0.31806417460059366,0.16912764362648414,0.3154948953970652,0.2782665006168582,0.338764551727327,0.3433531806349863,0.1247533079157731,1.1102230246251565e-16
