,square,rectangle,parallelogram,losange,isoTrapezoid,kite,rightKite,rustedHinge,hinge,trapezoid,random
square,0.0,0.005997490490631141,0.008334998895791146,0.012360960578034264,0.00359446331121005,0.0024041377930622554,0.0016282216712839581,0.0062072320462960295,0.005914875323262736,0.004124979392213679,0.00804014698856359
rectangle,0.005997490490631141,0.0,0.0032958990040524716,0.00728434590780036,0.010299179311831774,0.007177932067007453,0.006665354731058448,0.0035675889610474742,0.0022073922412780833,0.007085475035403355,0.010511881274188561
parallelogram,0.008334998895791146,0.0032958990040524716,0.0,0.0037259172076113956,0.010504238309781755,0.009320227550020599,0.00801708542758206,0.005271581099296818,0.003889819419373164,0.006776878298492495,0.009783215866556505
losange,0.012360960578034264,0.00728434590780036,0.0037259172076113956,0.0,0.011738937104681213,0.012271859521675088,0.011693375453136312,0.00658419976569069,0.006169940952237218,0.007902593631303079,0.00734585845192115
isoTrapezoid,0.00359446331121005,0.010299179311831774,0.010504238309781755,0.011738937104681213,0.0,0.0037454248593739026,0.003410909883917901,0.009555942882523816,0.009725031766523173,0.004427190606371534,0.006694972014825051
kite,0.0024041377930622554,0.007177932067007453,0.009320227550020599,0.012271859521675088,0.0037454248593739026,0.0,0.0018069725647760215,0.008188710839116986,0.008089795571662561,0.006300938153828706,0.0091617865918171
rightKite,0.0016282216712839581,0.006665354731058448,0.00801708542758206,0.011693375453136312,0.003410909883917901,0.0018069725647760215,0.0,0.0072542093196221735,0.0069910047982625345,0.00401871078287841,0.00869360892935478
rustedHinge,0.0062072320462960295,0.0035675889610474742,0.005271581099296818,0.00658419976569069,0.009555942882523816,0.008188710839116986,0.0072542093196221735,0.0,0.0005914847755056352,0.006840443571717314,0.007985155966455104
hinge,0.005914875323262736,0.0022073922412780833,0.003889819419373164,0.006169940952237218,0.009725031766523173,0.008089795571662561,0.0069910047982625345,0.0005914847755056352,1.1102230246251565e-16,0.006477362446209334,0.00841022457201146
trapezoid,0.004124979392213679,0.007085475035403355,0.006776878298492495,0.007902593631303079,0.004427190606371534,0.006300938153828706,0.00401871078287841,0.006840443571717314,0.006477362446209334,0.0,0.00415580646092395
random,0.00804014698856359,0.010511881274188561,0.009783215866556505,0.00734585845192115,0.006694972014825051,0.0091617865918171,0.00869360892935478,0.007985155966455104,0.00841022457201146,0.00415580646092395,0.0
