,square,rectangle,parallelogram,losange,isoTrapezoid,kite,rightKite,rustedHinge,hinge,trapezoid,random
square,0.0,0.004915486456135487,0.011599438680270024,0.01794354903238704,0.003362057722957945,0.0030907064112062343,0.001803692374094945,0.00679433014652453,0.0061668819055984425,0.004936613183013194,0.010691758563703968
rectangle,0.004915486456135487,0.0,0.003709490728902476,0.009887081678938259,0.010307834875633692,0.006660793899378459,0.006057730423732477,0.005407938661606271,0.0033526308718861975,0.006363014062149341,0.01348522357534232
parallelogram,0.011599438680270024,0.003709490728902476,0.0,0.0024975489031962006,0.015532490896373097,0.013822843314429956,0.01185189469088821,0.007769228742367629,0.005096892507085782,0.006375499616600555,0.011090521927719532
losange,0.01794354903238704,0.009887081678938259,0.0024975489031962006,0.0,0.019749943839457162,0.0198475836369304,0.017475112893475142,0.011179835666855209,0.009004000336134688,0.008434540718193828,0.009278696158499855
isoTrapezoid,0.003362057722957945,0.010307834875633692,0.015532490896373097,0.019749943839457162,1.1102230246251565e-16,0.004043679961514668,0.0028522166659622483,0.010537420946047815,0.010545727417598072,0.0051217667431943115,0.008100752015990476
kite,0.0030907064112062343,0.006660793899378459,0.013822843314429956,0.0198475836369304,0.004043679961514668,0.0,0.0017737019338001092,0.01098252528257071,0.010515377029347794,0.009119467286041849,0.01431103560760627
rightKite,0.001803692374094945,0.006057730423732477,0.01185189469088821,0.017475112893475142,0.0028522166659622483,0.0017737019338001092,1.1102230246251565e-16,0.009576087685750356,0.008920401942550282,0.0051618174315852805,0.011221235304890831
rustedHinge,0.00679433014652453,0.005407938661606271,0.007769228742367629,0.011179835666855209,0.010537420946047815,0.01098252528257071,0.009576087685750356,0.0,0.0007141698883115222,0.007233239997036955,0.009920916221752063
hinge,0.0061668819055984425,0.0033526308718861975,0.005096892507085782,0.009004000336134688,0.010545727417598072,0.010515377029347794,0.008920401942550282,0.0007141698883115222,0.0,0.005948862956307921,0.009666528662871654
trapezoid,0.004936613183013194,0.006363014062149341,0.006375499616600555,0.008434540718193828,0.0051217667431943115,0.009119467286041849,0.0051618174315852805,0.007233239997036955,0.005948862956307921,0.0,0.0032198107262521036
random,0.010691758563703968,0.01348522357534232,0.011090521927719532,0.009278696158499855,0.008100752015990476,0.01431103560760627,0.011221235304890831,0.009920916221752063,0.009666528662871654,0.0032198107262521036,0.0
