,square,rectangle,parallelogram,losange,isoTrapezoid,kite,rightKite,rustedHinge,hinge,trapezoid,random
square,0.0,16.29809549556507,21.081370164051847,24.918008969698683,12.335656469186748,10.607092809822575,8.38640365597977,17.19442241238937,16.899911569390504,13.540139879515001,20.122852839821174
rectangle,16.29809549556507,0.0,11.571821447241327,18.76845377002663,22.619039930318714,17.903023876147337,17.360387163561064,14.122445083925783,11.1691191500465,17.70556063048133,24.247285843939252
parallelogram,21.081370164051847,11.571821447241327,0.0,11.575980126400948,24.877307321143764,22.44026313829397,20.943048248481382,16.10918096109587,13.251321546029633,17.570733258424383,22.62404431650062
losange,24.918008969698683,18.76845377002663,11.575980126400948,0.0,26.055167309487825,25.787085620182527,24.297353795597523,18.349959441375745,16.92362089747695,18.27335082256877,18.96691891747939
isoTrapezoid,12.335656469186748,22.619039930318714,24.877307321143764,26.055167309487825,0.0,13.157216053800884,11.688959172974197,21.855835936995927,22.298031736172085,14.266006462006063,17.718188687061637
kite,10.607092809822575,17.903023876147337,22.44026313829397,25.787085620182527,13.157216053800884,0.0,8.575378227273575,21.130087405953905,20.89925671860776,17.85225422887961,22.88040270678956
rightKite,8.38640365597977,17.360387163561064,20.943048248481382,24.297353795597523,11.688959172974197,8.575378227273575,0.0,19.718820451179155,19.37708027913363,13.550414065757499,20.720562251563383
rustedHinge,17.19442241238937,14.122445083925783,16.10918096109587,18.349959441375745,21.855835936995927,21.130087405953905,19.718820451179155,0.0,5.224043508313432,17.35123483879595,20.44804725053556
hinge,16.899911569390504,11.1691191500465,13.251321546029633,16.92362089747695,22.298031736172085,20.89925671860776,19.37708027913363,5.224043508313432,0.0,16.518582654251617,20.724392947095
trapezoid,13.540139879515001,17.70556063048133,17.570733258424383,18.27335082256877,14.266006462006063,17.85225422887961,13.550414065757499,17.35123483879595,16.518582654251617,0.0,12.621029843698988
random,20.122852839821174,24.247285843939252,22.62404431650062,18.96691891747939,17.718188687061637,22.88040270678956,20.720562251563383,20.44804725053556,20.724392947095,12.621029843698988,0.0
