,square,rectangle,parallelogram,losange,isoTrapezoid,kite,rightKite,rustedHinge,hinge,trapezoid,random
square,0.0,169.9618305522163,216.25755321697812,256.4948653301772,126.94238346477746,109.81448752123832,87.38694157999596,175.57214668936697,171.75748914588002,139.7113376187985,198.2486288550595
rectangle,169.9618305522163,0.0,123.66276726551541,189.4770878471291,226.7480252772643,182.80461616396968,177.6872100419252,136.5834374140019,108.96112616134702,181.09980996485737,228.6914672160045
parallelogram,216.25755321697812,123.66276726551541,0.0,123.72173120352205,242.71260699068256,221.5759832780873,208.64479887684456,157.83653245450682,133.47168294800247,179.5665404043716,217.50379696365184
losange,256.4948653301772,189.4770878471291,123.72173120352205,0.0,256.2775152985215,249.86772908580122,243.48165844398238,176.58735799373366,169.6538780896747,193.94980946021647,184.74159485179203
isoTrapezoid,126.94238346477746,226.7480252772643,242.71260699068256,256.2775152985215,0.0,134.56518068020083,122.07300188756459,215.60305600409885,219.11054523622036,147.03537295632202,178.74276037815363
kite,109.81448752123832,182.80461616396968,221.5759832780873,249.86772908580122,134.56518068020083,0.0,90.89711172551952,200.60064228556323,199.53376188504427,178.7343057828506,215.74880293105176
rightKite,87.38694157999596,177.6872100419252,208.64479887684456,243.48165844398238,122.07300188756459,90.89711172551952,0.0,190.35421595967455,186.81156758762185,138.10627875231546,205.26720865110943
rustedHinge,175.57214668936697,136.5834374140019,157.83653245450682,176.58735799373366,215.60305600409885,200.60064228556323,190.35421595967455,0.0,49.171424088485445,174.95381449350504,189.30338503685462
hinge,171.75748914588002,108.96112616134702,133.47168294800247,169.6538780896747,219.11054523622036,199.53376188504427,186.81156758762185,49.171424088485445,0.0,169.9150861091357,195.6568237737986
trapezoid,139.7113376187985,181.09980996485737,179.5665404043716,193.94980946021647,147.03537295632202,178.7343057828506,138.10627875231546,174.95381449350504,169.9150861091357,0.0,129.19938556908147
random,198.2486288550595,228.6914672160045,217.50379696365184,184.74159485179203,178.74276037815363,215.74880293105176,205.26720865110943,189.30338503685462,195.6568237737986,129.19938556908147,0.0
