,square,rectangle,parallelogram,losange,isoTrapezoid,kite,rightKite,rustedHinge,hinge,trapezoid,random
square,0.0,0.008673071874977012,0.012104855171174211,0.0174867373568538,0.004564391155185699,0.0034480873174189686,0.0023168070985775113,0.00878087606233724,0.008575961593238923,0.005329872825300952,0.009561650840532177
rectangle,0.008673071874977012,1.1102230246251565e-16,0.004536155375182038,0.0090583468490113,0.013198254805271703,0.00949842822318725,0.009106678867018325,0.004351409278513518,0.0028533352749549046,0.009277700717361115,0.011982210552364703
parallelogram,0.012104855171174211,0.004536155375182038,0.0,0.005195660567078764,0.013877773923665626,0.012683835299042712,0.011258782617011076,0.006429322864535569,0.004961337131813792,0.009961171262038104,0.012373778367418264
losange,0.0174867373568538,0.0090583468490113,0.005195660567078764,0.0,0.015947379372385218,0.016127961632038113,0.01629740983599326,0.007566456784499631,0.007283018722111345,0.012836369275340709,0.01075171942394415
isoTrapezoid,0.004564391155185699,0.013198254805271703,0.013877773923665626,0.015947379372385218,2.220446049250313e-16,0.0053199433817465724,0.0047462723404061435,0.012116180933561704,0.012464004263666562,0.006306389002711632,0.008909005729133002
kite,0.0034480873174189686,0.00949842822318725,0.012683835299042712,0.016127961632038113,0.0053199433817465724,0.0,0.0025049309114471008,0.010303331469237342,0.010347388446160233,0.007980525562065965,0.010410188698612433
rightKite,0.0023168070985775113,0.009106678867018325,0.011258782617011076,0.01629740983599326,0.0047462723404061435,0.0025049309114471008,0.0,0.009289500926668803,0.009152235832193156,0.005500476470883919,0.010773509352954846
rustedHinge,0.00878087606233724,0.004351409278513518,0.006429322864535569,0.007566456784499631,0.012116180933561704,0.010303331469237342,0.009289500926668803,0.0,0.0007122818542256715,0.008847830917408261,0.00905339753436063
hinge,0.008575961593238923,0.0028533352749549046,0.004961337131813792,0.007283018722111345,0.012464004263666562,0.010347388446160233,0.009152235832193156,0.0007122818542256715,0.0,0.008565042891569563,0.009669198445633076
trapezoid,0.005329872825300952,0.009277700717361115,0.009961171262038104,0.012836369275340709,0.006306389002711632,0.007980525562065965,0.005500476470883919,0.008847830917408261,0.008565042891569563,0.0,0.0059187450554130105
random,0.009561650840532177,0.011982210552364703,0.012373778367418264,0.01075171942394415,0.008909005729133002,0.010410188698612433,0.010773509352954846,0.00905339753436063,0.009669198445633076,0.0059187450554130105,0.0
