,square,rectangle,parallelogram,losange,isoTrapezoid,kite,rightKite,rustedHinge,hinge,trapezoid,random
square,0.0,0.014813907693970174,0.0270403465915261,0.038913979784810926,0.009145917457689556,0.007445451008455173,0.00453944139609308,0.017502562468805993,0.016318810222967328,0.01205016486170385,0.02490245222021381
rectangle,0.014813907693970174,0.0,0.008587354984497697,0.02231976391253454,0.029978470102666965,0.019123421823547537,0.017682491042139037,0.012784086430685071,0.007907844457012647,0.018870585625684777,0.034948578493354754
parallelogram,0.0270403465915261,0.008587354984497697,1.1102230246251565e-16,0.007728813770269016,0.036975653473986236,0.03147392476058841,0.02693749668620915,0.016676317955936493,0.011117931545726933,0.0171774343808615,0.029679780525565747
losange,0.038913979784810926,0.02231976391253454,0.007728813770269016,0.0,0.04206548709529645,0.0414441205023266,0.03679905434845199,0.021950572214838315,0.01870958745599438,0.019617621178088296,0.02111618358778289
isoTrapezoid,0.009145917457689556,0.029978470102666965,0.036975653473986236,0.04206548709529645,1.1102230246251565e-16,0.010669202274225742,0.008095839850588593,0.028167269379570925,0.028839327452893637,0.013133013706511876,0.01965326522585087
kite,0.007445451008455173,0.019123421823547537,0.03147392476058841,0.0414441205023266,0.010669202274225742,0.0,0.004928763473217912,0.026809481155926407,0.026034573492327073,0.021662290092115177,0.03286107320134213
rightKite,0.00453944139609308,0.017682491042139037,0.02693749668620915,0.03679905434845199,0.008095839850588593,0.004928763473217912,0.0,0.023137759264596047,0.021967485529935105,0.012109181564608607,0.02667889994763384
rustedHinge,0.017502562468805993,0.012784086430685071,0.016676317955936493,0.021950572214838315,0.028167269379570925,0.026809481155926407,0.023137759264596047,0.0,0.0015677362498461855,0.017971178978552937,0.023512205782673767
hinge,0.016318810222967328,0.007907844457012647,0.011117931545726933,0.01870958745599438,0.028839327452893637,0.026034573492327073,0.021967485529935105,0.0015677362498461855,0.0,0.01600287300621661,0.024383298435220913
trapezoid,0.01205016486170385,0.018870585625684777,0.0171774343808615,0.019617621178088296,0.013133013706511876,0.021662290092115177,0.012109181564608607,0.017971178978552937,0.01600287300621661,0.0,0.008580340407667086
random,0.02490245222021381,0.034948578493354754,0.029679780525565747,0.02111618358778289,0.01965326522585087,0.03286107320134213,0.02667889994763384,0.023512205782673767,0.024383298435220913,0.008580340407667086,1.1102230246251565e-16
