,square,rectangle,parallelogram,losange,isoTrapezoid,kite,rightKite,rustedHinge,hinge,trapezoid,random
square,0.0,0.01140260224881684,0.020636565902723447,0.03062974574529065,0.00729815293266467,0.00602388252085817,0.0036753814344075986,0.01362485080022735,0.012688885602597177,0.009522147178515183,0.01983651355798033
rectangle,0.01140260224881684,0.0,0.007236417915968851,0.01794481082183419,0.022400540345766773,0.01488167778435201,0.01336712081656155,0.009642522132492504,0.006098498179486267,0.01475737797110288,0.02655946109469165
parallelogram,0.020636565902723447,0.007236417915968851,0.0,0.006723526001166769,0.027033657111133813,0.023800882705963256,0.020153996446501732,0.012415508728224167,0.008541002015660437,0.013040924935258658,0.021540073245311375
losange,0.03062974574529065,0.01794481082183419,0.006723526001166769,0.0,0.03139379552072852,0.03134403953635767,0.028377428386293202,0.01623247770951619,0.01431053713796615,0.01617283343057152,0.01566265278358825
isoTrapezoid,0.00729815293266467,0.022400540345766773,0.027033657111133813,0.03139379552072852,0.0,0.008231292188677242,0.006517732203833115,0.02145449295135493,0.02183915021542715,0.010172859823486147,0.015729905471798644
kite,0.00602388252085817,0.01488167778435201,0.023800882705963256,0.03134403953635767,0.008231292188677242,0.0,0.0038944244106016157,0.019931210780689268,0.019634302294396222,0.016759467266918127,0.025217039920901962
rightKite,0.0036753814344075986,0.01336712081656155,0.020153996446501732,0.028377428386293202,0.006517732203833115,0.0038944244106016157,1.1102230246251565e-16,0.017548708199528584,0.016655276347684045,0.009652030796467592,0.02122566529495651
rustedHinge,0.01362485080022735,0.009642522132492504,0.012415508728224167,0.01623247770951619,0.02145449295135493,0.019931210780689268,0.017548708199528584,1.1102230246251565e-16,0.001221217691460219,0.014299670604806969,0.017948442313665103
hinge,0.012688885602597177,0.006098498179486267,0.008541002015660437,0.01431053713796615,0.02183915021542715,0.019634302294396222,0.016655276347684045,0.001221217691460219,1.1102230246251565e-16,0.012775487448075773,0.018568573299310387
trapezoid,0.009522147178515183,0.01475737797110288,0.013040924935258658,0.01617283343057152,0.010172859823486147,0.016759467266918127,0.009652030796467592,0.014299670604806969,0.012775487448075773,0.0,0.007239380319234989
random,0.01983651355798033,0.02655946109469165,0.021540073245311375,0.01566265278358825,0.015729905471798644,0.025217039920901962,0.02122566529495651,0.017948442313665103,0.018568573299310387,0.007239380319234989,0.0
