,square,rectangle,parallelogram,losange,isoTrapezoid,kite,rightKite,rustedHinge,hinge,trapezoid,random
square,0.0,0.02071608577563544,0.024603763718950344,0.03666146450965846,0.010630839858270402,0.00684447315254233,0.005937313859664672,0.02334760777283773,0.020006819031821776,0.016697165783121415,0.04102473110423566
rectangle,0.02071608577563544,0.0,0.008279070471861716,0.026331523202460794,0.03484191261434344,0.02433515181536272,0.02245105111032042,0.019222146938256635,0.010110190980878841,0.023516100909156123,0.056931220194499144
parallelogram,0.024603763718950344,0.008279070471861716,1.1102230246251565e-16,0.010293752634071063,0.03452701428892202,0.02960152902873181,0.025267683857556067,0.0223864477081267,0.012646956199025894,0.016102237980708756,0.043395316020569896
losange,0.03666146450965846,0.026331523202460794,0.010293752634071063,0.0,0.03923378338238381,0.04205853038189389,0.037304581281722204,0.0349301269748028,0.02624261316319687,0.015757453060384452,0.028530563276449872
isoTrapezoid,0.010630839858270402,0.03484191261434344,0.03452701428892202,0.03923378338238381,0.0,0.013368398070290888,0.00876473403541711,0.029149772958661613,0.029755412850843155,0.015526184543996013,0.028971398374311508
kite,0.00684447315254233,0.02433515181536272,0.02960152902873181,0.04205853038189389,0.013368398070290888,0.0,0.0068153035712619214,0.031082223631341943,0.02781143656747065,0.025772079603823217,0.050797003424496445
rightKite,0.005937313859664672,0.02245105111032042,0.025267683857556067,0.037304581281722204,0.00876473403541711,0.0068153035712619214,0.0,0.020289681294101802,0.01982794585655312,0.016428455995678215,0.040655181862819356
rustedHinge,0.02334760777283773,0.019222146938256635,0.0223864477081267,0.0349301269748028,0.029149772958661613,0.031082223631341943,0.020289681294101802,0.0,0.003139349319612572,0.024538265177169505,0.044775430464143895
hinge,0.020006819031821776,0.010110190980878841,0.012646956199025894,0.02624261316319687,0.029755412850843155,0.02781143656747065,0.01982794585655312,0.003139349319612572,0.0,0.01922451070616138,0.04367015557574194
trapezoid,0.016697165783121415,0.023516100909156123,0.016102237980708756,0.015757453060384452,0.015526184543996013,0.025772079603823217,0.016428455995678215,0.024538265177169505,0.01922451070616138,0.0,0.014592724717717886
random,0.04102473110423566,0.056931220194499144,0.043395316020569896,0.028530563276449872,0.028971398374311508,0.050797003424496445,0.040655181862819356,0.044775430464143895,0.04367015557574194,0.014592724717717886,1.1102230246251565e-16
