,square,rectangle,parallelogram,losange,isoTrapezoid,kite,rightKite,rustedHinge,hinge,trapezoid,random
square,1.1102230246251565e-16,0.04943800472338067,0.10344590550204824,0.13843299693213285,0.07452015726860262,0.07045364255147779,0.07197850597076638,0.10482092285035993,0.09303549921192078,0.07634350010186863,0.1301805881860285
rectangle,0.04943800472338067,0.0,0.05256360773787594,0.09732495255003382,0.11914033624744191,0.09755401382544815,0.10381387206185977,0.10058719069967503,0.07940986650768511,0.09142771102537939,0.15388845815697272
parallelogram,0.10344590550204824,0.05256360773787594,0.0,0.030182524846516512,0.12313640189019215,0.12257544244646135,0.11695111133315717,0.10117291281771323,0.0828105105871737,0.0684512767833233,0.11961169615782452
losange,0.13843299693213285,0.09732495255003382,0.030182524846516512,0.0,0.1389746676637067,0.15240463213881328,0.14372990333648616,0.12271080848593474,0.11104357436793677,0.07574849409444817,0.10541903512401474
isoTrapezoid,0.07452015726860262,0.11914033624744191,0.12313640189019215,0.1389746676637067,0.0,0.046747667187347575,0.040677184341004646,0.10241006156793986,0.10020202746642481,0.045889707499022214,0.07250477237529507
kite,0.07045364255147779,0.09755401382544815,0.12257544244646135,0.15240463213881328,0.046747667187347575,0.0,0.022775941481966377,0.08889608678622374,0.079991148702521,0.0786304617414566,0.10741250397987623
rightKite,0.07197850597076638,0.10381387206185977,0.11695111133315717,0.14372990333648616,0.040677184341004646,0.022775941481966377,1.1102230246251565e-16,0.0838379565155446,0.07621805516916058,0.05428213188207032,0.0874229195021281
rustedHinge,0.10482092285035993,0.10058719069967503,0.10117291281771323,0.12271080848593474,0.10241006156793986,0.08889608678622374,0.0838379565155446,0.0,0.01236238147953539,0.08827969837816363,0.09787162411029171
hinge,0.09303549921192078,0.07940986650768511,0.0828105105871737,0.11104357436793677,0.10020202746642481,0.079991148702521,0.07621805516916058,0.01236238147953539,0.0,0.07776021333621663,0.09448261873472719
trapezoid,0.07634350010186863,0.09142771102537939,0.0684512767833233,0.07574849409444817,0.045889707499022214,0.0786304617414566,0.05428213188207032,0.08827969837816363,0.07776021333621663,0.0,0.040609426229565204
random,0.1301805881860285,0.15388845815697272,0.11961169615782452,0.10541903512401474,0.07250477237529507,0.10741250397987623,0.0874229195021281,0.09787162411029171,0.09448261873472719,0.040609426229565204,0.0
