,square,rectangle,parallelogram,losange,isoTrapezoid,kite,rightKite,rustedHinge,hinge,trapezoid,random
square,0.0,0.05153449736803217,0.07714676691043276,0.10917478904759015,0.03255121312328835,0.021633265025671422,0.01616007625218019,0.05679945547050924,0.05299211957871286,0.03900897036243933,0.07654156368576592
rectangle,0.05153449736803217,2.220446049250313e-16,0.028009541857645925,0.06552095189527307,0.09107645513470763,0.0585912829909262,0.055907692632691686,0.03554331094099816,0.0221318545329513,0.0614763769181923,0.10481457677422057
parallelogram,0.07714676691043276,0.028009541857645925,0.0,0.029545211458579246,0.09980418271256242,0.08377722980097313,0.07145480432115237,0.04894650313501314,0.03443415799719263,0.05309298830350384,0.08929143656780048
losange,0.10917478904759015,0.06552095189527307,0.029545211458579246,0.0,0.10820019452013752,0.10998372732057649,0.09929425251513269,0.06656747207558411,0.05805705564683916,0.05856754398634567,0.06631615441527305
isoTrapezoid,0.03255121312328835,0.09107645513470763,0.09980418271256242,0.10820019452013752,0.0,0.03342625143365119,0.02843851482814863,0.08641540942773973,0.08721534731389358,0.03709215715023495,0.05557569179041921
kite,0.021633265025671422,0.0585912829909262,0.08377722980097313,0.10998372732057649,0.03342625143365119,0.0,0.0164762239013303,0.0722753085152128,0.0701430065237637,0.05946576036692597,0.08901323296658759
rightKite,0.01616007625218019,0.055907692632691686,0.07145480432115237,0.09929425251513269,0.02843851482814863,0.0164762239013303,0.0,0.06509243138398879,0.06208814549451369,0.034952691910786204,0.07543684254371275
rustedHinge,0.05679945547050924,0.03554331094099816,0.04894650313501314,0.06656747207558411,0.08641540942773973,0.0722753085152128,0.06509243138398879,0.0,0.006159095080173205,0.06152877377952093,0.08162165011636857
hinge,0.05299211957871286,0.0221318545329513,0.03443415799719263,0.05805705564683916,0.08721534731389358,0.0701430065237637,0.06208814549451369,0.006159095080173205,0.0,0.05548391509343964,0.08184154744325023
trapezoid,0.03900897036243933,0.0614763769181923,0.05309298830350384,0.05856754398634567,0.03709215715023495,0.05946576036692597,0.034952691910786204,0.06152877377952093,0.05548391509343964,0.0,0.03238546590108493
random,0.07654156368576592,0.10481457677422057,0.08929143656780048,0.06631615441527305,0.05557569179041921,0.08901323296658759,0.07543684254371275,0.08162165011636857,0.08184154744325023,0.03238546590108493,0.0
