,square,rectangle,parallelogram,losange,isoTrapezoid,kite,rightKite,rustedHinge,hinge,trapezoid,random
square,0.0,0.05063431999402501,0.10891049429437116,0.16340286589211328,0.050452192425458287,0.04332058376139891,0.032856043425561254,0.08544795541167105,0.07078729235830461,0.0630027603713943,0.11268448903317707
rectangle,0.05063431999402501,0.0,0.06077939045300096,0.1342251735025326,0.11886061700486261,0.08229472490433432,0.07400607675182669,0.06891875317957641,0.04234983683496607,0.09232299796684884,0.15345810582484176
parallelogram,0.10891049429437116,0.06077939045300096,0.0,0.05169198783289697,0.14966578447657697,0.1454526596053788,0.11108499418647566,0.10772172432231397,0.07483632232710424,0.07247142565076048,0.1242010482911261
losange,0.16340286589211328,0.1342251735025326,0.05169198783289697,0.0,0.17213175314851648,0.1913027817543027,0.15521498273981038,0.14291710910334043,0.1249723874702896,0.07944288551463563,0.10090210388821264
isoTrapezoid,0.050452192425458287,0.11886061700486261,0.14966578447657697,0.17213175314851648,0.0,0.053043437582864894,0.044437210150500506,0.13926680336962838,0.1302783748065789,0.06285776283927391,0.08855539565198667
kite,0.04332058376139891,0.08229472490433432,0.1454526596053788,0.1913027817543027,0.053043437582864894,1.1102230246251565e-16,0.030004059478768164,0.13169683958875922,0.12183898624137002,0.11358106202298257,0.15565530112946313
rightKite,0.032856043425561254,0.07400607675182669,0.11108499418647566,0.15521498273981038,0.044437210150500506,0.030004059478768164,1.1102230246251565e-16,0.12397986597017363,0.10987712995966281,0.06332343356669612,0.12225519261829554
rustedHinge,0.08544795541167105,0.06891875317957641,0.10772172432231397,0.14291710910334043,0.13926680336962838,0.13169683958875922,0.12397986597017363,0.0,0.011007444983510362,0.11164551084590646,0.1312095313606455
hinge,0.07078729235830461,0.04234983683496607,0.07483632232710424,0.1249723874702896,0.1302783748065789,0.12183898624137002,0.10987712995966281,0.011007444983510362,0.0,0.09331289039407997,0.12177297377257268
trapezoid,0.0630027603713943,0.09232299796684884,0.07247142565076048,0.07944288551463563,0.06285776283927391,0.11358106202298257,0.06332343356669612,0.11164551084590646,0.09331289039407997,0.0,0.035871481383616066
random,0.11268448903317707,0.15345810582484176,0.1242010482911261,0.10090210388821264,0.08855539565198667,0.15565530112946313,0.12225519261829554,0.1312095313606455,0.12177297377257268,0.035871481383616066,0.0
