,square,rectangle,parallelogram,losange,isoTrapezoid,kite,rightKite,rustedHinge,hinge,trapezoid,random
square,0.0,0.06558855378119177,0.10056967429435004,0.14447851136952883,0.03769249490360527,0.0263002466925083,0.017984965772003147,0.07163089261020528,0.06869289769573461,0.043257442245440925,0.08730201843466445
rectangle,0.06558855378119177,0.0,0.03662980768532986,0.08290918605465725,0.11668143671762932,0.07635841642212449,0.07270982793400604,0.04247525862756618,0.02650919526113993,0.0772018276828017,0.12410405972689353
parallelogram,0.10056967429435004,0.03662980768532986,0.0,0.040625330926215786,0.133164063292042,0.11198274799964181,0.09620773074193645,0.0621599491458692,0.04485353993739649,0.07797007095374264,0.1172571667607154
losange,0.14447851136952883,0.08290918605465725,0.040625330926215786,0.0,0.1489557704027995,0.14751238077562834,0.1353710352852011,0.07608826147236025,0.06881141870360585,0.08862564942248008,0.08914590302829262
isoTrapezoid,0.03769249490360527,0.11668143671762932,0.133164063292042,0.1489557704027995,2.220446049250313e-16,0.04122800813117944,0.03700900060892298,0.1126110685474786,0.11492709127014888,0.049809048697803116,0.07374179461043495
kite,0.0263002466925083,0.07635841642212449,0.11198274799964181,0.14751238077562834,0.04122800813117944,2.220446049250313e-16,0.019236869405318324,0.09719556903157323,0.09541371833317758,0.07020875956705852,0.10758917713382299
rightKite,0.017984965772003147,0.07270982793400604,0.09620773074193645,0.1353710352852011,0.03700900060892298,0.019236869405318324,0.0,0.08728792057770807,0.08413703243309589,0.04265792553818615,0.09482645318623462
rustedHinge,0.07163089261020528,0.04247525862756618,0.0621599491458692,0.07608826147236025,0.1126110685474786,0.09719556903157323,0.08728792057770807,0.0,0.006986889512162531,0.07707343331743388,0.09541079848441658
hinge,0.06869289769573461,0.02650919526113993,0.04485353993739649,0.06881141870360585,0.11492709127014888,0.09541371833317758,0.08413703243309589,0.006986889512162531,2.220446049250313e-16,0.07188889141020938,0.0987647478543845
trapezoid,0.043257442245440925,0.0772018276828017,0.07797007095374264,0.08862564942248008,0.049809048697803116,0.07020875956705852,0.04265792553818615,0.07707343331743388,0.07188889141020938,2.220446049250313e-16,0.04326672219175909
random,0.08730201843466445,0.12410405972689353,0.1172571667607154,0.08914590302829262,0.07374179461043495,0.10758917713382299,0.09482645318623462,0.09541079848441658,0.0987647478543845,0.04326672219175909,2.220446049250313e-16
