,square,rectangle,parallelogram,losange,isoTrapezoid,kite,rightKite,rustedHinge,hinge,trapezoid,random
square,0.0,0.08074830170330516,0.16379835196197035,0.23418614782446656,0.1241478238239958,0.12732311956482023,0.13348879499007404,0.18898331581635763,0.16882525944940485,0.12409464609293563,0.22398069300374102
rectangle,0.08074830170330516,2.220446049250313e-16,0.08537086593152443,0.17232955139273487,0.20501664883021564,0.1709674746535097,0.1830822419292486,0.17463823820542834,0.13834265743412555,0.15530560916841696,0.26141055252559386
parallelogram,0.16379835196197035,0.08537086593152443,0.0,0.049925581217243,0.20404918320553878,0.19176284145869305,0.1852674515665097,0.1604015482655593,0.13081584157204262,0.11273015100062156,0.1945407916196381
losange,0.23418614782446656,0.17232955139273487,0.049925581217243,0.0,0.23192661373349355,0.23716426094203358,0.23041679934114434,0.1957105731060289,0.18036794899545194,0.1307832642403468,0.17618276859808946
isoTrapezoid,0.1241478238239958,0.20501664883021564,0.20404918320553878,0.23192661373349355,2.220446049250313e-16,0.07289909272256923,0.06504792935649084,0.1757096690734592,0.17524018027838395,0.07085018899791284,0.11366563086132053
kite,0.12732311956482023,0.1709674746535097,0.19176284145869305,0.23716426094203358,0.07289909272256923,0.0,0.033523722045659454,0.1391944672067832,0.12910348219988377,0.11781123829384499,0.15139229914286279
rightKite,0.13348879499007404,0.1830822419292486,0.1852674515665097,0.23041679934114434,0.06504792935649084,0.033523722045659454,0.0,0.13183993438707997,0.12341737676858511,0.08117076752530017,0.12425940284751813
rustedHinge,0.18898331581635763,0.17463823820542834,0.1604015482655593,0.1957105731060289,0.1757096690734592,0.1391944672067832,0.13183993438707997,0.0,0.017406337798911986,0.14514039586843985,0.1470382705344524
hinge,0.16882525944940485,0.13834265743412555,0.13081584157204262,0.18036794899545194,0.17524018027838395,0.12910348219988377,0.12341737676858511,0.017406337798911986,0.0,0.13234421019515907,0.14653433618841505
trapezoid,0.12409464609293563,0.15530560916841696,0.11273015100062156,0.1307832642403468,0.07085018899791284,0.11781123829384499,0.08117076752530017,0.14514039586843985,0.13234421019515907,0.0,0.06803505477424476
random,0.22398069300374102,0.26141055252559386,0.1945407916196381,0.17618276859808946,0.11366563086132053,0.15139229914286279,0.12425940284751813,0.1470382705344524,0.14653433618841505,0.06803505477424476,0.0
