,square,rectangle,parallelogram,losange,isoTrapezoid,kite,rightKite,rustedHinge,hinge,trapezoid,random
square,0.0,0.017124405134825937,0.04275227324680131,0.048801148998072086,0.028342624789220783,0.02684291640797276,0.02673961387071544,0.044264425652730144,0.04177021915396295,0.02823628951719892,0.048805169320289
rectangle,0.017124405134825937,0.0,0.024923247731054476,0.03823317090480205,0.045615750772665886,0.03889732879899399,0.03872767271613342,0.04197423422447666,0.03567647411264152,0.033461092766879474,0.058396774064256474
parallelogram,0.04275227324680131,0.024923247731054476,1.1102230246251565e-16,0.019107160208040153,0.053467843156694506,0.05546318013107976,0.051897901501446686,0.05344228423545194,0.046648416842768325,0.031653809904680696,0.055784895123794365
losange,0.048801148998072086,0.03823317090480205,0.019107160208040153,2.220446049250313e-16,0.05511922718704765,0.05801958689274511,0.053523940758699706,0.05251969759067898,0.048201320784148516,0.030084614224824557,0.04302765432653188
isoTrapezoid,0.028342624789220783,0.045615750772665886,0.053467843156694506,0.05511922718704765,1.1102230246251565e-16,0.0200724803523874,0.018392748401557024,0.04211048212469082,0.04442048175844637,0.01800635711855858,0.0264131232004281
kite,0.02684291640797276,0.03889732879899399,0.05546318013107976,0.05801958689274511,0.0200724803523874,0.0,0.009892194659132492,0.03572665621985005,0.03458222680271994,0.030962878333594235,0.04113652354524211
rightKite,0.02673961387071544,0.03872767271613342,0.051897901501446686,0.053523940758699706,0.018392748401557024,0.009892194659132492,1.1102230246251565e-16,0.03031875461685063,0.0299111904980508,0.021146158398167914,0.03328392652810597
rustedHinge,0.044264425652730144,0.04197423422447666,0.05344228423545194,0.05251969759067898,0.04211048212469082,0.03572665621985005,0.03031875461685063,1.1102230246251565e-16,0.005289152464132529,0.03775745268193276,0.04091455945765532
hinge,0.04177021915396295,0.03567647411264152,0.046648416842768325,0.048201320784148516,0.04442048175844637,0.03458222680271994,0.0299111904980508,0.005289152464132529,0.0,0.035009123596568936,0.04073287536181469
trapezoid,0.02823628951719892,0.033461092766879474,0.031653809904680696,0.030084614224824557,0.01800635711855858,0.030962878333594235,0.021146158398167914,0.03775745268193276,0.035009123596568936,1.1102230246251565e-16,0.015461011820966042
random,0.048805169320289,0.058396774064256474,0.055784895123794365,0.04302765432653188,0.0264131232004281,0.04113652354524211,0.03328392652810597,0.04091455945765532,0.04073287536181469,0.015461011820966042,1.1102230246251565e-16
