,square,rectangle,parallelogram,losange,isoTrapezoid,kite,rightKite,rustedHinge,hinge,trapezoid,random
square,1.1102230246251565e-16,0.05012844292068919,0.07956503972124074,0.11727047847334071,0.05064103959903099,0.0414039829885241,0.039266546885739495,0.07608382456952234,0.06854920965328115,0.057195029113925266,0.10727768401315896
rectangle,0.05012844292068919,0.0,0.03421250852668256,0.08596012212908088,0.11053280557071687,0.08056469886653173,0.07834962433357628,0.06492224387751955,0.045978326525503155,0.07586154496412323,0.14055271856475582
parallelogram,0.07956503972124074,0.03421250852668256,0.0,0.025979526170527678,0.10801333190031848,0.0929267295409596,0.0834311515150783,0.06511646493791912,0.04793752031415399,0.05241743247647157,0.10221636976098847
losange,0.11727047847334071,0.08596012212908088,0.025979526170527678,0.0,0.11894523076811114,0.12097752421407293,0.10980393099962493,0.09026328400955408,0.079412026490851,0.05517994823093131,0.07754551715224689
isoTrapezoid,0.05064103959903099,0.11053280557071687,0.10801333190031848,0.11894523076811114,0.0,0.03994789083267869,0.03032539357363706,0.09286288763787065,0.09494703843778496,0.03990384821491433,0.06067818569810002
kite,0.0414039829885241,0.08056469886653173,0.0929267295409596,0.12097752421407293,0.03994789083267869,1.1102230246251565e-16,0.017544721799756635,0.08192455549479671,0.07703505125048693,0.06766752756048311,0.09977529697609688
rightKite,0.039266546885739495,0.07834962433357628,0.0834311515150783,0.10980393099962493,0.03032539357363706,0.017544721799756635,1.1102230246251565e-16,0.07038456582884633,0.06803005796457784,0.040706260326438426,0.07984028753591588
rustedHinge,0.07608382456952234,0.06492224387751955,0.06511646493791912,0.09026328400955408,0.09286288763787065,0.08192455549479671,0.07038456582884633,0.0,0.007617389048375611,0.0681298069244739,0.09074175266831941
hinge,0.06854920965328115,0.045978326525503155,0.04793752031415399,0.079412026490851,0.09494703843778496,0.07703505125048693,0.06803005796457784,0.007617389048375611,1.1102230246251565e-16,0.06159288366304638,0.09108411298671115
trapezoid,0.057195029113925266,0.07586154496412323,0.05241743247647157,0.05517994823093131,0.03990384821491433,0.06766752756048311,0.040706260326438426,0.0681298069244739,0.06159288366304638,0.0,0.032103340855207496
random,0.10727768401315896,0.14055271856475582,0.10221636976098847,0.07754551715224689,0.06067818569810002,0.09977529697609688,0.07984028753591588,0.09074175266831941,0.09108411298671115,0.032103340855207496,1.1102230246251565e-16
