,square,rectangle,parallelogram,losange,isoTrapezoid,kite,rightKite,rustedHinge,hinge,trapezoid,random
square,1.1102230246251565e-16,0.0622404710451806,0.11405761925742197,0.15977305144058085,0.06679527291361564,0.06353485533593228,0.06108921967751557,0.10537982482776631,0.09603192448844655,0.07801731684889224,0.1353273497853542
rectangle,0.0622404710451806,2.220446049250313e-16,0.052084908719544964,0.11270029147576943,0.1345398749114447,0.10465866514332889,0.10586591546631108,0.0943824476093077,0.07010255101426532,0.10040913689468567,0.1728468813221321
parallelogram,0.11405761925742197,0.052084908719544964,0.0,0.03230110823273735,0.13971418500191424,0.13076654823109002,0.11825908784442307,0.10070873006122938,0.07760824986731085,0.07147500771838378,0.12984387543687592
losange,0.15977305144058085,0.11270029147576943,0.03230110823273735,0.0,0.154518901600893,0.1641668654591797,0.15012290528129457,0.12886248452641946,0.11461195731643825,0.0774806429456405,0.10709190729435525
isoTrapezoid,0.06679527291361564,0.1345398749114447,0.13971418500191424,0.154518901600893,0.0,0.05062660079906156,0.04006388296368346,0.12026194014693936,0.12300024330742676,0.051071487290295314,0.0766712328955399
kite,0.06353485533593228,0.10465866514332889,0.13076654823109002,0.1641668654591797,0.05062660079906156,0.0,0.0244543738881442,0.10361036143517999,0.09894165834925062,0.08962675387022523,0.12059441234163548
rightKite,0.06108921967751557,0.10586591546631108,0.11825908784442307,0.15012290528129457,0.04006388296368346,0.0244543738881442,0.0,0.09641372429492157,0.09248323688239724,0.054811272240628206,0.09673366104404602
rustedHinge,0.10537982482776631,0.0943824476093077,0.10070873006122938,0.12886248452641946,0.12026194014693936,0.10361036143517999,0.09641372429492157,2.220446049250313e-16,0.011206388771546894,0.09627564902764851,0.11263011639302867
hinge,0.09603192448844655,0.07010255101426532,0.07760824986731085,0.11461195731643825,0.12300024330742676,0.09894165834925062,0.09248323688239724,0.011206388771546894,2.220446049250313e-16,0.08785442977072999,0.11279355832190885
trapezoid,0.07801731684889224,0.10040913689468567,0.07147500771838378,0.0774806429456405,0.051071487290295314,0.08962675387022523,0.054811272240628206,0.09627564902764851,0.08785442977072999,0.0,0.04226367015290966
random,0.1353273497853542,0.1728468813221321,0.12984387543687592,0.10709190729435525,0.0766712328955399,0.12059441234163548,0.09673366104404602,0.11263011639302867,0.11279355832190885,0.04226367015290966,0.0
