,square,rectangle,parallelogram,losange,isoTrapezoid,kite,rightKite,rustedHinge,hinge,trapezoid,random
square,0.0,0.030775975191457805,0.06499816557029492,0.10463609813972341,0.049666439006949115,0.03462509333726371,0.028427343275233885,0.0701330435169808,0.05433421793871307,0.04419475757280433,0.0861088914144803
rectangle,0.030775975191457805,0.0,0.045411844735046114,0.09617768554043415,0.090996715700004,0.06176196251238697,0.05847715157069411,0.07411052360785475,0.04791580539913609,0.06560905020900165,0.11592104095000855
parallelogram,0.06499816557029492,0.045411844735046114,1.1102230246251565e-16,0.030844762389990454,0.09191390930112375,0.08366106899856895,0.07070651464550015,0.05900091154027698,0.03620633958623043,0.04242282413367493,0.07968707553448251
losange,0.10463609813972341,0.09617768554043415,0.030844762389990454,0.0,0.10361584738619034,0.11325719767502351,0.09687464204525531,0.06677389728014405,0.05738753758356341,0.05084925948404717,0.06119002121558248
isoTrapezoid,0.049666439006949115,0.090996715700004,0.09191390930112375,0.10361584738619034,0.0,0.042576778096240275,0.029014365771691697,0.07459847693931443,0.07181985002797964,0.039477858965439094,0.05945847926814707
kite,0.03462509333726371,0.06176196251238697,0.08366106899856895,0.11325719767502351,0.042576778096240275,0.0,0.014606598874891796,0.08622869680944367,0.07753036263058655,0.07024304894762745,0.10176915797584885
rightKite,0.028427343275233885,0.05847715157069411,0.07070651464550015,0.09687464204525531,0.029014365771691697,0.014606598874891796,0.0,0.07017258252450931,0.06383703388497863,0.04697659587103187,0.08209413892130968
rustedHinge,0.0701330435169808,0.07411052360785475,0.05900091154027698,0.06677389728014405,0.07459847693931443,0.08622869680944367,0.07017258252450931,0.0,0.009780077493123707,0.05790646251549991,0.07090049448219093
hinge,0.05433421793871307,0.04791580539913609,0.03620633958623043,0.05738753758356341,0.07181985002797964,0.07753036263058655,0.06383703388497863,0.009780077493123707,0.0,0.04477737806051685,0.06703479449646788
trapezoid,0.04419475757280433,0.06560905020900165,0.04242282413367493,0.05084925948404717,0.039477858965439094,0.07024304894762745,0.04697659587103187,0.05790646251549991,0.04477737806051685,0.0,0.024480684018475585
random,0.0861088914144803,0.11592104095000855,0.07968707553448251,0.06119002121558248,0.05945847926814707,0.10176915797584885,0.08209413892130968,0.07090049448219093,0.06703479449646788,0.024480684018475585,0.0
