,square,rectangle,parallelogram,losange,isoTrapezoid,kite,rightKite,rustedHinge,hinge,trapezoid,random
square,0.0,0.05366893051207189,0.06950823872795786,0.09909005100888435,0.032129235143671275,0.020315687556126116,0.013314010794756137,0.05384002260673515,0.05311931428206951,0.03257245207366599,0.06450340969981105
rectangle,0.05366893051207189,0.0,0.02774105892486689,0.059791324217139175,0.10165490456731141,0.061575173507415704,0.0578891738541184,0.029120209799594288,0.01829062297052153,0.05950666039901109,0.09591430066008211
parallelogram,0.06950823872795786,0.02774105892486689,0.0,0.029297337791986067,0.09887795369495944,0.07562429637693224,0.06533103418709063,0.041619412574580905,0.03196441814333317,0.0556777472406087,0.08583957960226618
losange,0.09909005100888435,0.059791324217139175,0.029297337791986067,0.0,0.10543536646730178,0.09627234392373585,0.09111032160481503,0.05212935025984522,0.04938305699526413,0.062377115312839515,0.06446826969162611
isoTrapezoid,0.032129235143671275,0.10165490456731141,0.09887795369495944,0.10543536646730178,1.1102230246251565e-16,0.034509264665431805,0.031480097133454676,0.09121776413582894,0.09554229923636981,0.04091868948455124,0.05668464127252615
kite,0.020315687556126116,0.061575173507415704,0.07562429637693224,0.09627234392373585,0.034509264665431805,0.0,0.014964250597097606,0.07178500634319396,0.07158273380185598,0.0478907123782264,0.07233362418725942
rightKite,0.013314010794756137,0.0578891738541184,0.06533103418709063,0.09111032160481503,0.031480097133454676,0.014964250597097606,0.0,0.0630150432478479,0.062191085088613374,0.03031954863948294,0.06861384149727068
rustedHinge,0.05384002260673515,0.029120209799594288,0.041619412574580905,0.05212935025984522,0.09121776413582894,0.07178500634319396,0.0630150432478479,0.0,0.005257177058663243,0.05621760133099141,0.07375659954760383
hinge,0.05311931428206951,0.01829062297052153,0.03196441814333317,0.04938305699526413,0.09554229923636981,0.07158273380185598,0.062191085088613374,0.005257177058663243,0.0,0.054349358773724155,0.0779480432927876
trapezoid,0.03257245207366599,0.05950666039901109,0.0556777472406087,0.062377115312839515,0.04091868948455124,0.0478907123782264,0.03031954863948294,0.05621760133099141,0.054349358773724155,1.1102230246251565e-16,0.03583341482866176
random,0.06450340969981105,0.09591430066008211,0.08583957960226618,0.06446826969162611,0.05668464127252615,0.07233362418725942,0.06861384149727068,0.07375659954760383,0.0779480432927876,0.03583341482866176,1.1102230246251565e-16
