,square,rectangle,parallelogram,losange,isoTrapezoid,kite,rightKite,rustedHinge,hinge,trapezoid,random
square,0.0,0.01879347580473678,0.04842516013616882,0.06998045228119287,0.02678889048919253,0.020203517286578543,0.021526415271208243,0.04159909505246184,0.033631487882645916,0.027876095813786916,0.05658325083011073
rectangle,0.01879347580473678,1.1102230246251565e-16,0.02129259752722701,0.04338563131314177,0.053336292373464045,0.03680948345273205,0.03648391146680541,0.031537958013547085,0.02528319382801214,0.030672594997462554,0.06199196128369899
parallelogram,0.04842516013616882,0.02129259752722701,0.0,0.011691085893800635,0.07002045878812979,0.05535621771050392,0.053887865674395186,0.03068376244825788,0.028125361916852554,0.03323964279691616,0.054172861240499914
losange,0.06998045228119287,0.04338563131314177,0.011691085893800635,0.0,0.08091571996108382,0.06949717777863873,0.06742498418263299,0.038872487136444644,0.03865562222258179,0.03674735368823401,0.04599999884619754
isoTrapezoid,0.02678889048919253,0.053336292373464045,0.07002045878812979,0.08091571996108382,0.0,0.014330432511764357,0.013644114676587993,0.05516631934434668,0.050272804739636245,0.02242739955151052,0.038047412384447976
kite,0.020203517286578543,0.03680948345273205,0.05535621771050392,0.06949717777863873,0.014330432511764357,0.0,0.005233495084192796,0.0397958980759433,0.03320388364013127,0.023094389282235506,0.04255277073932162
rightKite,0.021526415271208243,0.03648391146680541,0.053887865674395186,0.06742498418263299,0.013644114676587993,0.005233495084192796,1.1102230246251565e-16,0.03775288824156964,0.032077207848875466,0.016564156443272027,0.037310740936456366
rustedHinge,0.04159909505246184,0.031537958013547085,0.03068376244825788,0.038872487136444644,0.05516631934434668,0.0397958980759433,0.03775288824156964,0.0,0.004115527330914359,0.03474229782581917,0.047677993074696445
hinge,0.033631487882645916,0.02528319382801214,0.028125361916852554,0.03865562222258179,0.050272804739636245,0.03320388364013127,0.032077207848875466,0.004115527330914359,0.0,0.030275670388513864,0.043459505134462395
trapezoid,0.027876095813786916,0.030672594997462554,0.03323964279691616,0.03674735368823401,0.02242739955151052,0.023094389282235506,0.016564156443272027,0.03474229782581917,0.030275670388513864,0.0,0.017242043818602837
random,0.05658325083011073,0.06199196128369899,0.054172861240499914,0.04599999884619754,0.038047412384447976,0.04255277073932162,0.037310740936456366,0.047677993074696445,0.043459505134462395,0.017242043818602837,0.0
