,square,rectangle,parallelogram,losange,isoTrapezoid,kite,rightKite,rustedHinge,hinge,trapezoid,random
square,1.1102230246251565e-16,0.019581550212071974,0.04933957474673112,0.06418305470354846,0.015121840054158509,0.008911250505406754,0.00957403808103574,0.03297127856395177,0.025248102783904547,0.01715464859929572,0.04237125056932123
rectangle,0.019581550212071974,0.0,0.015147615911655588,0.028739719966282107,0.048682198436100776,0.028916604606409546,0.02648573345718963,0.01771798099538302,0.013194489251159958,0.018834923450818164,0.046664928863557886
parallelogram,0.04933957474673112,0.015147615911655588,0.0,0.007771957355686587,0.07742234246716817,0.055845397120937834,0.05330290468269816,0.022487727283290293,0.01992668202702208,0.03218843029719798,0.050442787042897286
losange,0.06418305470354846,0.028739719966282107,0.007771957355686587,0.0,0.0900334956872274,0.0698079103665672,0.06673246735620264,0.029450532593943146,0.027531992650782655,0.03620265275499612,0.044220399307632996
isoTrapezoid,0.015121840054158509,0.048682198436100776,0.07742234246716817,0.0900334956872274,0.0,0.011034345128730916,0.011348028703442758,0.0588972619029029,0.05062806359273819,0.023696931771294505,0.03760624622671804
kite,0.008911250505406754,0.028916604606409546,0.055845397120937834,0.0698079103665672,0.011034345128730916,1.1102230246251565e-16,0.003590253987858838,0.03789413038324252,0.030190317281970414,0.01891772979226436,0.03882891868095062
rightKite,0.00957403808103574,0.02648573345718963,0.05330290468269816,0.06673246735620264,0.011348028703442758,0.003590253987858838,0.0,0.03636830977523786,0.02954122751469579,0.012484906878806323,0.0339888460508061
rustedHinge,0.03297127856395177,0.01771798099538302,0.022487727283290293,0.029450532593943146,0.0588972619029029,0.03789413038324252,0.03636830977523786,1.1102230246251565e-16,0.002750006351600165,0.030067174564679555,0.04614812655420275
hinge,0.025248102783904547,0.013194489251159958,0.01992668202702208,0.027531992650782655,0.05062806359273819,0.030190317281970414,0.02954122751469579,0.002750006351600165,1.1102230246251565e-16,0.02365103950537084,0.03987814933556799
trapezoid,0.01715464859929572,0.018834923450818164,0.03218843029719798,0.03620265275499612,0.023696931771294505,0.01891772979226436,0.012484906878806323,0.030067174564679555,0.02365103950537084,1.1102230246251565e-16,0.0145616172852705
random,0.04237125056932123,0.046664928863557886,0.050442787042897286,0.044220399307632996,0.03760624622671804,0.03882891868095062,0.0339888460508061,0.04614812655420275,0.03987814933556799,0.0145616172852705,1.1102230246251565e-16
