,square,rectangle,parallelogram,losange,isoTrapezoid,kite,rightKite,rustedHinge,hinge,trapezoid,random
square,0.0,0.019418741326809652,0.04957281153785098,0.0678819162101425,0.02004817863668118,0.014060778798381635,0.015100182178355737,0.03697469532625808,0.028856999417077867,0.02195926634782941,0.0492232100488611
rectangle,0.019418741326809652,0.0,0.018182999639024033,0.03619693345189967,0.05068490722084107,0.032490186716540026,0.0312021851040567,0.02417647756834962,0.01842670645693023,0.02421654409448859,0.05395100785954898
parallelogram,0.04957281153785098,0.018182999639024033,0.0,0.009906644686957566,0.0754524885983,0.056626016854293026,0.05493069071495971,0.027296410785778602,0.024050014485019866,0.03335088592009128,0.053168632670021365
losange,0.0678819162101425,0.03619693345189967,0.009906644686957566,0.0,0.08805474602272068,0.0713718252293194,0.06916246125936798,0.03522426226962838,0.033419952240534734,0.03767886574316326,0.046286721294188204
isoTrapezoid,0.02004817863668118,0.05068490722084107,0.0754524885983,0.08805474602272068,0.0,0.012587490647454902,0.012278611721806332,0.05758229649412061,0.05035480353048816,0.023306082236435488,0.038415201337955396
kite,0.014060778798381635,0.032490186716540026,0.056626016854293026,0.0713718252293194,0.012587490647454902,0.0,0.004332045573370413,0.03916287085932468,0.03152266707119211,0.02115469635024858,0.04142025760180923
rightKite,0.015100182178355737,0.0312021851040567,0.05493069071495971,0.06916246125936798,0.012278611721806332,0.004332045573370413,0.0,0.03747062760210629,0.03088115775935496,0.014664737873685274,0.036441183697439095
rustedHinge,0.03697469532625808,0.02417647756834962,0.027296410785778602,0.03522426226962838,0.05758229649412061,0.03916287085932468,0.03747062760210629,0.0,0.0033655658953894996,0.03273067626665471,0.048145247470392505
hinge,0.028856999417077867,0.01842670645693023,0.024050014485019866,0.033419952240534734,0.05035480353048816,0.03152266707119211,0.03088115775935496,0.0033655658953894996,0.0,0.026736608220059743,0.042335887884933476
trapezoid,0.02195926634782941,0.02421654409448859,0.03335088592009128,0.03767886574316326,0.023306082236435488,0.02115469635024858,0.014664737873685274,0.03273067626665471,0.026736608220059743,0.0,0.016010947462788305
random,0.0492232100488611,0.05395100785954898,0.053168632670021365,0.046286721294188204,0.038415201337955396,0.04142025760180923,0.036441183697439095,0.048145247470392505,0.042335887884933476,0.016010947462788305,2.220446049250313e-16
