,square,rectangle,parallelogram,losange,isoTrapezoid,kite,rightKite,rustedHinge,hinge,trapezoid,random
square,0.0,0.020741719328197572,0.056532770144851585,0.08353088327220981,0.045012798041705326,0.034711729955434034,0.036520052780024015,0.05490666856204163,0.04554811661071145,0.04231747202217706,0.07603448734893792
rectangle,0.020741719328197572,0.0,0.03258929839496494,0.061981495986279334,0.07106220464017998,0.052236099764385036,0.05337038345989731,0.04904485040299866,0.0406716215330849,0.047808649965113914,0.08581938084782514
parallelogram,0.056532770144851585,0.03258929839496494,2.220446049250313e-16,0.016233264305343553,0.07681846547941784,0.06424345779171747,0.06451712906715812,0.04100419154443691,0.04044792135496267,0.03922926928176895,0.06593966058199507
losange,0.08353088327220981,0.061981495986279334,0.016233264305343553,2.220446049250313e-16,0.08571906126108397,0.07841807715235205,0.07785744132880024,0.04898628412407702,0.05242310601468214,0.04201823255365944,0.054884867962403106
isoTrapezoid,0.045012798041705326,0.07106220464017998,0.07681846547941784,0.08571906126108397,0.0,0.02159624853645803,0.020069982298371758,0.06086131932631189,0.060237234264692074,0.026160142056642854,0.04356788240772924
kite,0.034711729955434034,0.052236099764385036,0.06424345779171747,0.07841807715235205,0.02159624853645803,0.0,0.008587262177353394,0.046637106966167075,0.04052762018760159,0.030759450151621626,0.04966034216749593
rightKite,0.036520052780024015,0.05337038345989731,0.06451712906715812,0.07785744132880024,0.020069982298371758,0.008587262177353394,0.0,0.04448110298971841,0.039380880679069974,0.023612687311391434,0.044308647836379556
rustedHinge,0.05490666856204163,0.04904485040299866,0.04100419154443691,0.04898628412407702,0.06086131932631189,0.046637106966167075,0.04448110298971841,2.220446049250313e-16,0.00695000317203498,0.04217556141741152,0.05373143392316426
hinge,0.04554811661071145,0.0406716215330849,0.04044792135496267,0.05242310601468214,0.060237234264692074,0.04052762018760159,0.039380880679069974,0.00695000317203498,0.0,0.040663695016714074,0.05239190367290947
trapezoid,0.04231747202217706,0.047808649965113914,0.03922926928176895,0.04201823255365944,0.026160142056642854,0.030759450151621626,0.023612687311391434,0.04217556141741152,0.040663695016714074,0.0,0.022287945441719748
random,0.07603448734893792,0.08581938084782514,0.06593966058199507,0.054884867962403106,0.04356788240772924,0.04966034216749593,0.044308647836379556,0.05373143392316426,0.05239190367290947,0.022287945441719748,0.0
