,square,rectangle,parallelogram,losange,isoTrapezoid,kite,rightKite,rustedHinge,hinge,trapezoid,random
square,0.0,0.028936624080247664,0.061303442058174284,0.09646384138707864,0.02446308715540446,0.02371103927851037,0.01663467634645399,0.045612610273375154,0.039077434459479865,0.03136130320208874,0.05982661328007688
rectangle,0.028936624080247664,0.0,0.027496215036732385,0.06393355637727705,0.061262860483951576,0.04293761697816667,0.03969597348262255,0.034896038628991044,0.022664883451669393,0.04273746230424291,0.07464418388347105
parallelogram,0.061303442058174284,0.027496215036732385,0.0,0.02244435282593138,0.08537994556285344,0.08159363652897866,0.0669192843248263,0.04512965652369649,0.031083735861753392,0.03546126497899993,0.05785346478265674
losange,0.09646384138707864,0.06393355637727705,0.02244435282593138,2.220446049250313e-16,0.1081804162728085,0.11530570895984293,0.09990851898610742,0.06504506019177336,0.05508137698061344,0.04601476484279554,0.04825456814934148
isoTrapezoid,0.02446308715540446,0.061262860483951576,0.08537994556285344,0.1081804162728085,2.220446049250313e-16,0.025733403135788646,0.021668659136617197,0.06920312456950484,0.0679620283893333,0.036242291409877336,0.05380675526947354
kite,0.02371103927851037,0.04293761697816667,0.08159363652897866,0.11530570895984293,0.025733403135788646,0.0,0.013422786782362084,0.06849140007310695,0.06642878283649567,0.06090893820262622,0.0872370167093296
rightKite,0.01663467634645399,0.03969597348262255,0.0669192843248263,0.09990851898610742,0.021668659136617197,0.013422786782362084,2.220446049250313e-16,0.06261963666761872,0.05848816322961037,0.03678271829688917,0.06896789783624946
rustedHinge,0.045612610273375154,0.034896038628991044,0.04512965652369649,0.06504506019177336,0.06920312456950484,0.06849140007310695,0.06261963666761872,0.0,0.0049804517381799585,0.047077742203177286,0.056133605940637654
hinge,0.039077434459479865,0.022664883451669393,0.031083735861753392,0.05508137698061344,0.0679620283893333,0.06642878283649567,0.05848816322961037,0.0049804517381799585,0.0,0.03904731020462848,0.05284657632947243
trapezoid,0.03136130320208874,0.04273746230424291,0.03546126497899993,0.04601476484279554,0.036242291409877336,0.06090893820262622,0.03678271829688917,0.047077742203177286,0.03904731020462848,0.0,0.018658610301420353
random,0.05982661328007688,0.07464418388347105,0.05785346478265674,0.04825456814934148,0.05380675526947354,0.0872370167093296,0.06896789783624946,0.056133605940637654,0.05284657632947243,0.018658610301420353,2.220446049250313e-16
