,square,rectangle,parallelogram,losange,isoTrapezoid,kite,rightKite,rustedHinge,hinge,trapezoid,random
square,0.0,0.013423274115762829,0.01960942879048666,0.028780007162976795,0.008042239850568733,0.005360350815855619,0.0036562107462998483,0.014087028388582445,0.013441902623871016,0.008921839467594395,0.018034881531171276
rectangle,0.013423274115762829,0.0,0.006076237332813594,0.015192481689656923,0.022872862312375508,0.014766230514287493,0.014118323627098084,0.008440949178742274,0.0051925102627351505,0.015013747066796368,0.024523897667997896
parallelogram,0.01960942879048666,0.006076237332813594,1.1102230246251565e-16,0.007380309313659517,0.026006092749503495,0.020843560347729162,0.018334979151810482,0.01117527047903466,0.007747216692060688,0.014235753609311508,0.022438926189652042
losange,0.028780007162976795,0.015192481689656923,0.007380309313659517,1.1102230246251565e-16,0.02903605834048384,0.028213954178114453,0.02637785106544921,0.014625641840669501,0.012970407739273604,0.016493681467054988,0.016885892992241525
isoTrapezoid,0.008042239850568733,0.022872862312375508,0.026006092749503495,0.02903605834048384,1.1102230246251565e-16,0.008021209209097102,0.007049268882384663,0.02167973820445601,0.022086941985844488,0.009287490270996956,0.013647284956543215
kite,0.005360350815855619,0.014766230514287493,0.020843560347729162,0.028213954178114453,0.008021209209097102,0.0,0.0037665099322496953,0.018459173143638652,0.018002432392949186,0.013934278609508688,0.020938114660448925
rightKite,0.0036562107462998483,0.014118323627098084,0.018334979151810482,0.02637785106544921,0.007049268882384663,0.0037665099322496953,0.0,0.016510470921574205,0.01583707735999762,0.008480383177924988,0.01871334621541021
rustedHinge,0.014087028388582445,0.008440949178742274,0.01117527047903466,0.014625641840669501,0.02167973820445601,0.018459173143638652,0.016510470921574205,1.1102230246251565e-16,0.0014784737966967443,0.014486591277133254,0.018207533394998254
hinge,0.013441902623871016,0.0051925102627351505,0.007747216692060688,0.012970407739273604,0.022086941985844488,0.018002432392949186,0.01583707735999762,0.0014784737966967443,0.0,0.013350629470577857,0.018771414110497653
trapezoid,0.008921839467594395,0.015013747066796368,0.014235753609311508,0.016493681467054988,0.009287490270996956,0.013934278609508688,0.008480383177924988,0.014486591277133254,0.013350629470577857,0.0,0.008439841402498205
random,0.018034881531171276,0.024523897667997896,0.022438926189652042,0.016885892992241525,0.013647284956543215,0.020938114660448925,0.01871334621541021,0.018207533394998254,0.018771414110497653,0.008439841402498205,0.0
