,square,rectangle,parallelogram,losange,isoTrapezoid,kite,rightKite,rustedHinge,hinge,trapezoid,random
square,0.0,0.02729670115754701,0.07290691355079304,0.13810856992631226,0.03526376452963342,0.04202245093544499,0.026853974694086236,0.062378793648456,0.051503023867137454,0.04439288109997852,0.0863213763079893
rectangle,0.02729670115754701,0.0,0.03665206495098794,0.09662681335089784,0.06733322255389862,0.05595911702089229,0.04720594056637284,0.05002227861077124,0.03527629556707468,0.05045597422217807,0.09249850489072609
parallelogram,0.07290691355079304,0.03665206495098794,0.0,0.033677128904262,0.11272607915709065,0.1202555503863958,0.0966515521698621,0.05571660603318562,0.03781082606595587,0.03546262764968233,0.05957003644296632
losange,0.13810856992631226,0.09662681335089784,0.033677128904262,0.0,0.16739344417429936,0.1865139816126835,0.16140783408028636,0.09445703132757277,0.08099848827285994,0.05911615695791839,0.052585263098562596
isoTrapezoid,0.03526376452963342,0.06733322255389862,0.11272607915709065,0.16739344417429936,0.0,0.03332161718262605,0.029569027411896487,0.09409829124352476,0.0928722887716742,0.06386048385839227,0.0957680883698876
kite,0.04202245093544499,0.05595911702089229,0.1202555503863958,0.1865139816126835,0.03332161718262605,0.0,0.018431029963558387,0.10948081787794628,0.10887172648748533,0.10419790270529417,0.14654563207415217
rightKite,0.026853974694086236,0.04720594056637284,0.0966515521698621,0.16140783408028636,0.029569027411896487,0.018431029963558387,2.220446049250313e-16,0.09976203701907571,0.0933890012199795,0.06715271170756132,0.11620262099270318
rustedHinge,0.062378793648456,0.05002227861077124,0.05571660603318562,0.09445703132757277,0.09409829124352476,0.10948081787794628,0.09976203701907571,2.220446049250313e-16,0.006388581748382416,0.05785602275661883,0.06789878401414284
hinge,0.051503023867137454,0.03527629556707468,0.03781082606595587,0.08099848827285994,0.0928722887716742,0.10887172648748533,0.0933890012199795,0.006388581748382416,0.0,0.04459671200494275,0.060467512931952405
trapezoid,0.04439288109997852,0.05045597422217807,0.03546262764968233,0.05911615695791839,0.06386048385839227,0.10419790270529417,0.06715271170756132,0.05785602275661883,0.04459671200494275,0.0,0.021552196518022426
random,0.0863213763079893,0.09249850489072609,0.05957003644296632,0.052585263098562596,0.0957680883698876,0.14654563207415217,0.11620262099270318,0.06789878401414284,0.060467512931952405,0.021552196518022426,0.0
