,square,rectangle,parallelogram,losange,isoTrapezoid,kite,rightKite,rustedHinge,hinge,trapezoid,random
square,0.0,0.025519774151429142,0.03621157266256492,0.05216705500750807,0.016067870516762284,0.01119286632591987,0.007339949804758272,0.027315927062946943,0.026128466052929622,0.01733317316144889,0.035035071035988685
rectangle,0.025519774151429142,0.0,0.01449075063338423,0.03308710904128476,0.052084449136001854,0.03107217228617154,0.02888530984448412,0.016700878810365638,0.010509943039217817,0.030479886971201298,0.05172271492145686
parallelogram,0.03621157266256492,0.01449075063338423,1.1102230246251565e-16,0.014576927339374657,0.052581109071368815,0.04138063824273497,0.03493704220786631,0.023119110683304744,0.017044900173646682,0.02643688698712754,0.043678488443334995
losange,0.05216705500750807,0.03308710904128476,0.014576927339374657,1.1102230246251565e-16,0.05686346234920803,0.05306028866941803,0.04847778269128811,0.029444297264903496,0.027091513696483327,0.029788084840941087,0.03194508050542566
isoTrapezoid,0.016067870516762284,0.052084449136001854,0.052581109071368815,0.05686346234920803,0.0,0.017638849619624808,0.015443232330331957,0.047594601382284774,0.04909834190970774,0.021107389203652516,0.03047978316484179
kite,0.01119286632591987,0.03107217228617154,0.04138063824273497,0.05306028866941803,0.017638849619624808,0.0,0.007844187037158501,0.038426470088887,0.03785910715428209,0.027337442551591762,0.041679225493177374
rightKite,0.007339949804758272,0.02888530984448412,0.03493704220786631,0.04847778269128811,0.015443232330331957,0.007844187037158501,0.0,0.03368211439559654,0.032619261691879564,0.016762535561208214,0.037726598026165625
rustedHinge,0.027315927062946943,0.016700878810365638,0.023119110683304744,0.029444297264903496,0.047594601382284774,0.038426470088887,0.03368211439559654,1.1102230246251565e-16,0.0026524010062592973,0.029481114158116606,0.038385641363193224
hinge,0.026128466052929622,0.010509943039217817,0.017044900173646682,0.027091513696483327,0.04909834190970774,0.03785910715428209,0.032619261691879564,0.0026524010062592973,0.0,0.027464027006667058,0.04000612868520381
trapezoid,0.01733317316144889,0.030479886971201298,0.02643688698712754,0.029788084840941087,0.021107389203652516,0.027337442551591762,0.016762535561208214,0.029481114158116606,0.027464027006667058,0.0,0.017041247188090858
random,0.035035071035988685,0.05172271492145686,0.043678488443334995,0.03194508050542566,0.03047978316484179,0.041679225493177374,0.037726598026165625,0.038385641363193224,0.04000612868520381,0.017041247188090858,0.0
