,square,rectangle,parallelogram,losange,isoTrapezoid,kite,rightKite,rustedHinge,hinge,trapezoid,random
square,0.0,0.01418121605327527,0.09011414500446258,0.11226010072886161,0.10006363278868569,0.11410229169984243,0.11232192215411074,0.13890165704144497,0.11836078164485164,0.09068487876121778,0.1515229114351101
rectangle,0.01418121605327527,0.0,0.08431038987396566,0.11043217198153121,0.1187996334060829,0.12299438490621206,0.123080732414247,0.1402094592627935,0.11557015799555748,0.09956502033883208,0.1604029065386865
parallelogram,0.09011414500446258,0.08431038987396566,0.0,0.01642947998298916,0.08366763854905135,0.09985155580974892,0.10517522846117733,0.10990110428091637,0.08585208409444423,0.05185147564017811,0.10800349159373657
losange,0.11226010072886161,0.11043217198153121,0.01642947998298916,0.0,0.08360702876798332,0.09767006160061853,0.10195532630282644,0.10315540682129198,0.08588257383953724,0.0494267783348048,0.08533193223490798
isoTrapezoid,0.10006363278868569,0.1187996334060829,0.08366763854905135,0.08360702876798332,0.0,0.03665378126769647,0.03411237860739191,0.06897505494681933,0.062484339637672415,0.02743350594957561,0.04721939386051688
kite,0.11410229169984243,0.12299438490621206,0.09985155580974892,0.09767006160061853,0.03665378126769647,1.1102230246251565e-16,0.009969207355933207,0.045588803683104695,0.03398857456989046,0.05033705122447474,0.03757313955513486
rightKite,0.11232192215411074,0.123080732414247,0.10517522846117733,0.10195532630282644,0.03411237860739191,0.009969207355933207,0.0,0.035108940852172865,0.031155010668208583,0.050617933964551054,0.037709160546169795
rustedHinge,0.13890165704144497,0.1402094592627935,0.10990110428091637,0.10315540682129198,0.06897505494681933,0.045588803683104695,0.035108940852172865,0.0,0.010393329364777437,0.07859474416134349,0.05374317857843092
hinge,0.11836078164485164,0.11557015799555748,0.08585208409444423,0.08588257383953724,0.062484339637672415,0.03398857456989046,0.031155010668208583,0.010393329364777437,0.0,0.06266834502804997,0.04300597162198516
trapezoid,0.09068487876121778,0.09956502033883208,0.05185147564017811,0.0494267783348048,0.02743350594957561,0.05033705122447474,0.050617933964551054,0.07859474416134349,0.06266834502804997,0.0,0.04227592169692962
random,0.1515229114351101,0.1604029065386865,0.10800349159373657,0.08533193223490798,0.04721939386051688,0.03757313955513486,0.037709160546169795,0.05374317857843092,0.04300597162198516,0.04227592169692962,1.1102230246251565e-16
