,square,rectangle,parallelogram,losange,isoTrapezoid,kite,rightKite,rustedHinge,hinge,trapezoid,random
square,0.0,0.0007470116446087749,0.0033906529596980928,0.0043223644724100785,0.0027259120471665454,0.0030723127257817895,0.00287387222640334,0.003511073812371701,0.0032923414742220825,0.0030364790844736866,0.004509511495838114
rectangle,0.0007470116446087749,0.0,0.0028326712180727354,0.003995174618477759,0.003489938810536053,0.0034240594789159973,0.0032696522858444155,0.003345677528496349,0.0029847783144215656,0.0033513572425716287,0.004893365040470998
parallelogram,0.0033906529596980928,0.0028326712180727354,0.0,0.0009149747971514133,0.003075015972195505,0.003461061598182269,0.0033114977731227846,0.0030999303802334843,0.0025791063109720236,0.0019928052937900897,0.0035454196485208422
losange,0.0043223644724100785,0.003995174618477759,0.0009149747971514133,0.0,0.0034847978472953844,0.003961279435065412,0.0037756240564611465,0.0034594543229096164,0.0031012240196519603,0.0020531241124954747,0.0028915078035529618
isoTrapezoid,0.0027259120471665454,0.003489938810536053,0.003075015972195505,0.0034847978472953844,0.0,0.0013569815701121035,0.0011909633533369046,0.002653496825792634,0.0024996542532935706,0.0012442028986396902,0.0020265079420994647
kite,0.0030723127257817895,0.0034240594789159973,0.003461061598182269,0.003961279435065412,0.0013569815701121035,0.0,0.0005644051223783197,0.0022982461365921303,0.0020682258221957905,0.0022758239063735974,0.002642131025247685
rightKite,0.00287387222640334,0.0032696522858444155,0.0033114977731227846,0.0037756240564611465,0.0011909633533369046,0.0005644051223783197,0.0,0.0020169821257939313,0.0018615568405764282,0.0017995902088290272,0.0022482690958434137
rustedHinge,0.003511073812371701,0.003345677528496349,0.0030999303802334843,0.0034594543229096164,0.002653496825792634,0.0022982461365921303,0.0020169821257939313,0.0,0.0002927490409344591,0.0027200268291307506,0.002521664297332915
hinge,0.0032923414742220825,0.0029847783144215656,0.0025791063109720236,0.0031012240196519603,0.0024996542532935706,0.0020682258221957905,0.0018615568405764282,0.0002927490409344591,0.0,0.002383375880616101,0.002237900506564916
trapezoid,0.0030364790844736866,0.0033513572425716287,0.0019928052937900897,0.0020531241124954747,0.0012442028986396902,0.0022758239063735974,0.0017995902088290272,0.0027200268291307506,0.002383375880616101,0.0,0.001423461768688683
random,0.004509511495838114,0.004893365040470998,0.0035454196485208422,0.0028915078035529618,0.0020265079420994647,0.002642131025247685,0.0022482690958434137,0.002521664297332915,0.002237900506564916,0.001423461768688683,0.0
