,square,rectangle,parallelogram,losange,isoTrapezoid,kite,rightKite,rustedHinge,hinge,trapezoid,random
square,0.0,2.1576906848785882e-05,4.516722090830427e-05,7.028862182401063e-05,1.71388655989535e-05,1.665597094180349e-05,1.3094428062299102e-05,3.307059746515684e-05,2.747638733613389e-05,2.3913993226654107e-05,4.6159738118944915e-05
rectangle,2.1576906848785882e-05,0.0,2.2090415042863576e-05,5.221415044875943e-05,4.915208971112417e-05,3.4568501571796695e-05,3.227115875603648e-05,2.756887697363819e-05,1.637710172242013e-05,3.6043657377970995e-05,6.5688492338567e-05
parallelogram,4.516722090830427e-05,2.2090415042863576e-05,1.1102230246251565e-16,1.6819204276430355e-05,6.081087269638186e-05,5.354895647313729e-05,4.2999178733516e-05,3.460137034927424e-05,2.4491275465887696e-05,2.709768207975749e-05,4.939317500241014e-05
losange,7.028862182401063e-05,5.221415044875943e-05,1.6819204276430355e-05,0.0,7.382934898381155e-05,7.128482797724711e-05,6.0547075225292346e-05,4.547411586819372e-05,4.156718535053283e-05,3.246740439666329e-05,3.7761165141203534e-05
isoTrapezoid,1.71388655989535e-05,4.915208971112417e-05,6.081087269638186e-05,7.382934898381155e-05,0.0,2.037902901419475e-05,1.7577958307812835e-05,5.325397005484511e-05,5.0699218347993735e-05,2.4128136380419107e-05,3.6301652049708366e-05
kite,1.665597094180349e-05,3.4568501571796695e-05,5.354895647313729e-05,7.128482797724711e-05,2.037902901419475e-05,1.1102230246251565e-16,9.637343413526622e-06,4.5718047999687705e-05,4.3978857356963275e-05,3.794144793978216e-05,5.5739659714726386e-05
rightKite,1.3094428062299102e-05,3.227115875603648e-05,4.2999178733516e-05,6.0547075225292346e-05,1.7577958307812835e-05,9.637343413526622e-06,1.1102230246251565e-16,4.221383715274918e-05,3.926010630006527e-05,2.092932487018917e-05,4.3985481405495186e-05
rustedHinge,3.307059746515684e-05,2.756887697363819e-05,3.460137034927424e-05,4.547411586819372e-05,5.325397005484511e-05,4.5718047999687705e-05,4.221383715274918e-05,1.1102230246251565e-16,3.991755592180901e-06,3.757924128966472e-05,4.632786774494413e-05
hinge,2.747638733613389e-05,1.637710172242013e-05,2.4491275465887696e-05,4.156718535053283e-05,5.0699218347993735e-05,4.3978857356963275e-05,3.926010630006527e-05,3.991755592180901e-06,1.1102230246251565e-16,3.25935353756579e-05,4.663113163505539e-05
trapezoid,2.3913993226654107e-05,3.6043657377970995e-05,2.709768207975749e-05,3.246740439666329e-05,2.4128136380419107e-05,3.794144793978216e-05,2.092932487018917e-05,3.757924128966472e-05,3.25935353756579e-05,0.0,1.5153237539422548e-05
random,4.6159738118944915e-05,6.5688492338567e-05,4.939317500241014e-05,3.7761165141203534e-05,3.6301652049708366e-05,5.5739659714726386e-05,4.3985481405495186e-05,4.632786774494413e-05,4.663113163505539e-05,1.5153237539422548e-05,0.0
