,square,rectangle,parallelogram,losange,isoTrapezoid,kite,rightKite,rustedHinge,hinge,trapezoid,random
square,0.0,9.8157348103034e-05,0.000247104477754001,0.00037933017879088204,0.0001388318017762069,0.00014973777544990963,0.00014040292980677105,0.0002297144333628376,0.00019534313711278006,0.0001723960027230076,0.0003101058880646823
rectangle,9.8157348103034e-05,0.0,0.00014093077181631664,0.0003015390017836461,0.0002823752735418017,0.00022784412193388448,0.00022494972559028437,0.00020239399615806786,0.00014504843845486448,0.00022703134389578938,0.00039426987288193605
parallelogram,0.000247104477754001,0.00014093077181631664,0.0,9.561886675413245e-05,0.0003396082474809159,0.0003378944682256302,0.0002870322445824858,0.00025493794936204406,0.00019560090071890635,0.00017057173100820666,0.0003013980712621711
losange,0.00037933017879088204,0.0003015390017836461,9.561886675413245e-05,0.0,0.00039565485587989,0.0004252525887101788,0.0003707904573081455,0.0003207849683799502,0.0002877022747185265,0.00019102461319930875,0.00023940485303386438
isoTrapezoid,0.0001388318017762069,0.0002823752735418017,0.0003396082474809159,0.00039565485587989,0.0,0.0001342749188849579,0.00011793656158298749,0.00032109665975643686,0.00031023346378578065,0.00013397584928331874,0.00021022021758143605
kite,0.00014973777544990963,0.00022784412193388448,0.0003378944682256302,0.0004252525887101788,0.0001342749188849579,0.0,6.200771774689251e-05,0.0002916785597169014,0.0002755528734199597,0.00025543153893126114,0.0003316257104141185
rightKite,0.00014040292980677105,0.00022494972559028437,0.0002870322445824858,0.0003707904573081455,0.00011793656158298749,6.200771774689251e-05,0.0,0.0002756584725903677,0.00025641564321676746,0.00015602768413303103,0.00026222358448069194
rustedHinge,0.0002297144333628376,0.00020239399615806786,0.00025493794936204406,0.0003207849683799502,0.00032109665975643686,0.0002916785597169014,0.0002756584725903677,0.0,2.6296393655700356e-05,0.0002720090345545989,0.0002880945410999036
hinge,0.00019534313711278006,0.00014504843845486448,0.00019560090071890635,0.0002877022747185265,0.00031023346378578065,0.0002755528734199597,0.00025641564321676746,2.6296393655700356e-05,0.0,0.00024284626711335022,0.00027476517902980113
trapezoid,0.0001723960027230076,0.00022703134389578938,0.00017057173100820666,0.00019102461319930875,0.00013397584928331874,0.00025543153893126114,0.00015602768413303103,0.0002720090345545989,0.00024284626711335022,0.0,0.00010335674800376893
random,0.0003101058880646823,0.00039426987288193605,0.0003013980712621711,0.00023940485303386438,0.00021022021758143605,0.0003316257104141185,0.00026222358448069194,0.0002880945410999036,0.00027476517902980113,0.00010335674800376893,1.1102230246251565e-16
