,square,rectangle,parallelogram,losange,isoTrapezoid,kite,rightKite,rustedHinge,hinge,trapezoid,random
square,0.0,0.00018447332753468437,0.0005072640342371759,0.0007551844519342321,0.00035868342362022076,0.00038187366515973764,0.00035827468327875867,0.000509909937827735,0.0004374122710497641,0.0004217691001063839,0.0007078302491819732
rectangle,0.00018447332753468437,0.0,0.00031262126495523734,0.0006186976826034751,0.0006209296081581828,0.0005196672957755721,0.0005093939494311694,0.00045853379949700734,0.000343267525130142,0.0005240519398006516,0.000857755401905469
parallelogram,0.0005072640342371759,0.00031262126495523734,0.0,0.0001928644145150482,0.0006921135181784388,0.0006802478264607004,0.000603010621126332,0.0005324472227904442,0.00041822256517765055,0.00037603768184868436,0.000643484373240466
losange,0.0007551844519342321,0.0006186976826034751,0.0001928644145150482,0.0,0.0007798134470300422,0.0008238468545979094,0.0007428145707241152,0.0006458909402303759,0.000581737319852671,0.00040003041612091117,0.0005042559235498567
isoTrapezoid,0.00035868342362022076,0.0006209296081581828,0.0006921135181784388,0.0007798134470300422,0.0,0.00028629513353262137,0.0002447549609723154,0.000646801836198585,0.0006330734317374631,0.0002727754459005416,0.00042580113213552817
kite,0.00038187366515973764,0.0005196672957755721,0.0006802478264607004,0.0008238468545979094,0.00028629513353262137,0.0,0.00012499469048277145,0.0005911067844369677,0.0005561442658327254,0.0005190139425500506,0.0006577732267990521
rightKite,0.00035827468327875867,0.0005093939494311694,0.000603010621126332,0.0007428145707241152,0.0002447549609723154,0.00012499469048277145,0.0,0.0005484110816481591,0.0005132666640226269,0.0003318266371119538,0.0005316337691376738
rustedHinge,0.000509909937827735,0.00045853379949700734,0.0005324472227904442,0.0006458909402303759,0.000646801836198585,0.0005911067844369677,0.0005484110816481591,0.0,5.775344940561755e-05,0.0005766085621163874,0.0005842989157939238
hinge,0.0004374122710497641,0.000343267525130142,0.00041822256517765055,0.000581737319852671,0.0006330734317374631,0.0005561442658327254,0.0005132666640226269,5.775344940561755e-05,0.0,0.0005203647855380744,0.0005590531865398152
trapezoid,0.0004217691001063839,0.0005240519398006516,0.00037603768184868436,0.00040003041612091117,0.0002727754459005416,0.0005190139425500506,0.0003318266371119538,0.0005766085621163874,0.0005203647855380744,0.0,0.0002306119913854099
random,0.0007078302491819732,0.000857755401905469,0.000643484373240466,0.0005042559235498567,0.00042580113213552817,0.0006577732267990521,0.0005316337691376738,0.0005842989157939238,0.0005590531865398152,0.0002306119913854099,0.0
