,square,rectangle,parallelogram,losange,isoTrapezoid,kite,rightKite,rustedHinge,hinge,trapezoid,random
square,0.0,0.027742157181091853,0.04018302871931312,0.05938472449240306,0.018120819310303404,0.012872234531352666,0.009027293189499686,0.03145557623545703,0.029301759752899725,0.0201867902517896,0.03978292422661878
rectangle,0.027742157181091853,0.0,0.017227118524238194,0.03899062474682735,0.056479830374900564,0.03470779214523445,0.03254368398330365,0.019798834930361164,0.01232943468558556,0.03489304353662115,0.05782280960049313
parallelogram,0.04018302871931312,0.017227118524238194,0.0,0.01911040271110842,0.0581453617073705,0.04764685309574401,0.03940962874864662,0.028841607801224245,0.021012035405309937,0.030351039839765837,0.0505110428009824
losange,0.05938472449240306,0.03899062474682735,0.01911040271110842,0.0,0.06381088952575686,0.06197488509749938,0.05619190909488325,0.03519618790012602,0.03242052407112117,0.03433640190001497,0.03690078481526249
isoTrapezoid,0.018120819310303404,0.056479830374900564,0.0581453617073705,0.06381088952575686,2.220446049250313e-16,0.020131522449549966,0.018228121296128053,0.054555239334088124,0.054850968862346305,0.023845260154243264,0.035045816446681255
kite,0.012872234531352666,0.03470779214523445,0.04764685309574401,0.06197488509749938,0.020131522449549966,0.0,0.00950589096624721,0.044822050036718464,0.043485617345257355,0.0325407423295343,0.04895078728790836
rightKite,0.009027293189499686,0.03254368398330365,0.03940962874864662,0.05619190909488325,0.018228121296128053,0.00950589096624721,0.0,0.04009090719415298,0.03804292341874638,0.019829701667301802,0.044396439492644824
rustedHinge,0.03145557623545703,0.019798834930361164,0.028841607801224245,0.03519618790012602,0.054555239334088124,0.044822050036718464,0.04009090719415298,0.0,0.003208170698673962,0.035997895624272136,0.04482321940342293
hinge,0.029301759752899725,0.01232943468558556,0.021012035405309937,0.03242052407112117,0.054850968862346305,0.043485617345257355,0.03804292341874638,0.003208170698673962,0.0,0.032864146078322554,0.04591680379788021
trapezoid,0.0201867902517896,0.03489304353662115,0.030351039839765837,0.03433640190001497,0.023845260154243264,0.0325407423295343,0.019829701667301802,0.035997895624272136,0.032864146078322554,0.0,0.019948121678032504
random,0.03978292422661878,0.05782280960049313,0.0505110428009824,0.03690078481526249,0.035045816446681255,0.04895078728790836,0.044396439492644824,0.04482321940342293,0.04591680379788021,0.019948121678032504,0.0
