,square,rectangle,parallelogram,losange,isoTrapezoid,kite,rightKite,rustedHinge,hinge,trapezoid,random
square,2.220446049250313e-16,0.06845987954609978,0.11651785446747387,0.13805072267148544,0.1451768493547303,0.13254023781480218,0.12705739256325033,0.20114752769666633,0.18146788865377117,0.1260233866794288,0.18314132353379065
rectangle,0.06845987954609978,0.0,0.140687646859191,0.18170627428335995,0.17917034101354323,0.161626786580222,0.15428822915864193,0.20179728909543448,0.17188075953110338,0.14919020029867425,0.20650879980605752
parallelogram,0.11651785446747387,0.140687646859191,0.0,0.02838023493994324,0.12687819537088108,0.10264096544494894,0.11676598176992536,0.1726890259322974,0.15212951091164517,0.06260257048141848,0.12470051249883896
losange,0.13805072267148544,0.18170627428335995,0.02838023493994324,2.220446049250313e-16,0.13854476053956977,0.11692972026228743,0.13054440880436946,0.18230485904193672,0.1690584659351133,0.07592852380174109,0.12220659798849687
isoTrapezoid,0.1451768493547303,0.17917034101354323,0.12687819537088108,0.13854476053956977,0.0,0.0783259886730916,0.06414200446285812,0.12177479995611762,0.11655523578986948,0.06693229823972424,0.07612715085168231
kite,0.13254023781480218,0.161626786580222,0.10264096544494894,0.11692972026228743,0.0783259886730916,0.0,0.02250797720593245,0.12269405255228749,0.10391632354509506,0.07044940445386527,0.07706344254733566
rightKite,0.12705739256325033,0.15428822915864193,0.11676598176992536,0.13054440880436946,0.06414200446285812,0.02250797720593245,0.0,0.11056542954464421,0.09742314043712419,0.06565828640069882,0.0822123883659025
rustedHinge,0.20114752769666633,0.20179728909543448,0.1726890259322974,0.18230485904193672,0.12177479995611762,0.12269405255228749,0.11056542954464421,0.0,0.02040222833860006,0.1502387032268817,0.12521168166719654
hinge,0.18146788865377117,0.17188075953110338,0.15212951091164517,0.1690584659351133,0.11655523578986948,0.10391632354509506,0.09742314043712419,0.02040222833860006,0.0,0.13485334398421012,0.11837420178547353
trapezoid,0.1260233866794288,0.14919020029867425,0.06260257048141848,0.07592852380174109,0.06693229823972424,0.07044940445386527,0.06565828640069882,0.1502387032268817,0.13485334398421012,0.0,0.058043923665607844
random,0.18314132353379065,0.20650879980605752,0.12470051249883896,0.12220659798849687,0.07612715085168231,0.07706344254733566,0.0822123883659025,0.12521168166719654,0.11837420178547353,0.058043923665607844,0.0
