,square,rectangle,parallelogram,losange,isoTrapezoid,kite,rightKite,rustedHinge,hinge,trapezoid,random
square,0.0,0.00243159371444579,0.0032847821979398173,0.004990205831880146,0.0014618565724484611,0.0010282255418628816,0.0006962748927831219,0.0025904191155510237,0.0024303429188170522,0.0016542848355294293,0.003139365247279202
rectangle,0.00243159371444579,2.220446049250313e-16,0.0013664783753409848,0.002938300031309904,0.0038864550944999188,0.002878619344897415,0.0027012978325319237,0.0014489214597203093,0.0009286826560883643,0.002800256749800223,0.0039785524545684625
parallelogram,0.0032847821979398173,0.0013664783753409848,0.0,0.001717510013471979,0.004050402254519803,0.0037342615134452473,0.003205887606581692,0.0021250461648807395,0.0016024359758440854,0.0027970682806255365,0.0038574580841619355
losange,0.004990205831880146,0.002938300031309904,0.001717510013471979,0.0,0.004685734535841313,0.0049663432036624044,0.00485709591849437,0.002530439760901948,0.0024079183095003787,0.003532590153384141,0.003121154492994438
isoTrapezoid,0.0014618565724484611,0.0038864550944999188,0.004050402254519803,0.004685734535841313,0.0,0.0015504989759668186,0.0014583382684839608,0.0037514805457329325,0.0037500300758029903,0.0018585751750707091,0.0028184324789833903
kite,0.0010282255418628816,0.002878619344897415,0.0037342615134452473,0.0049663432036624044,0.0015504989759668186,2.220446049250313e-16,0.0007806928586895356,0.0033624207951139518,0.0032914123688654318,0.0025755570657414184,0.003635282316126087
rightKite,0.0006962748927831219,0.0027012978325319237,0.003205887606581692,0.00485709591849437,0.0014583382684839608,0.0007806928586895356,2.220446049250313e-16,0.002989100707115333,0.002849544782192903,0.001723531500598896,0.0035236534950706666
rustedHinge,0.0025904191155510237,0.0014489214597203093,0.0021250461648807395,0.002530439760901948,0.0037514805457329325,0.0033624207951139518,0.002989100707115333,0.0,0.0002537254198075045,0.0027708128857435455,0.003084301931530531
hinge,0.0024303429188170522,0.0009286826560883643,0.0016024359758440854,0.0024079183095003787,0.0037500300758029903,0.0032914123688654318,0.002849544782192903,0.0002537254198075045,2.220446049250313e-16,0.0025806205322556064,0.003221250218100713
trapezoid,0.0016542848355294293,0.002800256749800223,0.0027970682806255365,0.003532590153384141,0.0018585751750707091,0.0025755570657414184,0.001723531500598896,0.0027708128857435455,0.0025806205322556064,0.0,0.0019330851929912907
random,0.003139365247279202,0.0039785524545684625,0.0038574580841619355,0.003121154492994438,0.0028184324789833903,0.003635282316126087,0.0035236534950706666,0.003084301931530531,0.003221250218100713,0.0019330851929912907,0.0
