,square,rectangle,parallelogram,losange,isoTrapezoid,kite,rightKite,rustedHinge,hinge,trapezoid,random
square,0.0,6.781786505978762,8.189368478228738,9.915544055167999,5.245183133497862,4.282418953347723,3.5372748266762017,6.939740838402299,6.782018240585315,5.522469962659767,7.8489362162480285
rectangle,6.781786505978762,0.0,4.5590944072704715,7.2047045940913215,8.84507284259874,7.106941875687813,6.950074043846203,5.372260266014105,4.2154085767982465,7.163238500920768,9.15225685619704
parallelogram,8.189368478228738,4.5590944072704715,0.0,5.016174597409787,9.422059487566916,8.435146343729835,7.912306075679219,6.1744688909905046,5.143631186717004,6.967659508450387,8.745339589211138
losange,9.915544055167999,7.2047045940913215,5.016174597409787,0.0,9.949941318006527,9.808038113717064,9.484814530990004,7.05936657396651,6.651685613831209,7.495270817092128,7.5816656603239085
isoTrapezoid,5.245183133497862,8.84507284259874,9.422059487566916,9.949941318006527,0.0,5.233083151577378,4.906436087784364,8.600590877196819,8.685454511143263,5.6283756970360415,6.820868908324234
kite,4.282418953347723,7.106941875687813,8.435146343729835,9.808038113717064,5.233083151577378,0.0,3.586434259132345,7.936078772755777,7.841314043065729,6.893987228623663,8.448443858642495
rightKite,3.5372748266762017,6.950074043846203,7.912306075679219,9.484814530990004,4.906436087784364,3.586434259132345,0.0,7.506505304328048,7.355552947933231,5.379025638477567,7.988138766811069
rustedHinge,6.939740838402299,5.372260266014105,6.1744688909905046,7.05936657396651,8.600590877196819,7.936078772755777,7.506505304328048,0.0,2.246824690505126,7.026937379460338,7.875666846852021
hinge,6.782018240585315,4.2154085767982465,5.143631186717004,6.651685613831209,8.685454511143263,7.841314043065729,7.355552947933231,2.246824690505126,0.0,6.749528631514965,8.001148204057348
trapezoid,5.522469962659767,7.163238500920768,6.967659508450387,7.495270817092128,5.6283756970360415,6.893987228623663,5.379025638477567,7.026937379460338,6.749528631514965,0.0,5.361065426577646
random,7.8489362162480285,9.15225685619704,8.745339589211138,7.5816656603239085,6.820868908324234,8.448443858642495,7.988138766811069,7.875666846852021,8.001148204057348,5.361065426577646,0.0
