,square,rectangle,parallelogram,losange,isoTrapezoid,kite,rightKite,rustedHinge,hinge,trapezoid,random
square,0.0,17.859268591579315,24.582966035393046,28.261160787013107,20.314516467262877,18.02625398507344,16.732550764510417,23.435269553176582,21.762845531747885,19.434776795207952,25.417203070064243
rectangle,17.859268591579315,0.0,19.820223626036857,26.311050786176036,25.62848113645592,21.683102335301857,21.233910464226653,23.478771966984723,19.65410489892674,21.88899276279,27.675903548737498
parallelogram,24.582966035393046,19.820223626036857,0.0,15.077774440201186,25.828656993254295,23.242036790531063,22.481932313929974,21.474884432753438,18.563599838828605,18.26639829299285,23.140778235462328
losange,28.261160787013107,26.311050786176036,15.077774440201186,0.0,26.993356853979453,26.22659715231886,25.481168748319167,22.959420073095522,21.96471130373772,19.885798579595637,20.904277936929063
isoTrapezoid,20.314516467262877,25.62848113645592,25.828656993254295,26.993356853979453,0.0,16.971238866670816,15.328517547392806,22.667752544248216,22.734982219169087,17.516312183497465,19.843608320694347
kite,18.02625398507344,21.683102335301857,23.242036790531063,26.22659715231886,16.971238866670816,0.0,10.770418466625463,21.99137421048187,20.956726056704213,19.60044793034228,23.556426793284167
rightKite,16.732550764510417,21.233910464226653,22.481932313929974,25.481168748319167,15.328517547392806,10.770418466625463,0.0,20.7327475731331,19.675868360691013,16.314979016481296,21.83707699062236
rustedHinge,23.435269553176582,23.478771966984723,21.474884432753438,22.959420073095522,22.667752544248216,21.99137421048187,20.7327475731331,0.0,9.389001250049228,20.164950424728445,21.171593504474927
hinge,21.762845531747885,19.65410489892674,18.563599838828605,21.96471130373772,22.734982219169087,20.956726056704213,19.675868360691013,9.389001250049228,0.0,18.633930889603548,21.234791506904475
trapezoid,19.434776795207952,21.88899276279,18.26639829299285,19.885798579595637,17.516312183497465,19.60044793034228,16.314979016481296,20.164950424728445,18.633930889603548,0.0,14.49043964995402
random,25.417203070064243,27.675903548737498,23.140778235462328,20.904277936929063,19.843608320694347,23.556426793284167,21.83707699062236,21.171593504474927,21.234791506904475,14.49043964995402,0.0
