,square,rectangle,parallelogram,losange,isoTrapezoid,kite,rightKite,rustedHinge,hinge,trapezoid,random
square,0.0,8.78215846343872,12.814762356292281,16.107745433603515,8.091982229985643,7.969187669616489,6.680564016654618,11.075891105776954,10.236079787457127,9.171024027246153,12.678566607176384
rectangle,8.78215846343872,0.0,8.558412246551269,13.077476119995826,12.767152249555904,10.692886582525412,10.291426326895508,9.663672659519627,7.77530879000793,10.67588261485051,14.121471608721857
parallelogram,12.814762356292281,8.558412246551269,0.0,7.768975602561235,15.113496818149251,14.779488538394599,13.395927239554213,11.014617009973449,9.127116198208876,9.749777823647953,12.464851957526541
losange,16.107745433603515,13.077476119995826,7.768975602561235,0.0,17.0472631742244,17.6053100053936,16.401068313431804,13.24891004723843,12.174631694181667,11.128899602163676,11.40639807354214
isoTrapezoid,8.091982229985643,12.767152249555904,15.113496818149251,17.0472631742244,0.0,8.296712079152254,7.620102688307794,13.634035575628479,13.490452745930797,9.85274400637591,12.016487298672349
kite,7.969187669616489,10.692886582525412,14.779488538394599,17.6053100053936,8.296712079152254,0.0,5.999381358297594,13.567996782467201,13.341774121616114,12.77692503165371,15.305158038774213
rightKite,6.680564016654618,10.291426326895508,13.395927239554213,16.401068313431804,7.620102688307794,5.999381358297594,0.0,12.983722105131159,12.529400886523469,9.937272074246573,13.619595170535643
rustedHinge,11.075891105776954,9.663672659519627,11.014617009973449,13.24891004723843,13.634035575628479,13.567996782467201,12.983722105131159,0.0,3.6620883837586784,11.255873767331558,12.30155041324882
hinge,10.236079787457127,7.77530879000793,9.127116198208876,12.174631694181667,13.490452745930797,13.341774121616114,12.529400886523469,3.6620883837586784,0.0,10.235556369455372,11.91859806834208
trapezoid,9.171024027246153,10.67588261485051,9.749777823647953,11.128899602163676,9.85274400637591,12.77692503165371,9.937272074246573,11.255873767331558,10.235556369455372,0.0,7.082984211234452
random,12.678566607176384,14.121471608721857,12.464851957526541,11.40639807354214,12.016487298672349,15.305158038774213,13.619595170535643,12.30155041324882,11.91859806834208,7.082984211234452,0.0
