,square,rectangle,parallelogram,losange,isoTrapezoid,kite,rightKite,rustedHinge,hinge,trapezoid,random
square,0.0,15.804516114423114,25.63714568974632,35.35847257127522,18.209633235104093,20.820963899083495,17.029984397403993,22.650297793862674,21.164292113576682,20.958076597996484,28.027859827231794
rectangle,15.804516114423114,0.0,16.786776307083294,28.185104664510693,23.862119288481875,22.409133784429848,20.691409543653347,20.410845704740396,17.185524434068515,20.791155519545715,27.224455116524016
parallelogram,25.63714568974632,16.786776307083294,0.0,16.968196970206524,31.042894878852135,32.99377243771161,30.48339705524349,21.805312626015162,17.488483891290592,16.912142770552844,22.02176610492844
losange,35.35847257127522,28.185104664510693,16.968196970206524,0.0,38.04669030099771,41.25098549149823,38.886647565297366,28.6949333886577,26.133857732688696,22.002537901287006,21.55858294248934
isoTrapezoid,18.209633235104093,23.862119288481875,31.042894878852135,38.04669030099771,0.0,19.22566498823751,17.22435467980992,26.923555190745766,27.12127097710492,23.910620551193517,28.363775271248258
kite,20.820963899083495,22.409133784429848,32.99377243771161,41.25098549149823,19.22566498823751,0.0,12.050157738803737,31.549949323334832,31.66582349966697,32.24651324039269,36.98603259240107
rightKite,17.029984397403993,20.691409543653347,30.48339705524349,38.886647565297366,17.22435467980992,12.050157738803737,0.0,29.97345609220232,29.456349228204115,27.722244329270072,33.99081495885052
rustedHinge,22.650297793862674,20.410845704740396,21.805312626015162,28.6949333886577,26.923555190745766,31.549949323334832,29.97345609220232,0.0,7.475803053695786,20.656825370435868,22.71981477889213
hinge,21.164292113576682,17.185524434068515,17.488483891290592,26.133857732688696,27.12127097710492,31.66582349966697,29.456349228204115,7.475803053695786,0.0,17.659165606039636,21.180557469092832
trapezoid,20.958076597996484,20.791155519545715,16.912142770552844,22.002537901287006,23.910620551193517,32.24651324039269,27.722244329270072,20.656825370435868,17.659165606039636,0.0,13.040962601893993
random,28.027859827231794,27.224455116524016,22.02176610492844,21.55858294248934,28.363775271248258,36.98603259240107,33.99081495885052,22.71981477889213,21.180557469092832,13.040962601893993,0.0
