,square,rectangle,parallelogram,losange,isoTrapezoid,kite,rightKite,rustedHinge,hinge,trapezoid,random
square,0.0,6.455791530571947,8.135156359068265,9.690925430551317,4.942956261470012,4.1674385649208805,3.4866174690966063,6.716078081469678,6.537193181195964,5.339490198289472,7.697050658289018
rectangle,6.455791530571947,0.0,4.498935184137034,7.146428871055003,8.661869032223821,6.868838550928601,6.766707063518454,5.375292897764408,4.229914923304375,6.898681095660194,9.133984945096561
parallelogram,8.135156359068265,4.498935184137034,0.0,4.715805738885166,9.443671685465137,8.464558847830293,7.971000459060137,6.2043276148174655,5.141938605091082,6.733770121323776,8.661667821533431
losange,9.690925430551317,7.146428871055003,4.715805738885166,0.0,9.930153622709819,9.744103511935903,9.345426726258536,7.074537135591113,6.609165042301904,7.122038326278525,7.406658166500976
isoTrapezoid,4.942956261470012,8.661869032223821,9.443671685465137,9.930153622709819,0.0,5.103010638747019,4.694049447232731,8.39056905252423,8.481778846111158,5.468840273694847,6.669454918683183
kite,4.1674385649208805,6.868838550928601,8.464558847830293,9.744103511935903,5.103010638747019,0.0,3.4849497584210023,7.848927122409176,7.740043127663362,6.84291190434027,8.505721859596102
rightKite,3.4866174690966063,6.766707063518454,7.971000459060137,9.345426726258536,4.694049447232731,3.4849497584210023,0.0,7.459669755017282,7.310034536685564,5.277896454760072,7.888572474863681
rustedHinge,6.716078081469678,5.375292897764408,6.2043276148174655,7.074537135591113,8.39056905252423,7.848927122409176,7.459669755017282,0.0,2.1906681531554835,6.7898803346921905,7.789239237483363
hinge,6.537193181195964,4.229914923304375,5.141938605091082,6.609165042301904,8.481778846111158,7.740043127663362,7.310034536685564,2.1906681531554835,0.0,6.48282916085885,7.891761295902295
trapezoid,5.339490198289472,6.898681095660194,6.733770121323776,7.122038326278525,5.468840273694847,6.84291190434027,5.277896454760072,6.7898803346921905,6.48282916085885,0.0,5.027215440837707
random,7.697050658289018,9.133984945096561,8.661667821533431,7.406658166500976,6.669454918683183,8.505721859596102,7.888572474863681,7.789239237483363,7.891761295902295,5.027215440837707,0.0
