,square,rectangle,parallelogram,losange,isoTrapezoid,kite,rightKite,rustedHinge,hinge,trapezoid,random
square,0.0,17.841446261636577,25.95073432795524,31.426987013245842,21.067615061607945,19.077003469873723,16.986992152971865,24.354649304981066,21.960537318998057,19.96410875398059,26.97028277079433
rectangle,17.841446261636577,0.0,18.770589706804582,26.6561905769296,27.38684944657681,22.770407702624066,22.320319887598977,24.312105270272568,19.64705423874879,22.193913884643656,28.906054284037364
parallelogram,25.95073432795524,18.770589706804582,0.0,15.076572031531255,29.38179008597146,26.587402051620753,25.723411482974214,22.82738901934754,18.5038315846781,19.24824259058304,24.722373012635803
losange,31.426987013245842,26.6561905769296,15.076572031531255,0.0,32.10045196849195,31.11999852185651,30.347960574974977,24.793312200135404,22.464068354724155,22.432429741623945,23.643708975721385
isoTrapezoid,21.067615061607945,27.38684944657681,29.38179008597146,32.10045196849195,0.0,18.510384620048455,15.678894561507406,24.28914727898625,24.42175008210427,19.679699389462293,21.429211501959823
kite,19.077003469873723,22.770407702624066,26.587402051620753,31.11999852185651,18.510384620048455,0.0,10.72404033761012,24.956947896497315,23.960129956234066,23.064564857491593,27.41791964363774
rightKite,16.986992152971865,22.320319887598977,25.723411482974214,30.347960574974977,15.678894561507406,10.72404033761012,0.0,23.06792963071116,22.057558556116206,19.13967175755268,24.82860709874882
rustedHinge,24.354649304981066,24.312105270272568,22.82738901934754,24.793312200135404,24.28914727898625,24.956947896497315,23.06792963071116,0.0,9.156188721197454,21.302784371327775,22.117822628369876
hinge,21.960537318998057,19.64705423874879,18.5038315846781,22.464068354724155,24.42175008210427,23.960129956234066,22.057558556116206,9.156188721197454,0.0,19.014573556492284,21.78215819659282
trapezoid,19.96410875398059,22.193913884643656,19.24824259058304,22.432429741623945,19.679699389462293,23.064564857491593,19.13967175755268,21.302784371327775,19.014573556492284,0.0,14.59745647409239
random,26.97028277079433,28.906054284037364,24.722373012635803,23.643708975721385,21.429211501959823,27.41791964363774,24.82860709874882,22.117822628369876,21.78215819659282,14.59745647409239,0.0
