,square,rectangle,parallelogram,losange,isoTrapezoid,kite,rightKite,rustedHinge,hinge,trapezoid,random
square,0.0,0.013923334304013824,0.024819246433662734,0.03786079047078239,0.008981331241175172,0.006957224285384811,0.004468353895432875,0.016462659160442872,0.015493456304276343,0.011799112454420002,0.023770810042010315
rectangle,0.013923334304013824,0.0,0.00886720537270036,0.02167847371792475,0.02740621314918157,0.017758035085635115,0.0164334359508731,0.011115608461835014,0.007146445674463209,0.017906551561713835,0.030689018567811255
parallelogram,0.024819246433662734,0.00886720537270036,0.0,0.008704404338108263,0.03266565859447923,0.028012959411952254,0.0240982155999655,0.01467477656963434,0.010290600996114452,0.015924617397772844,0.02587465359790242
losange,0.03786079047078239,0.02167847371792475,0.008704404338108263,0.0,0.038756637783692205,0.037906935784397855,0.03513366465403611,0.019769183532241885,0.01772689332694244,0.020254354509416594,0.019208633728575175
isoTrapezoid,0.008981331241175172,0.02740621314918157,0.03266565859447923,0.038756637783692205,0.0,0.010169273698948711,0.007972160473753154,0.025873190613106334,0.02663738788768144,0.012147691458028964,0.018775125522556446
kite,0.006957224285384811,0.017758035085635115,0.028012959411952254,0.037906935784397855,0.010169273698948711,0.0,0.004669484137601265,0.02372045905252307,0.023426540399096085,0.019872337440147048,0.0295733597650899
rightKite,0.004468353895432875,0.0164334359508731,0.0240982155999655,0.03513366465403611,0.007972160473753154,0.004669484137601265,0.0,0.021147867130051234,0.020274435102059507,0.011727212068311177,0.02565974172678953
rustedHinge,0.016462659160442872,0.011115608461835014,0.01467477656963434,0.019769183532241885,0.025873190613106334,0.02372045905252307,0.021147867130051234,0.0,0.001400514413948617,0.017355319172280947,0.021403638210873766
hinge,0.015493456304276343,0.007146445674463209,0.010290600996114452,0.01772689332694244,0.02663738788768144,0.023426540399096085,0.020274435102059507,0.001400514413948617,2.220446049250313e-16,0.015866065234274918,0.022200249798804306
trapezoid,0.011799112454420002,0.017906551561713835,0.015924617397772844,0.020254354509416594,0.012147691458028964,0.019872337440147048,0.011727212068311177,0.017355319172280947,0.015866065234274918,2.220446049250313e-16,0.008857981756491662
random,0.023770810042010315,0.030689018567811255,0.02587465359790242,0.019208633728575175,0.018775125522556446,0.0295733597650899,0.02565974172678953,0.021403638210873766,0.022200249798804306,0.008857981756491662,0.0
