,square,rectangle,parallelogram,losange,isoTrapezoid,kite,rightKite,rustedHinge,hinge,trapezoid,random
square,0.0,0.012678472818791753,0.02822360525476275,0.038521022178240605,0.011105196919406812,0.018172632547793666,0.00935134683723271,0.019791088660785494,0.01835245823756826,0.020207844113575235,0.03994308400648072
rectangle,0.012678472818791753,0.0,0.010888385323308936,0.027864773526715902,0.028896560035571728,0.028533704803915927,0.020692504158358438,0.01483631525181095,0.009934993201436426,0.0267283505097885,0.054887243311368517
parallelogram,0.02822360525476275,0.010888385323308936,0.0,0.007623124361942457,0.03618696845282565,0.04953526893808169,0.03187407193030001,0.018155008751306156,0.011280006510520413,0.01619884140082084,0.038269311953742835
losange,0.038521022178240605,0.027864773526715902,0.007623124361942457,0.0,0.04045328951258598,0.06688700081884646,0.04277686057394681,0.02451814540274333,0.018379062156917203,0.011818573564195578,0.022842416202331406
isoTrapezoid,0.011105196919406812,0.028896560035571728,0.03618696845282565,0.04045328951258598,0.0,0.01620422097987584,0.010227679588152294,0.03207065990763214,0.03172930167438981,0.015921781447907013,0.027933769730242308
kite,0.018172632547793666,0.028533704803915927,0.04953526893808169,0.06688700081884646,0.01620422097987584,0.0,0.007163242094916034,0.046107341873079966,0.04708497776310028,0.04515475823641979,0.07117265903300041
rightKite,0.00935134683723271,0.020692504158358438,0.03187407193030001,0.04277686057394681,0.010227679588152294,0.007163242094916034,0.0,0.034398622400738765,0.033475333913556615,0.023643461708322877,0.047065639960982564
rustedHinge,0.019791088660785494,0.01483631525181095,0.018155008751306156,0.02451814540274333,0.03207065990763214,0.046107341873079966,0.034398622400738765,0.0,0.0019991388727049753,0.022058300042681278,0.03556788275399447
hinge,0.01835245823756826,0.009934993201436426,0.011280006510520413,0.018379062156917203,0.03172930167438981,0.04708497776310028,0.033475333913556615,0.0019991388727049753,0.0,0.019158191480914022,0.03469919361147822
trapezoid,0.020207844113575235,0.0267283505097885,0.01619884140082084,0.011818573564195578,0.015921781447907013,0.04515475823641979,0.023643461708322877,0.022058300042681278,0.019158191480914022,1.1102230246251565e-16,0.008755338485131325
random,0.03994308400648072,0.054887243311368517,0.038269311953742835,0.022842416202331406,0.027933769730242308,0.07117265903300041,0.047065639960982564,0.03556788275399447,0.03469919361147822,0.008755338485131325,1.1102230246251565e-16
