,square,rectangle,parallelogram,losange,isoTrapezoid,kite,rightKite,rustedHinge,hinge,trapezoid,random
square,0.0,0.024016996116401068,0.04472972855401902,0.06430893790941106,0.01803813030557233,0.014840063874125509,0.010504734940812388,0.03152713952984587,0.028124384387353096,0.021106404135703305,0.04001145847473864
rectangle,0.024016996116401068,0.0,0.019094889728437092,0.04163238754540832,0.048425654001476914,0.03350476521480561,0.03115053841097215,0.023727821497774415,0.014485792681527054,0.03289790259907144,0.05626017296369401
parallelogram,0.04472972855401902,0.019094889728437092,0.0,0.016159399577163613,0.060444513438414615,0.05522522637200755,0.04550167669388128,0.03533271396477644,0.02471007984278495,0.02962926236988883,0.049603031194767166
losange,0.06430893790941106,0.04163238754540832,0.016159399577163613,1.1102230246251565e-16,0.06933862015591963,0.07185300908392378,0.06277100251183021,0.04416940448082285,0.037638177618636304,0.03449694590890373,0.03948807374792984
isoTrapezoid,0.01803813030557233,0.048425654001476914,0.060444513438414615,0.06933862015591963,0.0,0.01842013238967699,0.01624768614267358,0.05092231224523458,0.05005910321936391,0.02339419340379656,0.03238843848819972
kite,0.014840063874125509,0.03350476521480561,0.05522522637200755,0.07185300908392378,0.01842013238967699,1.1102230246251565e-16,0.010421928186109652,0.04662209521130689,0.044852052180012425,0.03777528571024902,0.05378485743559347
rightKite,0.010504734940812388,0.03115053841097215,0.04550167669388128,0.06277100251183021,0.01624768614267358,0.010421928186109652,0.0,0.04259112748632654,0.04001273621495627,0.021185629860667188,0.04283738894419853
rustedHinge,0.03152713952984587,0.023727821497774415,0.03533271396477644,0.04416940448082285,0.05092231224523458,0.04662209521130689,0.04259112748632654,0.0,0.0037779483212861953,0.03709525207369779,0.044608484200546084
hinge,0.028124384387353096,0.014485792681527054,0.02471007984278495,0.037638177618636304,0.05005910321936391,0.044852052180012425,0.04001273621495627,0.0037779483212861953,0.0,0.03198514054749113,0.04332040687038308
trapezoid,0.021106404135703305,0.03289790259907144,0.02962926236988883,0.03449694590890373,0.02339419340379656,0.03777528571024902,0.021185629860667188,0.03709525207369779,0.03198514054749113,0.0,0.015601767857748805
random,0.04001145847473864,0.05626017296369401,0.049603031194767166,0.03948807374792984,0.03238843848819972,0.05378485743559347,0.04283738894419853,0.044608484200546084,0.04332040687038308,0.015601767857748805,0.0
