,square,rectangle,parallelogram,losange,isoTrapezoid,kite,rightKite,rustedHinge,hinge,trapezoid,random
square,0.0,0.03638964569957426,0.06432664991871873,0.0785778583651473,0.034103654373464964,0.021407570486883243,0.01880255579374701,0.04738462148395295,0.031059313762353602,0.027136231548975376,0.037967430226924725
rectangle,0.03638964569957426,0.0,0.02125964572186667,0.03885208763614223,0.10645146623953627,0.048744126054363734,0.0660796869866751,0.09265432206310575,0.04666159028679251,0.04022473593101705,0.07224674767259309
parallelogram,0.06432664991871873,0.02125964572186667,0.0,0.00975619150396756,0.13474997023210689,0.07998877138726479,0.09094958913410522,0.09990326606097144,0.05200515928273031,0.034071434745296614,0.06432196111884059
losange,0.0785778583651473,0.03885208763614223,0.00975619150396756,0.0,0.14440925935241367,0.09309816539046867,0.10300165347760426,0.1048859280413007,0.060221129378936644,0.037321570943485316,0.05952355087884986
isoTrapezoid,0.034103654373464964,0.10645146623953627,0.13474997023210689,0.14440925935241367,0.0,0.03072553651768095,0.016636748362063414,0.0595808859683602,0.06898549034050416,0.06001450936294506,0.05280013863050381
kite,0.021407570486883243,0.048744126054363734,0.07998877138726479,0.09309816539046867,0.03072553651768095,0.0,0.012633917602998368,0.06973845932156442,0.0555175647621734,0.04780578235226618,0.05670287506344929
rightKite,0.01880255579374701,0.0660796869866751,0.09094958913410522,0.10300165347760426,0.016636748362063414,0.012633917602998368,0.0,0.04983297381164875,0.04639694510241266,0.0384678494023315,0.04320395988664838
rustedHinge,0.04738462148395295,0.09265432206310575,0.09990326606097144,0.1048859280413007,0.0595808859683602,0.06973845932156442,0.04983297381164875,0.0,0.012824815431744407,0.05560466560866062,0.04281876139884022
hinge,0.031059313762353602,0.04666159028679251,0.05200515928273031,0.060221129378936644,0.06898549034050416,0.0555175647621734,0.04639694510241266,0.012824815431744407,0.0,0.030603230158817607,0.03132795531412824
trapezoid,0.027136231548975376,0.04022473593101705,0.034071434745296614,0.037321570943485316,0.06001450936294506,0.04780578235226618,0.0384678494023315,0.05560466560866062,0.030603230158817607,0.0,0.013952745095565877
random,0.037967430226924725,0.07224674767259309,0.06432196111884059,0.05952355087884986,0.05280013863050381,0.05670287506344929,0.04320395988664838,0.04281876139884022,0.03132795531412824,0.013952745095565877,0.0
