,square,rectangle,parallelogram,losange,isoTrapezoid,kite,rightKite,rustedHinge,hinge,trapezoid,random
square,0.0,0.031830117909714684,0.05759936668714871,0.07387082011058954,0.03626918438150151,0.037738810340157136,0.026427576550406284,0.060039483397180904,0.05237328204067515,0.04134029442684317,0.06781791228576717
rectangle,0.031830117909714684,0.0,0.027398628300035588,0.05019307437074938,0.06855787465406427,0.058517659061083305,0.04976796425033925,0.04842742264173616,0.03417393838240579,0.05482627023132414,0.08646340609306069
parallelogram,0.05759936668714871,0.027398628300035588,0.0,0.015630011782543418,0.07113534258170628,0.06687476852973695,0.05534325864600309,0.046593718743673795,0.03375013714759345,0.04267897082100336,0.0680438050621015
losange,0.07387082011058954,0.05019307437074938,0.015630011782543418,0.0,0.07719401410581339,0.07889295591375134,0.06719604095890686,0.05491045716774212,0.04684288735158315,0.04586257785746539,0.05811506435458913
isoTrapezoid,0.03626918438150151,0.06855787465406427,0.07113534258170628,0.07719401410581339,0.0,0.026398852283547214,0.021883621827481714,0.06465847884662612,0.06367878889093692,0.02986345127071721,0.03980530291524498
kite,0.037738810340157136,0.058517659061083305,0.06687476852973695,0.07889295591375134,0.026398852283547214,0.0,0.015162832394138182,0.0621321666141762,0.059600782281095,0.04871571278083242,0.06204685402639898
rightKite,0.026427576550406284,0.04976796425033925,0.05534325864600309,0.06719604095890686,0.021883621827481714,0.015162832394138182,0.0,0.057127441126175627,0.053142694530116,0.03250618379947723,0.05412363896607486
rustedHinge,0.060039483397180904,0.04842742264173616,0.046593718743673795,0.05491045716774212,0.06465847884662612,0.0621321666141762,0.057127441126175627,2.220446049250313e-16,0.006873174387527103,0.04680661417524046,0.05468442092229131
hinge,0.05237328204067515,0.03417393838240579,0.03375013714759345,0.04684288735158315,0.06367878889093692,0.059600782281095,0.053142694530116,0.006873174387527103,0.0,0.042127045705291355,0.05537096260367769
trapezoid,0.04134029442684317,0.05482627023132414,0.04267897082100336,0.04586257785746539,0.02986345127071721,0.04871571278083242,0.03250618379947723,0.04680661417524046,0.042127045705291355,0.0,0.02276317517758164
random,0.06781791228576717,0.08646340609306069,0.0680438050621015,0.05811506435458913,0.03980530291524498,0.06204685402639898,0.05412363896607486,0.05468442092229131,0.05537096260367769,0.02276317517758164,0.0
