,square,rectangle,parallelogram,losange,isoTrapezoid,kite,rightKite,rustedHinge,hinge,trapezoid,random
square,0.0,0.03228905987129149,0.07461461696667471,0.10244012020719429,0.031160845335443055,0.029183615270976238,0.02548667881440181,0.05767240357117209,0.048037478912190346,0.04202504991867728,0.07027434484259865
rectangle,0.03228905987129149,0.0,0.038866632870173334,0.07201645461299233,0.07315682269560264,0.05211839082991376,0.052516491333452375,0.04863938778174204,0.03035821434139352,0.05713686297071585,0.09190722399873585
parallelogram,0.07461461696667471,0.038866632870173334,2.220446049250313e-16,0.022727806757642077,0.09517577545257128,0.0939590587556961,0.07667372578894649,0.07086017707902392,0.04973794493123862,0.042684008235184256,0.07176347308219233
losange,0.10244012020719429,0.07201645461299233,0.022727806757642077,0.0,0.10660029244470837,0.1150576839143801,0.09880005012887416,0.08267735040130297,0.06852161515961896,0.049655739060831317,0.059167737774934115
isoTrapezoid,0.031160845335443055,0.07315682269560264,0.09517577545257128,0.10660029244470837,0.0,0.03261694968716844,0.027724879585916407,0.08070259469221086,0.07776695465631045,0.040145988390608456,0.05314474296827609
kite,0.029183615270976238,0.05211839082991376,0.0939590587556961,0.1150576839143801,0.03261694968716844,2.220446049250313e-16,0.01834813613895936,0.07688246150118994,0.07243834352976297,0.06989143522372454,0.09199725942057857
rightKite,0.02548667881440181,0.052516491333452375,0.07667372578894649,0.09880005012887416,0.027724879585916407,0.01834813613895936,0.0,0.07323921033755265,0.06786592514723822,0.04008777363589544,0.07054825505106088
rustedHinge,0.05767240357117209,0.04863938778174204,0.07086017707902392,0.08267735040130297,0.08070259469221086,0.07688246150118994,0.07323921033755265,0.0,0.006965356350902008,0.07163769005558585,0.07695962938973988
hinge,0.048037478912190346,0.03035821434139352,0.04973794493123862,0.06852161515961896,0.07776695465631045,0.07243834352976297,0.06786592514723822,0.006965356350902008,0.0,0.05986265090503928,0.07132168601712086
trapezoid,0.04202504991867728,0.05713686297071585,0.042684008235184256,0.049655739060831317,0.040145988390608456,0.06989143522372454,0.04008777363589544,0.07163769005558585,0.05986265090503928,0.0,0.02240517274269438
random,0.07027434484259865,0.09190722399873585,0.07176347308219233,0.059167737774934115,0.05314474296827609,0.09199725942057857,0.07054825505106088,0.07695962938973988,0.07132168601712086,0.02240517274269438,0.0
