,square,rectangle,parallelogram,losange,isoTrapezoid,kite,rightKite,rustedHinge,hinge,trapezoid,random
square,0.0,0.045801978806401134,0.07911574966369483,0.10205783578876837,0.04624388853111705,0.043684729223709584,0.03460006926009407,0.0775692444974726,0.06828554704664547,0.051086778248751075,0.08270967125467688
rectangle,0.045801978806401134,0.0,0.035180707752365814,0.06704518433057138,0.0909831114754277,0.07304124908242549,0.06650444570242564,0.05873810909973931,0.04122664576080226,0.0687221942263847,0.10622484867420434
parallelogram,0.07911574966369483,0.035180707752365814,1.1102230246251565e-16,0.021681171902212304,0.09439129814013092,0.08706889039221011,0.07437170947537375,0.061589840262244455,0.04620385904020252,0.053695101157462566,0.08709224548423955
losange,0.10205783578876837,0.06704518433057138,0.021681171902212304,0.0,0.10273427062481166,0.10272837946761015,0.09035122994426215,0.07411069253224367,0.06514125320437081,0.05946504930722174,0.07370246376777478
isoTrapezoid,0.04624388853111705,0.0909831114754277,0.09439129814013092,0.10273427062481166,0.0,0.03524344094346821,0.027839273050657365,0.08315464093967251,0.08211950353863795,0.03555989163244622,0.04799421459579645
kite,0.043684729223709584,0.07304124908242549,0.08706889039221011,0.10272837946761015,0.03524344094346821,1.1102230246251565e-16,0.01781505800743033,0.07908016088076875,0.07557820554806427,0.061378150600560843,0.07837715320500438
rightKite,0.03460006926009407,0.06650444570242564,0.07437170947537375,0.09035122994426215,0.027839273050657365,0.01781505800743033,0.0,0.07321996211982384,0.06810847418122312,0.039015279284962734,0.0651339116295706
rustedHinge,0.0775692444974726,0.05873810909973931,0.061589840262244455,0.07411069253224367,0.08315464093967251,0.07908016088076875,0.07321996211982384,0.0,0.008298527677753409,0.06336664071752085,0.06928256113781217
hinge,0.06828554704664547,0.04122664576080226,0.04620385904020252,0.06514125320437081,0.08211950353863795,0.07557820554806427,0.06810847418122312,0.008298527677753409,0.0,0.056633809276037006,0.07077933532840641
trapezoid,0.051086778248751075,0.0687221942263847,0.053695101157462566,0.05946504930722174,0.03555989163244622,0.061378150600560843,0.039015279284962734,0.06336664071752085,0.056633809276037006,1.1102230246251565e-16,0.028288219239824164
random,0.08270967125467688,0.10622484867420434,0.08709224548423955,0.07370246376777478,0.04799421459579645,0.07837715320500438,0.0651339116295706,0.06928256113781217,0.07077933532840641,0.028288219239824164,0.0
