,square,rectangle,parallelogram,losange,isoTrapezoid,kite,rightKite,rustedHinge,hinge,trapezoid,random
square,0.0,0.03611472557412998,0.08575805166885542,0.1247678613854184,0.04525702585088476,0.04147280117713992,0.037175307716212025,0.0788314298814049,0.06284202661754579,0.05187878229409715,0.08879209521588283
rectangle,0.03611472557412998,0.0,0.04591048180799573,0.09164422396243443,0.09088190728873347,0.06686603766466725,0.06664362211838337,0.07154634787309144,0.0458073478196136,0.06728500769367973,0.11318673576142313
parallelogram,0.08575805166885542,0.04591048180799573,0.0,0.029660132853896237,0.11275284038929578,0.10715969285850924,0.09071544368859297,0.08712538969495565,0.06251013205497724,0.05200740579287044,0.09000711722358556
losange,0.1247678613854184,0.09164422396243443,0.029660132853896237,0.0,0.13097020385849678,0.13615140905225875,0.12022225342616866,0.1029577019395973,0.08733166006922155,0.06289240319735456,0.07612408720613417
isoTrapezoid,0.04525702585088476,0.09088190728873347,0.11275284038929578,0.13097020385849678,1.1102230246251565e-16,0.04194574190889089,0.035421498865907175,0.10197926825417536,0.09729674805122601,0.04791775128504361,0.0645652492810278
kite,0.04147280117713992,0.06686603766466725,0.10715969285850924,0.13615140905225875,0.04194574190889089,0.0,0.02226893099108551,0.09919692465096253,0.09067524533682692,0.08020084453432419,0.10590406147888687
rightKite,0.037175307716212025,0.06664362211838337,0.09071544368859297,0.12022225342616866,0.035421498865907175,0.02226893099108551,1.1102230246251565e-16,0.09240238872085305,0.08345594645223309,0.047728680957648595,0.08257929701165834
rustedHinge,0.0788314298814049,0.07154634787309144,0.08712538969495565,0.1029577019395973,0.10197926825417536,0.09919692465096253,0.09240238872085305,0.0,0.00972972994250676,0.08729687171647926,0.09174579322854959
hinge,0.06284202661754579,0.0458073478196136,0.06251013205497724,0.08733166006922155,0.09729674805122601,0.09067524533682692,0.08345594645223309,0.00972972994250676,0.0,0.07276965419726666,0.0847350564679854
trapezoid,0.05187878229409715,0.06728500769367973,0.05200740579287044,0.06289240319735456,0.04791775128504361,0.08020084453432419,0.047728680957648595,0.08729687171647926,0.07276965419726666,0.0,0.028659929976584397
random,0.08879209521588283,0.11318673576142313,0.09000711722358556,0.07612408720613417,0.0645652492810278,0.10590406147888687,0.08257929701165834,0.09174579322854959,0.0847350564679854,0.028659929976584397,0.0
