,square,rectangle,parallelogram,losange,isoTrapezoid,kite,rightKite,rustedHinge,hinge,trapezoid,random
square,0.0,0.009093023721973514,0.01639774057450738,0.02154867127182669,0.014455698575449927,0.013766893797345414,0.01145981474958735,0.020138624494512092,0.016945678350400728,0.013776708748154065,0.020481149479761984
rectangle,0.009093023721973514,0.0,0.009796884162320052,0.016807066482636412,0.021235085357827033,0.01834637590163324,0.01686542226098009,0.017416307239765172,0.01273900297086139,0.016522981992047492,0.023503460576941304
parallelogram,0.01639774057450738,0.009796884162320052,0.0,0.005225399697893041,0.019707676125515383,0.01814355061282702,0.015798428111871377,0.014875076146078081,0.01101364050200171,0.011685376161606253,0.017624467602308513
losange,0.02154867127182669,0.016807066482636412,0.005225399697893041,0.0,0.021708558414407664,0.02150657258178157,0.0190478533446502,0.0171009972973295,0.014715643663199773,0.01360683915021077,0.016009827154863876
isoTrapezoid,0.014455698575449927,0.021235085357827033,0.019707676125515383,0.021708558414407664,0.0,0.00894653029628556,0.00724022462577989,0.01807519267646962,0.017691597283251204,0.009295068936450823,0.011247023320828942
kite,0.013766893797345414,0.01834637590163324,0.01814355061282702,0.02150657258178157,0.00894653029628556,0.0,0.004695038339282198,0.017017707203714094,0.015967180826076732,0.014504473075082847,0.016539690865299717
rightKite,0.01145981474958735,0.01686542226098009,0.015798428111871377,0.0190478533446502,0.00724022462577989,0.004695038339282198,0.0,0.015949722250261367,0.01466824755798124,0.010116725545300076,0.014659052447163368
rustedHinge,0.020138624494512092,0.017416307239765172,0.014875076146078081,0.0171009972973295,0.01807519267646962,0.017017707203714094,0.015949722250261367,0.0,0.002428774302609016,0.014396615409270952,0.014043871096143246
hinge,0.016945678350400728,0.01273900297086139,0.01101364050200171,0.014715643663199773,0.017691597283251204,0.015967180826076732,0.01466824755798124,0.002428774302609016,2.220446049250313e-16,0.01243687484872058,0.013978136834071453
trapezoid,0.013776708748154065,0.016522981992047492,0.011685376161606253,0.01360683915021077,0.009295068936450823,0.014504473075082847,0.010116725545300076,0.014396615409270952,0.01243687484872058,2.220446049250313e-16,0.006600067307107826
random,0.020481149479761984,0.023503460576941304,0.017624467602308513,0.016009827154863876,0.011247023320828942,0.016539690865299717,0.014659052447163368,0.014043871096143246,0.013978136834071453,0.006600067307107826,0.0
