,square,rectangle,parallelogram,losange,isoTrapezoid,kite,rightKite,rustedHinge,hinge,trapezoid,random
square,0.0,0.042250796294352355,0.06853429556126356,0.0893874424040838,0.03538309226274472,0.034654205789261594,0.022804785593185994,0.06536847788407618,0.056333165763969406,0.03993144644947433,0.07140311080572304
rectangle,0.042250796294352355,1.1102230246251565e-16,0.02622812518945905,0.055964562430688036,0.08274174677826207,0.06646442466825997,0.05739068923800317,0.04795168295975072,0.030151787197966073,0.06064333601493632,0.09842950599756095
parallelogram,0.06853429556126356,0.02622812518945905,0.0,0.01778268014367612,0.08388098193479376,0.07499840348263553,0.06206178784433203,0.047421709124794265,0.032396713476601224,0.04735424370708052,0.07564213669540298
losange,0.0893874424040838,0.055964562430688036,0.01778268014367612,1.1102230246251565e-16,0.09111762167059656,0.08875761093443357,0.07518441424106614,0.05975306410130787,0.050478065569727226,0.05195380301057517,0.06141492038519625
isoTrapezoid,0.03538309226274472,0.08274174677826207,0.08388098193479376,0.09111762167059656,0.0,0.02606272264316678,0.02152540408647341,0.07463085001875203,0.07397371071855263,0.029341457612608646,0.0384778310699434
kite,0.034654205789261594,0.06646442466825997,0.07499840348263553,0.08875761093443357,0.02606272264316678,0.0,0.013946136304511692,0.0650113663592764,0.06471558242743036,0.05065120615860397,0.0635397756637287
rightKite,0.022804785593185994,0.05739068923800317,0.06206178784433203,0.07518441424106614,0.02152540408647341,0.013946136304511692,0.0,0.06176133231105063,0.05852231997857282,0.02899457347702028,0.0512615235134648
rustedHinge,0.06536847788407618,0.04795168295975072,0.047421709124794265,0.05975306410130787,0.07463085001875203,0.0650113663592764,0.06176133231105063,0.0,0.006562004016498979,0.05537195066008194,0.0605383411454794
hinge,0.056333165763969406,0.030151787197966073,0.032396713476601224,0.050478065569727226,0.07397371071855263,0.06471558242743036,0.05852231997857282,0.006562004016498979,0.0,0.049482840563623065,0.06413092658698627
trapezoid,0.03993144644947433,0.06064333601493632,0.04735424370708052,0.05195380301057517,0.029341457612608646,0.05065120615860397,0.02899457347702028,0.05537195066008194,0.049482840563623065,1.1102230246251565e-16,0.023494588454216814
random,0.07140311080572304,0.09842950599756095,0.07564213669540298,0.06141492038519625,0.0384778310699434,0.0635397756637287,0.0512615235134648,0.0605383411454794,0.06413092658698627,0.023494588454216814,0.0
