,square,rectangle,parallelogram,losange,isoTrapezoid,kite,rightKite,rustedHinge,hinge,trapezoid,random
square,0.0,0.024795608774921818,0.05002139475631695,0.07160201856782833,0.02168194673395385,0.020323731463708028,0.014556667432667703,0.03735675940242922,0.03232271904294681,0.026514860797536177,0.04835794262386184
rectangle,0.024795608774921818,0.0,0.02375085106778796,0.04926641050092373,0.05450272526035216,0.0392739513108189,0.03515350626197644,0.029179193268303094,0.01813405299515891,0.038794374001641097,0.06620214625834464
parallelogram,0.05002139475631695,0.02375085106778796,0.0,0.017099170312938394,0.06773117235489934,0.06552867453851008,0.050679134054709474,0.04276651500255957,0.029742198129135033,0.031322757735854245,0.05428597362776377
losange,0.07160201856782833,0.04926641050092373,0.017099170312938394,0.0,0.07730428856471194,0.08430433170017837,0.06919307947791353,0.053833217077415396,0.04545207625112779,0.03582213136099055,0.043498964043055977
isoTrapezoid,0.02168194673395385,0.05450272526035216,0.06773117235489934,0.07730428856471194,0.0,0.024358833519390388,0.019893339849097136,0.05850932232530637,0.056766438905548444,0.02778124723461617,0.03788683781461
kite,0.020323731463708028,0.0392739513108189,0.06552867453851008,0.08430433170017837,0.024358833519390388,0.0,0.012761406230158645,0.05747008043366364,0.054987455751600356,0.04932603223374754,0.06914623273502629
rightKite,0.014556667432667703,0.03515350626197644,0.050679134054709474,0.06919307947791353,0.019893339849097136,0.012761406230158645,0.0,0.051644470023805455,0.0476250924490621,0.02646710499997451,0.051460463396163725
rustedHinge,0.03735675940242922,0.029179193268303094,0.04276651500255957,0.053833217077415396,0.05850932232530637,0.05747008043366364,0.051644470023805455,0.0,0.004370793995926769,0.04534965923181111,0.05373731191145048
hinge,0.03232271904294681,0.01813405299515891,0.029742198129135033,0.04545207625112779,0.056766438905548444,0.054987455751600356,0.0476250924490621,0.004370793995926769,2.220446049250313e-16,0.03822905026813228,0.05103256285823898
trapezoid,0.026514860797536177,0.038794374001641097,0.031322757735854245,0.03582213136099055,0.02778124723461617,0.04932603223374754,0.02646710499997451,0.04534965923181111,0.03822905026813228,0.0,0.016618470912112326
random,0.04835794262386184,0.06620214625834464,0.05428597362776377,0.043498964043055977,0.03788683781461,0.06914623273502629,0.051460463396163725,0.05373731191145048,0.05103256285823898,0.016618470912112326,0.0
