,square,rectangle,parallelogram,losange,isoTrapezoid,kite,rightKite,rustedHinge,hinge,trapezoid,random
square,0.0,0.06624061182620311,0.14451907946734943,0.18881810539813648,0.1341920495270602,0.12190935377330137,0.10745820936943795,0.17538697068519982,0.14980700790538448,0.12970717313609104,0.19157319856717414
rectangle,0.06624061182620311,1.1102230246251565e-16,0.09427738797454199,0.15819706287732338,0.172929159792775,0.14675408448586214,0.13762028364598655,0.1631287964128998,0.12385917267956226,0.14601714578345837,0.2077570912821486
parallelogram,0.14451907946734943,0.09427738797454199,0.0,0.041532089166178565,0.15900273238277574,0.14156108845076942,0.13350062525801287,0.136037997418062,0.1086845465652988,0.09239727982671697,0.14052401650396495
losange,0.18881810539813648,0.15819706287732338,0.041532089166178565,0.0,0.1753073277006263,0.16843970601163583,0.16064946624545184,0.1484075418118258,0.1343261652335409,0.10520588069717118,0.12401089945961652
isoTrapezoid,0.1341920495270602,0.172929159792775,0.15900273238277574,0.1753073277006263,2.220446049250313e-16,0.08031893088386033,0.06259666901491123,0.14251552632512043,0.1389792871825971,0.07207056810814805,0.09574771803799598
kite,0.12190935377330137,0.14675408448586214,0.14156108845076942,0.16843970601163583,0.08031893088386033,0.0,0.03427676264148127,0.1233645964326775,0.11240184365233874,0.1138710626227517,0.1286134409808054
rightKite,0.10745820936943795,0.13762028364598655,0.13350062525801287,0.16064946624545184,0.06259666901491123,0.03427676264148127,1.1102230246251565e-16,0.1165171351294334,0.10517985717958411,0.08321207936364661,0.11695754257736346
rustedHinge,0.17538697068519982,0.1631287964128998,0.136037997418062,0.1484075418118258,0.14251552632512043,0.1233645964326775,0.1165171351294334,0.0,0.017879789755390174,0.12845022312058818,0.11653113306159468
hinge,0.14980700790538448,0.12385917267956226,0.1086845465652988,0.1343261652335409,0.1389792871825971,0.11240184365233874,0.10517985717958411,0.017879789755390174,0.0,0.11465780670306869,0.1154483068687423
trapezoid,0.12970717313609104,0.14601714578345837,0.09239727982671697,0.10520588069717118,0.07207056810814805,0.1138710626227517,0.08321207936364661,0.12845022312058818,0.11465780670306869,0.0,0.05587708771632771
random,0.19157319856717414,0.2077570912821486,0.14052401650396495,0.12401089945961652,0.09574771803799598,0.1286134409808054,0.11695754257736346,0.11653113306159468,0.1154483068687423,0.05587708771632771,0.0
