,square,rectangle,parallelogram,losange,isoTrapezoid,kite,rightKite,rustedHinge,hinge,trapezoid,random
square,0.0,0.03349112100240237,0.06015189176664437,0.07886366757618268,0.048330914860459706,0.046737546639396776,0.03635892741085189,0.07535349704713956,0.06565862410989132,0.05319390659623435,0.0852584423350633
rectangle,0.03349112100240237,2.220446049250313e-16,0.032996277238135474,0.057056862096719896,0.0763168383308036,0.06440831662080326,0.05817192232945734,0.06407017663659964,0.047983715157721374,0.06569550757803078,0.09888689525022087
parallelogram,0.06015189176664437,0.032996277238135474,2.220446049250313e-16,0.017338748939939697,0.07565025475356324,0.07046916510643919,0.060538922147694074,0.05739440220839098,0.042757286143312534,0.049912674017683845,0.07724652087445083
losange,0.07886366757618268,0.057056862096719896,0.017338748939939697,2.220446049250313e-16,0.08386445134024323,0.08513110794166445,0.0742531914541339,0.06581771094313882,0.055600136329780225,0.054394910210196046,0.06875168706214163
isoTrapezoid,0.048330914860459706,0.0763168383308036,0.07565025475356324,0.08386445134024323,2.220446049250313e-16,0.03213555148253899,0.025952893613046757,0.07193460475261626,0.0707430044200924,0.03609682830879235,0.04788008662461074
kite,0.046737546639396776,0.06440831662080326,0.07046916510643919,0.08513110794166445,0.03213555148253899,0.0,0.017822967402603473,0.07112267619333268,0.06675233043461726,0.057961401977261406,0.07245776458563213
rightKite,0.03635892741085189,0.05817192232945734,0.060538922147694074,0.0742531914541339,0.025952893613046757,0.017822967402603473,0.0,0.06716063232492409,0.061750414335072445,0.04196584762743638,0.06625824480508913
rustedHinge,0.07535349704713956,0.06407017663659964,0.05739440220839098,0.06581771094313882,0.07193460475261626,0.07112267619333268,0.06716063232492409,0.0,0.008573226120985988,0.05516988374669929,0.06124042234065663
hinge,0.06565862410989132,0.047983715157721374,0.042757286143312534,0.055600136329780225,0.0707430044200924,0.06675233043461726,0.061750414335072445,0.008573226120985988,0.0,0.049514990173332496,0.060663996524605746
trapezoid,0.05319390659623435,0.06569550757803078,0.049912674017683845,0.054394910210196046,0.03609682830879235,0.057961401977261406,0.04196584762743638,0.05516988374669929,0.049514990173332496,2.220446049250313e-16,0.028253401113915055
random,0.0852584423350633,0.09888689525022087,0.07724652087445083,0.06875168706214163,0.04788008662461074,0.07245776458563213,0.06625824480508913,0.06124042234065663,0.060663996524605746,0.028253401113915055,2.220446049250313e-16
