,square,rectangle,parallelogram,losange,isoTrapezoid,kite,rightKite,rustedHinge,hinge,trapezoid,random
square,0.0,0.08018146951464822,0.15995312861864375,0.21240208422605367,0.15740177820718826,0.1367518772127153,0.1252795427308746,0.20873252179603896,0.17411364296595222,0.145188098756298,0.21851057630141646
rectangle,0.08018146951464822,2.220446049250313e-16,0.10832318988373213,0.18197179879637093,0.20683818759491135,0.17717978577204818,0.16847512544157184,0.19739033041481036,0.1471867607582914,0.17206541970539746,0.24445918594125626
parallelogram,0.15995312861864375,0.10832318988373213,0.0,0.05416597311297999,0.1811050816844758,0.16449229514905328,0.15182268505181817,0.15692056826406486,0.12249900557196314,0.10956326602444877,0.16694934708689768
losange,0.21240208422605367,0.18197179879637093,0.05416597311297999,0.0,0.1938535673325924,0.19028082629134835,0.18067829735365204,0.16473319621935367,0.14961113942813353,0.12123136637233634,0.14139418472153376
isoTrapezoid,0.15740177820718826,0.20683818759491135,0.1811050816844758,0.1938535673325924,0.0,0.09209755691612276,0.07472570838074788,0.16252168888148222,0.1584818950901573,0.08286367209670131,0.10674830966380178
kite,0.1367518772127153,0.17717978577204818,0.16449229514905328,0.19028082629134835,0.09209755691612276,0.0,0.03985441967397663,0.1454924479454217,0.13294512563580707,0.12816442200219025,0.14830635121744173
rightKite,0.1252795427308746,0.16847512544157184,0.15182268505181817,0.18067829735365204,0.07472570838074788,0.03985441967397663,0.0,0.1397872990479857,0.12482745784743021,0.09173826825421194,0.13415984884512133
rustedHinge,0.20873252179603896,0.19739033041481036,0.15692056826406486,0.16473319621935367,0.16252168888148222,0.1454924479454217,0.1397872990479857,0.0,0.023593453601400305,0.15388665471667917,0.14016991778931842
hinge,0.17411364296595222,0.1471867607582914,0.12249900557196314,0.14961113942813353,0.1584818950901573,0.13294512563580707,0.12482745784743021,0.023593453601400305,0.0,0.1348509200810445,0.13923194117896787
trapezoid,0.145188098756298,0.17206541970539746,0.10956326602444877,0.12123136637233634,0.08286367209670131,0.12816442200219025,0.09173826825421194,0.15388665471667917,0.1348509200810445,0.0,0.0684090529069804
random,0.21851057630141646,0.24445918594125626,0.16694934708689768,0.14139418472153376,0.10674830966380178,0.14830635121744173,0.13415984884512133,0.14016991778931842,0.13923194117896787,0.0684090529069804,0.0
