,square,rectangle,parallelogram,losange,isoTrapezoid,kite,rightKite,rustedHinge,hinge,trapezoid,random
square,0.0,0.004823619291702053,0.011693636529582885,0.018181519720399608,0.005350760081624384,0.0051660290621934335,0.004532681424613272,0.009454012939197898,0.007994486211858387,0.007131925990064847,0.01317794857402177
rectangle,0.004823619291702053,0.0,0.006003558527335917,0.013548270069272172,0.012551467441513031,0.00895294463702101,0.008575756241626431,0.007873636261209849,0.0052449964947921535,0.0095828048097093,0.01737953512168844
parallelogram,0.011693636529582885,0.006003558527335917,0.0,0.004421372658529821,0.015448081229083921,0.014587825688710199,0.011693785096370757,0.0107133826179594,0.007725055321119334,0.00719708071896541,0.013631459594900197
losange,0.018181519720399608,0.013548270069272172,0.004421372658529821,0.0,0.018509295855740904,0.019682891696742533,0.016643738045512224,0.013986197836492908,0.012230104802822162,0.008536843189772214,0.010906852083281127
isoTrapezoid,0.005350760081624384,0.012551467441513031,0.015448081229083921,0.018509295855740904,0.0,0.005054808761400076,0.004393214004090984,0.014156770899159676,0.013474449639584885,0.0058937676847296006,0.00892144960640684
kite,0.0051660290621934335,0.00895294463702101,0.014587825688710199,0.019682891696742533,0.005054808761400076,0.0,0.0025668421039465317,0.013336588582822273,0.012470003727656942,0.010497600030936916,0.015205971856457334
rightKite,0.004532681424613272,0.008575756241626431,0.011693785096370757,0.016643738045512224,0.004393214004090984,0.0025668421039465317,2.220446049250313e-16,0.012505558059838662,0.011427758662837628,0.00595817337732818,0.012068266735397959
rustedHinge,0.009454012939197898,0.007873636261209849,0.0107133826179594,0.013986197836492908,0.014156770899159676,0.013336588582822273,0.012505558059838662,0.0,0.0009993936572890716,0.011341908069730677,0.013155178290888414
hinge,0.007994486211858387,0.0052449964947921535,0.007725055321119334,0.012230104802822162,0.013474449639584885,0.012470003727656942,0.011427758662837628,0.0009993936572890716,2.220446049250313e-16,0.009671463881315345,0.01252023490414611
trapezoid,0.007131925990064847,0.0095828048097093,0.00719708071896541,0.008536843189772214,0.0058937676847296006,0.010497600030936916,0.00595817337732818,0.011341908069730677,0.009671463881315345,0.0,0.0041875090095047085
random,0.01317794857402177,0.01737953512168844,0.013631459594900197,0.010906852083281127,0.00892144960640684,0.015205971856457334,0.012068266735397959,0.013155178290888414,0.01252023490414611,0.0041875090095047085,0.0
