,square,rectangle,parallelogram,losange,isoTrapezoid,kite,rightKite,rustedHinge,hinge,trapezoid,random
square,0.0,0.03227580704548316,0.04612566549221697,0.06688332605538094,0.020307574210498225,0.014177022930290217,0.009135442425484364,0.03449527718487855,0.03316698133672735,0.021790959517801523,0.04471749832038374
rectangle,0.03227580704548316,0.0,0.017267887388075276,0.042227190621291544,0.06708447701383269,0.04001953071269804,0.0366160566522683,0.021465014475552047,0.01337174971587718,0.03838471222678408,0.06746538136425961
parallelogram,0.04612566549221697,0.017267887388075276,0.0,0.018566356521207972,0.06831950601312631,0.05289936750890578,0.04464526780906042,0.02920956745410752,0.02117715868565584,0.03330469835676031,0.05720686056368551
losange,0.06688332605538094,0.042227190621291544,0.018566356521207972,2.220446049250313e-16,0.0738252659358507,0.06845166082023901,0.062444403774023494,0.037909170145388194,0.034607429669006984,0.037760677732761705,0.041220911623923384
isoTrapezoid,0.020307574210498225,0.06708447701383269,0.06831950601312631,0.0738252659358507,0.0,0.022149171351451002,0.01920206866383667,0.06059896843046786,0.06314487066894803,0.026672879728142806,0.038453815499904676
kite,0.014177022930290217,0.04001953071269804,0.05289936750890578,0.06845166082023901,0.022149171351451002,0.0,0.009816471436235208,0.049434820131187385,0.04888304800614718,0.034838330211057755,0.05357304485642422
rightKite,0.009135442425484364,0.0366160566522683,0.04464526780906042,0.062444403774023494,0.01920206866383667,0.009816471436235208,2.220446049250313e-16,0.04283578239121788,0.04160503053263476,0.021112921666361695,0.048044383806713054
rustedHinge,0.03449527718487855,0.021465014475552047,0.02920956745410752,0.037909170145388194,0.06059896843046786,0.049434820131187385,0.04283578239121788,0.0,0.0033556220994727104,0.03666234782865485,0.049411838742691505
hinge,0.03316698133672735,0.01337174971587718,0.02117715868565584,0.034607429669006984,0.06314487066894803,0.04888304800614718,0.04160503053263476,0.0033556220994727104,0.0,0.03428398886567696,0.051725122712871996
trapezoid,0.021790959517801523,0.03838471222678408,0.03330469835676031,0.037760677732761705,0.026672879728142806,0.034838330211057755,0.021112921666361695,0.03666234782865485,0.03428398886567696,0.0,0.0207590841861941
random,0.04471749832038374,0.06746538136425961,0.05720686056368551,0.041220911623923384,0.038453815499904676,0.05357304485642422,0.048044383806713054,0.049411838742691505,0.051725122712871996,0.0207590841861941,0.0
