,square,rectangle,parallelogram,losange,isoTrapezoid,kite,rightKite,rustedHinge,hinge,trapezoid,random
square,0.0,0.004185694702520726,0.009349349736360812,0.014469516354762568,0.0037316028053494543,0.0034652921349196397,0.002877761259577616,0.007032320488877808,0.006031040032837054,0.004981019556175803,0.009322476256842016
rectangle,0.004185694702520726,0.0,0.004273581818128314,0.010164338895121472,0.009980849578570372,0.006691284028214728,0.006329650484102722,0.005591992303353166,0.0035993021026066163,0.0070539740231461145,0.012894034238922325
parallelogram,0.009349349736360812,0.004273581818128314,0.0,0.0034277770118050777,0.012638977343273239,0.011408147341016361,0.009271245704120079,0.00783787366985178,0.005576659345030488,0.005743164002812939,0.010577957834361329
losange,0.014469516354762568,0.010164338895121472,0.0034277770118050777,0.0,0.015145686287438509,0.015544933470831523,0.013356701412206129,0.010494234157076843,0.009184100621707048,0.006933092241305228,0.008455758697540339
isoTrapezoid,0.0037316028053494543,0.009980849578570372,0.012638977343273239,0.015145686287438509,0.0,0.0038220773989121604,0.0033431065700741947,0.011088062956429279,0.010652248392513997,0.004675802444636057,0.006859665498251566
kite,0.0034652921349196397,0.006691284028214728,0.011408147341016361,0.015544933470831523,0.0038220773989121604,0.0,0.0019367676970252212,0.010118523241045119,0.009535694695015473,0.00793894387583538,0.011575619804028325
rightKite,0.002877761259577616,0.006329650484102722,0.009271245704120079,0.013356701412206129,0.0033431065700741947,0.0019367676970252212,0.0,0.009432302064953935,0.008674945681592772,0.004479251711671961,0.009271800558502408
rustedHinge,0.007032320488877808,0.005591992303353166,0.00783787366985178,0.010494234157076843,0.011088062956429279,0.010118523241045119,0.009432302064953935,0.0,0.0007527520272351262,0.00844491409836634,0.010060717762242155
hinge,0.006031040032837054,0.0035993021026066163,0.005576659345030488,0.009184100621707048,0.010652248392513997,0.009535694695015473,0.008674945681592772,0.0007527520272351262,0.0,0.007225951727295343,0.009680628996321383
trapezoid,0.004981019556175803,0.0070539740231461145,0.005743164002812939,0.006933092241305228,0.004675802444636057,0.00793894387583538,0.004479251711671961,0.00844491409836634,0.007225951727295343,0.0,0.003157377965964936
random,0.009322476256842016,0.012894034238922325,0.010577957834361329,0.008455758697540339,0.006859665498251566,0.011575619804028325,0.009271800558502408,0.010060717762242155,0.009680628996321383,0.003157377965964936,0.0
