,square,rectangle,parallelogram,losange,isoTrapezoid,kite,rightKite,rustedHinge,hinge,trapezoid,random
square,0.0,0.003027871240213309,0.006505664289438773,0.010061915474536498,0.0025290359062591916,0.0022357127767729246,0.0018052763888155576,0.0047386691664721425,0.004124199594166322,0.00335570938853913,0.006385936362867772
rectangle,0.003027871240213309,0.0,0.0029357429003040725,0.007035957075462451,0.007061651357007648,0.004653278364996294,0.004351914714055938,0.003705104301839235,0.0023778636009998966,0.004902572642937142,0.009030073825335605
parallelogram,0.006505664289438773,0.0029357429003040725,0.0,0.0023237049909313745,0.008739104691502297,0.007803055386987778,0.006315410050016013,0.0051026729811856075,0.0036463928687332503,0.003920289194662474,0.007209412197898946
losange,0.010061915474536498,0.007035957075462451,0.0023237049909313745,0.0,0.010473094701334618,0.01064950761348793,0.009161300542828377,0.00689039139984593,0.006119400062248648,0.004778857064792197,0.0057156109482566775
isoTrapezoid,0.0025290359062591916,0.007061651357007648,0.008739104691502297,0.010473094701334618,0.0,0.0026106345107134166,0.002298756062108165,0.007561471324215141,0.007343046113794438,0.003255175010161815,0.004725477738828476
kite,0.0022357127767729246,0.004653278364996294,0.007803055386987778,0.01064950761348793,0.0026106345107134166,0.0,0.0013496875222082094,0.006757188328443076,0.006441156775536805,0.0054186918226617475,0.007939651935095493
rightKite,0.0018052763888155576,0.004351914714055938,0.006315410050016013,0.009161300542828377,0.002298756062108165,0.0013496875222082094,0.0,0.006238354103115018,0.005772127260602944,0.0030182336775443908,0.0063452365214971
rustedHinge,0.0047386691664721425,0.003705104301839235,0.0051026729811856075,0.00689039139984593,0.007561471324215141,0.006757188328443076,0.006238354103115018,0.0,0.0005039725463529265,0.005566236363979238,0.006807318194034018
hinge,0.004124199594166322,0.0023778636009998966,0.0036463928687332503,0.006119400062248648,0.007343046113794438,0.006441156775536805,0.005772127260602944,0.0005039725463529265,0.0,0.004813253776659754,0.006658218004625516
trapezoid,0.00335570938853913,0.004902572642937142,0.003920289194662474,0.004778857064792197,0.003255175010161815,0.0054186918226617475,0.0030182336775443908,0.005566236363979238,0.004813253776659754,0.0,0.002145634032399313
random,0.006385936362867772,0.009030073825335605,0.007209412197898946,0.0057156109482566775,0.004725477738828476,0.007939651935095493,0.0063452365214971,0.006807318194034018,0.006658218004625516,0.002145634032399313,0.0
