,square,rectangle,parallelogram,losange,isoTrapezoid,kite,rightKite,rustedHinge,hinge,trapezoid,random
square,0.0,0.0004473107166098611,0.0010469891298975353,0.0012647648179001658,0.0010418595383351326,0.0011287825081394143,0.0010090727164268065,0.0013420434566154826,0.0012689681716377965,0.0010951140325107245,0.0014555024343367862
rectangle,0.0004473107166098611,0.0,0.0009318182296448319,0.0012517054518632609,0.0012052202675120194,0.001242104629459062,0.0011419688363168978,0.0012490198544133913,0.0011238374184995292,0.0011791152562689033,0.001557307377310635
parallelogram,0.0010469891298975353,0.0009318182296448319,2.220446049250313e-16,0.0002844993587546307,0.0012525543053276689,0.001196710432004644,0.0011817644137466221,0.0012113709387704397,0.0010789480840954768,0.0007918857999420492,0.0011692818116733061
losange,0.0012647648179001658,0.0012517054518632609,0.0002844993587546307,0.0,0.0013763860800415362,0.0013551811743215403,0.0013405812408843198,0.0013491641636447227,0.0012679778992318314,0.000826452881670825,0.0010760196153876134
isoTrapezoid,0.0010418595383351326,0.0012052202675120194,0.0012525543053276689,0.0013763860800415362,0.0,0.0004994439534334871,0.0004321928139385811,0.0008359860862847679,0.000828586466730119,0.0004995067925743779,0.0006711203268842114
kite,0.0011287825081394143,0.001242104629459062,0.001196710432004644,0.0013551811743215403,0.0004994439534334871,0.0,0.0001935072657800463,0.0007367010240245664,0.0006786833217803379,0.0006731429577248038,0.0007462717909790806
rightKite,0.0010090727164268065,0.0011419688363168978,0.0011817644137466221,0.0013405812408843198,0.0004321928139385811,0.0001935072657800463,2.220446049250313e-16,0.000651578984243284,0.0006135527124107032,0.0005393333921446253,0.0006728027089265565
rustedHinge,0.0013420434566154826,0.0012490198544133913,0.0012113709387704397,0.0013491641636447227,0.0008359860862847679,0.0007367010240245664,0.000651578984243284,2.220446049250313e-16,9.661706213415222e-05,0.0007963094759633194,0.0007321575074339393
hinge,0.0012689681716377965,0.0011238374184995292,0.0010789480840954768,0.0012679778992318314,0.000828586466730119,0.0006786833217803379,0.0006135527124107032,9.661706213415222e-05,0.0,0.0007063925554241512,0.0006741545412777272
trapezoid,0.0010951140325107245,0.0011791152562689033,0.0007918857999420492,0.000826452881670825,0.0004995067925743779,0.0006731429577248038,0.0005393333921446253,0.0007963094759633194,0.0007063925554241512,0.0,0.0003445984083717546
random,0.0014555024343367862,0.001557307377310635,0.0011692818116733061,0.0010760196153876134,0.0006711203268842114,0.0007462717909790806,0.0006728027089265565,0.0007321575074339393,0.0006741545412777272,0.0003445984083717546,2.220446049250313e-16
