,square,rectangle,parallelogram,losange,isoTrapezoid,kite,rightKite,rustedHinge,hinge,trapezoid,random
square,1.1102230246251565e-16,0.042817698812024574,0.062161924043108385,0.0900122954456305,0.02674763172904837,0.019283267599706888,0.012042007203803218,0.046226936254151085,0.04406909091234279,0.029705663429551943,0.06081840531901439
rectangle,0.042817698812024574,0.0,0.023672834524217534,0.05761535982800292,0.09052076486091487,0.05361746523355926,0.049026266276389396,0.029473011896161694,0.018274659240705038,0.05140677400926652,0.091249546374222
parallelogram,0.062161924043108385,0.023672834524217534,0.0,0.024296295671519696,0.09187126903858689,0.07205942483867622,0.06039952060575249,0.039995909236930416,0.028956684834740565,0.04337071266262282,0.07621291998865543
losange,0.0900122954456305,0.05761535982800292,0.024296295671519696,0.0,0.09945294995285225,0.09255447837957997,0.08386178671013267,0.05169675718156175,0.04722461875294415,0.04910311020171165,0.054584596022968834
isoTrapezoid,0.02674763172904837,0.09052076486091487,0.09187126903858689,0.09945294995285225,1.1102230246251565e-16,0.02998237208029164,0.025480274762620714,0.0814164670762193,0.08451424924415807,0.036106436565981226,0.05271067804520846
kite,0.019283267599706888,0.05361746523355926,0.07205942483867622,0.09255447837957997,0.02998237208029164,0.0,0.013250912857393993,0.06678012670691935,0.06578573786194752,0.04810420132373017,0.07365341682954119
rightKite,0.012042007203803218,0.049026266276389396,0.06039952060575249,0.08386178671013267,0.025480274762620714,0.013250912857393993,0.0,0.0577542166195506,0.05578596780739087,0.02884375140233275,0.06584685895193154
rustedHinge,0.046226936254151085,0.029473011896161694,0.039995909236930416,0.05169675718156175,0.0814164670762193,0.06678012670691935,0.0577542166195506,0.0,0.004254042778762845,0.0492845914837835,0.06576174871787954
hinge,0.04406909091234279,0.018274659240705038,0.028956684834740565,0.04722461875294415,0.08451424924415807,0.06578573786194752,0.05578596780739087,0.004254042778762845,0.0,0.04564519164918568,0.06888340882450816
trapezoid,0.029705663429551943,0.05140677400926652,0.04337071266262282,0.04910311020171165,0.036106436565981226,0.04810420132373017,0.02884375140233275,0.0492845914837835,0.04564519164918568,0.0,0.027871678911095765
random,0.06081840531901439,0.091249546374222,0.07621291998865543,0.054584596022968834,0.05271067804520846,0.07365341682954119,0.06584685895193154,0.06576174871787954,0.06888340882450816,0.027871678911095765,1.1102230246251565e-16
