,square,rectangle,parallelogram,losange,isoTrapezoid,kite,rightKite,rustedHinge,hinge,trapezoid,random
square,0.0,0.004937589512659879,0.009863871737061713,0.014793645258583177,0.003800050119657339,0.0031202886280636832,0.002442139234277274,0.006989796922660996,0.006114919626196924,0.004999106168587009,0.009397704182905198
rectangle,0.004937589512659879,0.0,0.004284462425710345,0.010032740361748727,0.011130044259124117,0.007053447065568541,0.0066439231815784705,0.005278242696691082,0.0032792952311743173,0.007506945475852178,0.013553037081401098
parallelogram,0.009863871737061713,0.004284462425710345,1.1102230246251565e-16,0.003508942817832539,0.013335288872174944,0.011762199929429284,0.00961282401477992,0.007518819903972851,0.005351792217232032,0.006070473902850759,0.010945351277878657
losange,0.014793645258583177,0.010032740361748727,0.003508942817832539,0.0,0.015551919841402473,0.01563012701481714,0.013512091979439034,0.009927362474086876,0.008820411725125932,0.007136571918272883,0.008504310505073609
isoTrapezoid,0.003800050119657339,0.011130044259124117,0.013335288872174944,0.015551919841402473,0.0,0.004114520995863846,0.0035159406782019342,0.011461943550583054,0.011194406145717095,0.0050317843635077075,0.007130324570300273
kite,0.0031202886280636832,0.007053447065568541,0.011762199929429284,0.01563012701481714,0.004114520995863846,1.1102230246251565e-16,0.00210916464395261,0.009972110171546644,0.009521157995131424,0.008183746099093336,0.011900023768314671
rightKite,0.002442139234277274,0.0066439231815784705,0.00961282401477992,0.013512091979439034,0.0035159406782019342,0.00210916464395261,0.0,0.00923769515361561,0.00855177175276789,0.004531820349780058,0.009493540873027784
rustedHinge,0.006989796922660996,0.005278242696691082,0.007518819903972851,0.009927362474086876,0.011461943550583054,0.009972110171546644,0.00923769515361561,0.0,0.000783253877729928,0.008293622712266968,0.010290488795302588
hinge,0.006114919626196924,0.0032792952311743173,0.005351792217232032,0.008820411725125932,0.011194406145717095,0.009521157995131424,0.00855177175276789,0.000783253877729928,0.0,0.007215694112916782,0.010174761195547388
trapezoid,0.004999106168587009,0.007506945475852178,0.006070473902850759,0.007136571918272883,0.0050317843635077075,0.008183746099093336,0.004531820349780058,0.008293622712266968,0.007215694112916782,0.0,0.003241582685003186
random,0.009397704182905198,0.013553037081401098,0.010945351277878657,0.008504310505073609,0.007130324570300273,0.011900023768314671,0.009493540873027784,0.010290488795302588,0.010174761195547388,0.003241582685003186,0.0
