,square,rectangle,parallelogram,losange,isoTrapezoid,kite,rightKite,rustedHinge,hinge,trapezoid,random
square,0.0,0.006437782662813474,0.010174167377757781,0.0150368346890557,0.004112287672805803,0.0032096046080152263,0.0021015732586296965,0.007464933796839213,0.006891117038241856,0.005020395987827331,0.010155019095411277
rectangle,0.006437782662813474,0.0,0.003929246228502659,0.009773351301493816,0.013850692363574835,0.00833159755664159,0.007639572396688221,0.005181979842474815,0.003217561229285404,0.008161182555899593,0.014899671760047473
parallelogram,0.010174167377757781,0.003929246228502659,0.0,0.004037083454205503,0.014811396886574957,0.012069653317041906,0.010022274421105593,0.0069926766571594134,0.004942732944615114,0.006743876212176536,0.01227361127973714
losange,0.0150368346890557,0.009773351301493816,0.004037083454205503,2.220446049250313e-16,0.016547741972530283,0.015790906634828406,0.014166376851850071,0.00897686116738139,0.00806295562254511,0.007818526392828096,0.008795562915803967
isoTrapezoid,0.004112287672805803,0.013850692363574835,0.014811396886574957,0.016547741972530283,0.0,0.00474161105121973,0.0039808506806200405,0.012845015926114423,0.01305994868784055,0.005887214232372928,0.008716450072906223
kite,0.0032096046080152263,0.00833159755664159,0.012069653317041906,0.015790906634828406,0.00474161105121973,0.0,0.002188500609786259,0.010946502457637952,0.01064342898103321,0.008466572813698003,0.012906956685201587
rightKite,0.0021015732586296965,0.007639572396688221,0.010022274421105593,0.014166376851850071,0.0039808506806200405,0.002188500609786259,2.220446049250313e-16,0.009668598421773478,0.009129445829112903,0.005008827579289554,0.011188240235524893
rustedHinge,0.007464933796839213,0.005181979842474815,0.0069926766571594134,0.00897686116738139,0.012845015926114423,0.010946502457637952,0.009668598421773478,2.220446049250313e-16,0.0007048601503517604,0.008124314514853737,0.01054089059820984
hinge,0.006891117038241856,0.003217561229285404,0.004942732944615114,0.00806295562254511,0.01305994868784055,0.01064342898103321,0.009129445829112903,0.0007048601503517604,2.220446049250313e-16,0.007331483862737742,0.01096928191114388
trapezoid,0.005020395987827331,0.008161182555899593,0.006743876212176536,0.007818526392828096,0.005887214232372928,0.008466572813698003,0.005008827579289554,0.008124314514853737,0.007331483862737742,0.0,0.004316318177912337
random,0.010155019095411277,0.014899671760047473,0.01227361127973714,0.008795562915803967,0.008716450072906223,0.012906956685201587,0.011188240235524893,0.01054089059820984,0.01096928191114388,0.004316318177912337,0.0
