,square,rectangle,parallelogram,losange,isoTrapezoid,kite,rightKite,rustedHinge,hinge,trapezoid,random
square,0.0,0.03178911031623832,0.04716218318895926,0.06916126591561134,0.02067198805889936,0.015240533268833567,0.009465047671221694,0.03535380638357877,0.03316080982110925,0.023952514974496353,0.048935890635054435
rectangle,0.03178911031623832,0.0,0.018278619359221038,0.04575857932704097,0.07023463956550546,0.04104067222907526,0.03703569156885689,0.023487296595224194,0.01452528685325094,0.03991014127736903,0.07267354308559049
parallelogram,0.04716218318895926,0.018278619359221038,0.0,0.018725955541564754,0.07071400314357745,0.055726025223663433,0.04613728545438367,0.03156764326763006,0.0226553955075548,0.031686143869399164,0.05923803687411755
losange,0.06916126591561134,0.04575857932704097,0.018725955541564754,0.0,0.07663930887334014,0.07172322553260824,0.0643069320128209,0.0410495971575483,0.03754281446931229,0.035483689056958756,0.04077667223762882
isoTrapezoid,0.02067198805889936,0.07023463956550546,0.07071400314357745,0.07663930887334014,0.0,0.023230468019521222,0.019399660559667575,0.06304698725101432,0.06513639913588387,0.028093666215909252,0.04240781034746122
kite,0.015240533268833567,0.04104067222907526,0.055726025223663433,0.07172322553260824,0.023230468019521222,0.0,0.010317214180738832,0.051749247064543535,0.050818929272719915,0.039145122979109326,0.05990838662263165
rightKite,0.009465047671221694,0.03703569156885689,0.04613728545438367,0.0643069320128209,0.019399660559667575,0.010317214180738832,0.0,0.044760135401344936,0.042824433970468645,0.023301679669922803,0.05329542615203253
rustedHinge,0.03535380638357877,0.023487296595224194,0.03156764326763006,0.0410495971575483,0.06304698725101432,0.051749247064543535,0.044760135401344936,0.0,0.003199920293246228,0.03830233697332597,0.050913158019115556
hinge,0.03316080982110925,0.01452528685325094,0.0226553955075548,0.03754281446931229,0.06513639913588387,0.050818929272719915,0.042824433970468645,0.003199920293246228,1.1102230246251565e-16,0.035165547859044466,0.053643504494107264
trapezoid,0.023952514974496353,0.03991014127736903,0.031686143869399164,0.035483689056958756,0.028093666215909252,0.039145122979109326,0.023301679669922803,0.03830233697332597,0.035165547859044466,0.0,0.021818247307837213
random,0.048935890635054435,0.07267354308559049,0.05923803687411755,0.04077667223762882,0.04240781034746122,0.05990838662263165,0.05329542615203253,0.050913158019115556,0.053643504494107264,0.021818247307837213,1.1102230246251565e-16
