,square,rectangle,parallelogram,losange,isoTrapezoid,kite,rightKite,rustedHinge,hinge,trapezoid,random
square,0.0,0.001081857468039793,0.002236046701468264,0.0028476601064142404,0.0024319296973094318,0.0024893687280745924,0.002207608348794743,0.003086853618273322,0.0029142233012052765,0.0024152666792233157,0.0034569881868654617
rectangle,0.001081857468039793,0.0,0.0019188521427908611,0.002784838793012945,0.0028209345164356137,0.0027232011369869857,0.0025180052658007046,0.0027565922713286284,0.0024494995178879764,0.0026305831830689685,0.003670172315454079
parallelogram,0.002236046701468264,0.0019188521427908611,2.220446049250313e-16,0.0006596191909786775,0.002753793362402779,0.002524052370089569,0.0023931945730298887,0.0024247256065518252,0.002117058318308218,0.0016927869079973457,0.002621592444728038
losange,0.0028476601064142404,0.002784838793012945,0.0006596191909786775,0.0,0.0029708252309376126,0.0028971463365515815,0.0027524049265881256,0.002710534497674555,0.0025306810412657477,0.0016880310718745406,0.0023029705313170057
isoTrapezoid,0.0024319296973094318,0.0028209345164356137,0.002753793362402779,0.0029708252309376126,0.0,0.0011329836022641038,0.000991592994935564,0.0019848044450843094,0.0019578744570211137,0.0011374208227318272,0.0015614771367408187
kite,0.0024893687280745924,0.0027232011369869857,0.002524052370089569,0.0028971463365515815,0.0011329836022641038,0.0,0.0004230071950219738,0.0016803114661936291,0.00156674922793143,0.0015533108695051645,0.001824725111495007
rightKite,0.002207608348794743,0.0025180052658007046,0.0023931945730298887,0.0027524049265881256,0.000991592994935564,0.0004230071950219738,1.1102230246251565e-16,0.0015440140947713399,0.0014654650927579116,0.0011952756136917042,0.0015947440513616185
rustedHinge,0.003086853618273322,0.0027565922713286284,0.0024247256065518252,0.002710534497674555,0.0019848044450843094,0.0016803114661936291,0.0015440140947713399,1.1102230246251565e-16,0.0002148104692214492,0.0018062981288530233,0.0017708406342974436
hinge,0.0029142233012052765,0.0024494995178879764,0.002117058318308218,0.0025306810412657477,0.0019578744570211137,0.00156674922793143,0.0014654650927579116,0.0002148104692214492,0.0,0.0016182604504950682,0.0016537836069688838
trapezoid,0.0024152666792233157,0.0026305831830689685,0.0016927869079973457,0.0016880310718745406,0.0011374208227318272,0.0015533108695051645,0.0011952756136917042,0.0018062981288530233,0.0016182604504950682,0.0,0.0007817620301304729
random,0.0034569881868654617,0.003670172315454079,0.002621592444728038,0.0023029705313170057,0.0015614771367408187,0.001824725111495007,0.0015947440513616185,0.0017708406342974436,0.0016537836069688838,0.0007817620301304729,0.0
