,square,rectangle,parallelogram,losange,isoTrapezoid,kite,rightKite,rustedHinge,hinge,trapezoid,random
square,0.0,0.041328581699720424,0.08380271740974943,0.1199875176312174,0.11879340347068512,0.10920241732457292,0.0979601020545312,0.14408463044852193,0.1320218436691467,0.10048092154836263,0.16475995159480816
rectangle,0.041328581699720424,0.0,0.07955058167457296,0.12576695752041256,0.14382291986138185,0.12985057759073804,0.12096890741151844,0.14222743773586555,0.12267831448620647,0.11726219792297843,0.1826691417998737
parallelogram,0.08380271740974943,0.07955058167457296,1.1102230246251565e-16,0.024057832514740585,0.13187510768042776,0.109439834682026,0.10203495630945225,0.11320097314453892,0.09716360059419249,0.06680211005555936,0.12063186423751315
losange,0.1199875176312174,0.12576695752041256,0.024057832514740585,0.0,0.15523358936818343,0.13948847712499768,0.1298908054136121,0.13850515993025725,0.12808338068245995,0.07810358587050392,0.11642123315967423
isoTrapezoid,0.11879340347068512,0.14382291986138185,0.13187510768042776,0.15523358936818343,0.0,0.05421533114174171,0.05024003008828004,0.09204923943667198,0.08755995228566271,0.058693104863189016,0.08074098711236288
kite,0.10920241732457292,0.12985057759073804,0.109439834682026,0.13948847712499768,0.05421533114174171,0.0,0.017601042891029373,0.07114904261471489,0.06382645188089808,0.06405636913464696,0.08146512630102254
rightKite,0.0979601020545312,0.12096890741151844,0.10203495630945225,0.1298908054136121,0.05024003008828004,0.017601042891029373,1.1102230246251565e-16,0.06568970627913828,0.0638828986344504,0.05265668715191396,0.07326705175938697
rustedHinge,0.14408463044852193,0.14222743773586555,0.11320097314453892,0.13850515993025725,0.09204923943667198,0.07114904261471489,0.06568970627913828,0.0,0.011798261624933692,0.08338105435349308,0.0809537605124867
hinge,0.1320218436691467,0.12267831448620647,0.09716360059419249,0.12808338068245995,0.08755995228566271,0.06382645188089808,0.0638828986344504,0.011798261624933692,0.0,0.07108898818033504,0.07687951618385636
trapezoid,0.10048092154836263,0.11726219792297843,0.06680211005555936,0.07810358587050392,0.058693104863189016,0.06405636913464696,0.05265668715191396,0.08338105435349308,0.07108898818033504,1.1102230246251565e-16,0.038509412364558515
random,0.16475995159480816,0.1826691417998737,0.12063186423751315,0.11642123315967423,0.08074098711236288,0.08146512630102254,0.07326705175938697,0.0809537605124867,0.07687951618385636,0.038509412364558515,1.1102230246251565e-16
