,square,rectangle,parallelogram,losange,isoTrapezoid,kite,rightKite,rustedHinge,hinge,trapezoid,random
square,0.0,0.02014015153465143,0.03022013021062364,0.044866093584499445,0.01318737801004044,0.009852740921644676,0.0062824977979232255,0.02278031826724447,0.021150804620942987,0.015479031437109825,0.03142758063666906
rectangle,0.02014015153465143,0.0,0.011909618840377223,0.02979349916237728,0.04435074883406798,0.026376438923485845,0.023856892347539738,0.015507241115445658,0.009533774598976641,0.02560484507007288,0.0465779925498645
parallelogram,0.03022013021062364,0.011909618840377223,0.0,0.012464185699821106,0.04503715072529746,0.036066510683033015,0.029807460480429926,0.020932017317295326,0.0149528997646865,0.020319847273570724,0.03807656150534
losange,0.044866093584499445,0.02979349916237728,0.012464185699821106,0.0,0.049495441670558415,0.046747849542159714,0.04209150190687749,0.02693118087499924,0.024652680239186986,0.023200920465418773,0.026505618216334237
isoTrapezoid,0.01318737801004044,0.04435074883406798,0.04503715072529746,0.049495441670558415,0.0,0.014788502946862181,0.012520418167994762,0.04040437865832269,0.04136564075086391,0.018105897271650684,0.027210625311769876
kite,0.009852740921644676,0.026376438923485845,0.036066510683033015,0.046747849542159714,0.014788502946862181,0.0,0.006761667153360684,0.03351981523684433,0.03276216801716725,0.025499307952832728,0.03886307334050909
rightKite,0.0062824977979232255,0.023856892347539738,0.029807460480429926,0.04209150190687749,0.012520418167994762,0.006761667153360684,0.0,0.029194672544905598,0.027741921324436536,0.015238738109637162,0.03457681912141386
rustedHinge,0.02278031826724447,0.015507241115445658,0.020932017317295326,0.02693118087499924,0.04040437865832269,0.03351981523684433,0.029194672544905598,2.220446049250313e-16,0.002151401344214432,0.024953553400384965,0.0326889385939485
hinge,0.021150804620942987,0.009533774598976641,0.0149528997646865,0.024652680239186986,0.04136564075086391,0.03276216801716725,0.027741921324436536,0.002151401344214432,2.220446049250313e-16,0.02287543783740431,0.03455143356529722
trapezoid,0.015479031437109825,0.02560484507007288,0.020319847273570724,0.023200920465418773,0.018105897271650684,0.025499307952832728,0.015238738109637162,0.024953553400384965,0.02287543783740431,2.220446049250313e-16,0.01403626680123149
random,0.03142758063666906,0.0465779925498645,0.03807656150534,0.026505618216334237,0.027210625311769876,0.03886307334050909,0.03457681912141386,0.0326889385939485,0.03455143356529722,0.01403626680123149,0.0
