,square,rectangle,parallelogram,losange,isoTrapezoid,kite,rightKite,rustedHinge,hinge,trapezoid,random
square,0.0,0.006324301535959309,0.01747458827417736,0.026202619728750487,0.010898768489214006,0.011479543082577703,0.010254919801513385,0.016626894994807517,0.014023434084494912,0.012582678610146059,0.02261099660910626
rectangle,0.006324301535959309,0.0,0.010554725755556271,0.020903561504691415,0.019903992647727797,0.016066395882221585,0.015220737610461499,0.014466229159927013,0.010391146760662329,0.015849265890962583,0.027689062995420843
parallelogram,0.01747458827417736,0.010554725755556271,0.0,0.006582773378637108,0.02219593159755573,0.022612531858207885,0.019044533642736283,0.01754828217727089,0.013605960121662597,0.01153412143382826,0.02157528853011803
losange,0.026202619728750487,0.020903561504691415,0.006582773378637108,0.0,0.025701948516265727,0.02874020585080761,0.02517656770288612,0.02196686492496125,0.019789132910231766,0.013122614270177246,0.01781494841456599
isoTrapezoid,0.010898768489214006,0.019903992647727797,0.02219593159755573,0.025701948516265727,0.0,0.008712678410112584,0.007782329082927197,0.021350757481978677,0.02064984976602946,0.008746829640037701,0.013807485563492317
kite,0.011479543082577703,0.016066395882221585,0.022612531858207885,0.02874020585080761,0.008712678410112584,1.1102230246251565e-16,0.004030873197189977,0.01962196566566754,0.01834524946265781,0.016494444413636344,0.02164884824802249
rightKite,0.010254919801513385,0.015220737610461499,0.019044533642736283,0.02517656770288612,0.007782329082927197,0.004030873197189977,0.0,0.01810559539029366,0.016576853149622206,0.010194553291365427,0.01740796713246051
rustedHinge,0.016626894994807517,0.014466229159927013,0.01754828217727089,0.02196686492496125,0.021350757481978677,0.01962196566566754,0.01810559539029366,0.0,0.0016900197279643425,0.017685779804442414,0.019136811877208393
hinge,0.014023434084494912,0.010391146760662329,0.013605960121662597,0.019789132910231766,0.02064984976602946,0.01834524946265781,0.016576853149622206,0.0016900197279643425,0.0,0.015524858703359623,0.018223341455992803
trapezoid,0.012582678610146059,0.015849265890962583,0.01153412143382826,0.013122614270177246,0.008746829640037701,0.016494444413636344,0.010194553291365427,0.017685779804442414,0.015524858703359623,0.0,0.007275558747594113
random,0.02261099660910626,0.027689062995420843,0.02157528853011803,0.01781494841456599,0.013807485563492317,0.02164884824802249,0.01740796713246051,0.019136811877208393,0.018223341455992803,0.007275558747594113,1.1102230246251565e-16
