,square,rectangle,parallelogram,losange,isoTrapezoid,kite,rightKite,rustedHinge,hinge,trapezoid,random
square,0.0,0.09970702020174571,0.19966975135632814,0.25217069746608733,0.20069372001557095,0.1785203555986411,0.16361566673755468,0.21460019187899837,0.18105136755475681,0.1862358541906164,0.25507423158769216
rectangle,0.09970702020174571,0.0,0.16634834229867168,0.2437538369856742,0.2502661423808422,0.2186385245587461,0.2132671654938354,0.21045708916672645,0.15253071346537794,0.21227666581670113,0.2799674255425657
parallelogram,0.19966975135632814,0.16634834229867168,0.0,0.06758329287434262,0.2464382925905172,0.20868488491730586,0.21824319664625436,0.20428341059813349,0.16624110094546063,0.15778578901326235,0.21019181681527854
losange,0.25217069746608733,0.2437538369856742,0.06758329287434262,0.0,0.2766309840342277,0.2507980246895728,0.26192950000103754,0.23788310384061384,0.22021072328248703,0.18384988280739512,0.19907634748496883
isoTrapezoid,0.20069372001557095,0.2502661423808422,0.2464382925905172,0.2766309840342277,1.1102230246251565e-16,0.09682755867437143,0.08465807180345175,0.1874995665281951,0.1786197082498585,0.09376831107226935,0.14637339322247034
kite,0.1785203555986411,0.2186385245587461,0.20868488491730586,0.2507980246895728,0.09682755867437143,0.0,0.050954276310590796,0.1601147548816364,0.1474748020279023,0.13895041962721588,0.17570802285720288
rightKite,0.16361566673755468,0.2132671654938354,0.21824319664625436,0.26192950000103754,0.08465807180345175,0.050954276310590796,1.1102230246251565e-16,0.15345268829769942,0.13806629498238143,0.11117282017900532,0.17393984308991206
rustedHinge,0.21460019187899837,0.21045708916672645,0.20428341059813349,0.23788310384061384,0.1874995665281951,0.1601147548816364,0.15345268829769942,0.0,0.035013066062015485,0.17338884255009335,0.16966659495904002
hinge,0.18105136755475681,0.15253071346537794,0.16624110094546063,0.22021072328248703,0.1786197082498585,0.1474748020279023,0.13806629498238143,0.035013066062015485,1.1102230246251565e-16,0.1512231316576168,0.17256505574993897
trapezoid,0.1862358541906164,0.21227666581670113,0.15778578901326235,0.18384988280739512,0.09376831107226935,0.13895041962721588,0.11117282017900532,0.17338884255009335,0.1512231316576168,1.1102230246251565e-16,0.08650657334525325
random,0.25507423158769216,0.2799674255425657,0.21019181681527854,0.19907634748496883,0.14637339322247034,0.17570802285720288,0.17393984308991206,0.16966659495904002,0.17256505574993897,0.08650657334525325,0.0
