,square,rectangle,parallelogram,losange,isoTrapezoid,kite,rightKite,rustedHinge,hinge,trapezoid,random
square,1.1102230246251565e-16,0.014831880951445053,0.02264873701240877,0.03258881258839108,0.00879952191828659,0.006125164270478711,0.005261864101558378,0.01656035053696192,0.0151693611262802,0.009785040866300276,0.018195718709817843
rectangle,0.014831880951445053,0.0,0.00859908726717229,0.01725735033676501,0.020962522010248952,0.01563648188441613,0.015838398330680348,0.00952428090809665,0.00610378502190978,0.016720257211032763,0.02279940993873708
parallelogram,0.02264873701240877,0.00859908726717229,1.1102230246251565e-16,0.010488166260034348,0.02573210376145041,0.023226430872206216,0.02093675110600557,0.014325942456037022,0.010833734671716,0.01797463790095566,0.024024738844422355
losange,0.03258881258839108,0.01725735033676501,0.010488166260034348,0.0,0.029926247341327095,0.031081364327198435,0.03015201593942629,0.0163380048667634,0.015417649628858388,0.02067156121054603,0.019108626293958708
isoTrapezoid,0.00879952191828659,0.020962522010248952,0.02573210376145041,0.029926247341327095,1.1102230246251565e-16,0.00876528783397812,0.008357991497426331,0.02162372116858735,0.020938136788546058,0.01023633057542428,0.01498284724674337
kite,0.006125164270478711,0.01563648188441613,0.023226430872206216,0.031081364327198435,0.00876528783397812,0.0,0.005197386835897433,0.019458577826976575,0.018383982637511842,0.015219874110641074,0.0211945619391688
rightKite,0.005261864101558378,0.015838398330680348,0.02093675110600557,0.03015201593942629,0.008357991497426331,0.005197386835897433,1.1102230246251565e-16,0.01861344405238674,0.01739344517227459,0.009969442583728227,0.019838305883684626
rustedHinge,0.01656035053696192,0.00952428090809665,0.014325942456037022,0.0163380048667634,0.02162372116858735,0.019458577826976575,0.01861344405238674,1.1102230246251565e-16,0.0021541055986397106,0.017441927637369292,0.018084987286020482
hinge,0.0151693611262802,0.00610378502190978,0.010833734671716,0.015417649628858388,0.020938136788546058,0.018383982637511842,0.01739344517227459,0.0021541055986397106,0.0,0.01603835683395194,0.0185144468262618
trapezoid,0.009785040866300276,0.016720257211032763,0.01797463790095566,0.02067156121054603,0.01023633057542428,0.015219874110641074,0.009969442583728227,0.017441927637369292,0.01603835683395194,0.0,0.01006005911436103
random,0.018195718709817843,0.02279940993873708,0.024024738844422355,0.019108626293958708,0.01498284724674337,0.0211945619391688,0.019838305883684626,0.018084987286020482,0.0185144468262618,0.01006005911436103,0.0
