,square,rectangle,parallelogram,losange,isoTrapezoid,kite,rightKite,rustedHinge,hinge,trapezoid,random
square,0.0,0.08041636473852587,0.12558831759557554,0.1505206818416055,0.13744542603925847,0.12474178151350257,0.11327378134546184,0.14943217356717398,0.12466105036291719,0.12396621749391745,0.17137605975537473
rectangle,0.08041636473852587,0.0,0.11386637488713836,0.15409064839277575,0.16535571788697856,0.15547538418526474,0.1492606104655947,0.1534446564918086,0.11147708172513471,0.13791967163490593,0.18562608693248528
parallelogram,0.12558831759557554,0.11386637488713836,0.0,0.04109443130832269,0.14750791727989698,0.12730969733364572,0.1300954779517831,0.12440988206669101,0.100734428933824,0.09507261469066419,0.12857224599859296
losange,0.1505206818416055,0.15409064839277575,0.04109443130832269,2.220446049250313e-16,0.16195285070116572,0.1476610366220421,0.150177038491624,0.13774720589576916,0.12507771789600453,0.1044549303163802,0.12225224891291409
isoTrapezoid,0.13744542603925847,0.16535571788697856,0.14750791727989698,0.16195285070116572,0.0,0.0641110225580015,0.05601254864720451,0.126768343706263,0.11407768721624423,0.05763898198881923,0.09440430803208233
kite,0.12474178151350257,0.15547538418526474,0.12730969733364572,0.1476610366220421,0.0641110225580015,0.0,0.034152278912362166,0.10719060063342645,0.09567969238073593,0.08560008268745989,0.10651157664692412
rightKite,0.11327378134546184,0.1492606104655947,0.1300954779517831,0.150177038491624,0.05601254864720451,0.034152278912362166,0.0,0.10312689107518525,0.089272244896201,0.0681077795444941,0.10876962563924142
rustedHinge,0.14943217356717398,0.1534446564918086,0.12440988206669101,0.13774720589576916,0.126768343706263,0.10719060063342645,0.10312689107518525,0.0,0.02832186391011904,0.1098680557156928,0.10580970412468849
hinge,0.12466105036291719,0.11147708172513471,0.100734428933824,0.12507771789600453,0.11407768721624423,0.09567969238073593,0.089272244896201,0.02832186391011904,0.0,0.09250737036009493,0.10462068108095768
trapezoid,0.12396621749391745,0.13791967163490593,0.09507261469066419,0.1044549303163802,0.05763898198881923,0.08560008268745989,0.0681077795444941,0.1098680557156928,0.09250737036009493,1.1102230246251565e-16,0.05788666599521042
random,0.17137605975537473,0.18562608693248528,0.12857224599859296,0.12225224891291409,0.09440430803208233,0.10651157664692412,0.10876962563924142,0.10580970412468849,0.10462068108095768,0.05788666599521042,0.0
