,square,rectangle,parallelogram,losange,isoTrapezoid,kite,rightKite,rustedHinge,hinge,trapezoid,random
square,2.220446049250313e-16,0.04234071747868895,0.10159672427279443,0.1419423858099943,0.07743581930221011,0.06450651031858368,0.07441742882863056,0.10581426965066998,0.08518101009895573,0.07619115411053179,0.1130673622992785
rectangle,0.04234071747868895,0.0,0.05332860079856905,0.09856042077753813,0.12490647584362857,0.09049326442656003,0.10320205270996219,0.09232521488071332,0.06182229096434244,0.09122139942140317,0.13434201327167117
parallelogram,0.10159672427279443,0.05332860079856905,0.0,0.029508761264962935,0.15634155832971297,0.1317541548470864,0.13374430273676352,0.11188250820392598,0.08177451373301159,0.08037865925352983,0.1170842188188499
losange,0.1419423858099943,0.09856042077753813,0.029508761264962935,0.0,0.1755703175154245,0.16128587361318714,0.16322447843585774,0.13355158746215834,0.11122386369223014,0.09055126750170106,0.10798347685968424
isoTrapezoid,0.07743581930221011,0.12490647584362857,0.15634155832971297,0.1755703175154245,0.0,0.04973933581235768,0.043395914877196184,0.1156483688456188,0.11504017107992204,0.05878375103516453,0.0753804252107465
kite,0.06450651031858368,0.09049326442656003,0.1317541548470864,0.16128587361318714,0.04973933581235768,1.1102230246251565e-16,0.027295866874469166,0.10734305784223563,0.09987238394473452,0.09189159104600819,0.10987161811410084
rightKite,0.07441742882863056,0.10320205270996219,0.13374430273676352,0.16322447843585774,0.043395914877196184,0.027295866874469166,0.0,0.10114545335239522,0.09704989836919276,0.0619604905245561,0.0947817082102963
rustedHinge,0.10581426965066998,0.09232521488071332,0.11188250820392598,0.13355158746215834,0.1156483688456188,0.10734305784223563,0.10114545335239522,2.220446049250313e-16,0.011764870965127683,0.10003229938059244,0.1025743948754837
hinge,0.08518101009895573,0.06182229096434244,0.08177451373301159,0.11122386369223014,0.11504017107992204,0.09987238394473452,0.09704989836919276,0.011764870965127683,0.0,0.08965174860243696,0.09835910669743186
trapezoid,0.07619115411053179,0.09122139942140317,0.08037865925352983,0.09055126750170106,0.05878375103516453,0.09189159104600819,0.0619604905245561,0.10003229938059244,0.08965174860243696,0.0,0.035293539032063226
random,0.1130673622992785,0.13434201327167117,0.1170842188188499,0.10798347685968424,0.0753804252107465,0.10987161811410084,0.0947817082102963,0.1025743948754837,0.09835910669743186,0.035293539032063226,0.0
