,square,rectangle,parallelogram,losange,isoTrapezoid,kite,rightKite,rustedHinge,hinge,trapezoid,random
square,0.0,0.038335714993301906,0.08333687428109804,0.12069702581009056,0.03791936111711958,0.03580323598286694,0.031056387285403497,0.0641795350417429,0.055036692844006474,0.046861285262076224,0.0864914572676595
rectangle,0.038335714993301906,0.0,0.04029260113305555,0.08277338567026582,0.08589591383791528,0.06259224267525221,0.061208471633787065,0.052413147574603136,0.03385779132075917,0.06411332190707963,0.10865850326457227
parallelogram,0.08333687428109804,0.04029260113305555,1.1102230246251565e-16,0.027304889409806465,0.10341441809872154,0.09302649594098944,0.08359706279206491,0.06642739349666493,0.04843327947789733,0.05371501565697234,0.08825738364628888
losange,0.12069702581009056,0.08277338567026582,0.027304889409806465,1.1102230246251565e-16,0.11967016427402677,0.11938067435855637,0.11133114366377472,0.08487204542918747,0.0738307591384082,0.06372358766654951,0.07423533933472226
isoTrapezoid,0.03791936111711958,0.08589591383791528,0.10341441809872154,0.11967016427402677,1.1102230246251565e-16,0.03552731964256095,0.03147885918419435,0.08533287128331168,0.08468914590274212,0.040389576536391636,0.058237780072928236
kite,0.03580323598286694,0.06259224267525221,0.09302649594098944,0.11938067435855637,0.03552731964256095,0.0,0.018034315890295027,0.07694424910304509,0.0729859255461367,0.06849695274747702,0.09184254993447083
rightKite,0.031056387285403497,0.061208471633787065,0.08359706279206491,0.11133114366377472,0.03147885918419435,0.018034315890295027,0.0,0.07226134493161762,0.06742304931313803,0.04297918214255669,0.0763716692445019
rustedHinge,0.0641795350417429,0.052413147574603136,0.06642739349666493,0.08487204542918747,0.08533287128331168,0.07694424910304509,0.07226134493161762,0.0,0.007654834188506321,0.06614858433815696,0.07506272268641767
hinge,0.055036692844006474,0.03385779132075917,0.04843327947789733,0.0738307591384082,0.08468914590274212,0.0729859255461367,0.06742304931313803,0.007654834188506321,0.0,0.05913712580415986,0.07532636695376227
trapezoid,0.046861285262076224,0.06411332190707963,0.05371501565697234,0.06372358766654951,0.040389576536391636,0.06849695274747702,0.04297918214255669,0.06614858433815696,0.05913712580415986,0.0,0.028561311791495014
random,0.0864914572676595,0.10865850326457227,0.08825738364628888,0.07423533933472226,0.058237780072928236,0.09184254993447083,0.0763716692445019,0.07506272268641767,0.07532636695376227,0.028561311791495014,0.0
