,square,rectangle,parallelogram,losange,isoTrapezoid,kite,rightKite,rustedHinge,hinge,trapezoid,random
square,0.0,0.05306731554259436,0.15536682482568864,0.2053399909545509,0.13499408729959794,0.12131267160693082,0.1167583816193084,0.1633672999335577,0.13586523782667337,0.1334999038812199,0.1896305035501955
rectangle,0.05306731554259436,0.0,0.12300717616665613,0.1861480939830913,0.17887850642703695,0.15605746278117516,0.1529151811968995,0.15570812540014323,0.11598859580688003,0.1550111208475784,0.21327679144343192
parallelogram,0.15536682482568864,0.12300717616665613,0.0,0.04422816292880738,0.18670240886176748,0.15169060131008416,0.16227898645391847,0.15436375297635674,0.12180661954967265,0.11697953346275758,0.15574564381526268
losange,0.2053399909545509,0.1861480939830913,0.04422816292880738,0.0,0.20596375635022612,0.18108904153028893,0.1924441949465865,0.17673088769087586,0.15593365861999764,0.12827729509914754,0.13978751864893846
isoTrapezoid,0.13499408729959794,0.17887850642703695,0.18670240886176748,0.20596375635022612,0.0,0.0724370851635675,0.060442980318270334,0.1516186958913408,0.143670047009546,0.06060927538263883,0.09998026936991156
kite,0.12131267160693082,0.15605746278117516,0.15169060131008416,0.18108904153028893,0.0724370851635675,0.0,0.03633496419763971,0.12451957208304132,0.11273445738068744,0.10004815380843979,0.12470633258308306
rightKite,0.1167583816193084,0.1529151811968995,0.16227898645391847,0.1924441949465865,0.060442980318270334,0.03633496419763971,0.0,0.11513888225302416,0.10360350548207253,0.07748818715672945,0.12505971513608216
rustedHinge,0.1633672999335577,0.15570812540014323,0.15436375297635674,0.17673088769087586,0.1516186958913408,0.12451957208304132,0.11513888225302416,0.0,0.017931649039623743,0.13070561019482363,0.1297183173779971
hinge,0.13586523782667337,0.11598859580688003,0.12180661954967265,0.15593365861999764,0.143670047009546,0.11273445738068744,0.10360350548207253,0.017931649039623743,0.0,0.11456440643912558,0.12809640813290735
trapezoid,0.1334999038812199,0.1550111208475784,0.11697953346275758,0.12827729509914754,0.06060927538263883,0.10004815380843979,0.07748818715672945,0.13070561019482363,0.11456440643912558,0.0,0.05433375739651136
random,0.1896305035501955,0.21327679144343192,0.15574564381526268,0.13978751864893846,0.09998026936991156,0.12470633258308306,0.12505971513608216,0.1297183173779971,0.12809640813290735,0.05433375739651136,2.220446049250313e-16
