,square,rectangle,parallelogram,losange,isoTrapezoid,kite,rightKite,rustedHinge,hinge,trapezoid,random
square,1.1102230246251565e-16,0.010776067630132946,0.01547683558926305,0.02200083156212862,0.0059448242202371215,0.004141732129671172,0.0029676259536219884,0.011086766155774641,0.010722078716041139,0.006506469178565677,0.012777561096952939
rectangle,0.010776067630132946,0.0,0.005518135692760828,0.011653198339548476,0.01691184268548529,0.011755363126905838,0.011326988790615333,0.006142488319979322,0.003929038359264281,0.011778836905458556,0.017373064801100013
parallelogram,0.01547683558926305,0.005518135692760828,1.1102230246251565e-16,0.005930959042942052,0.019139516410895396,0.01640833159479249,0.014689026012862705,0.009025839158316118,0.006674020933602365,0.012249611121972759,0.016894291904758996
losange,0.02200083156212862,0.011653198339548476,0.005930959042942052,1.1102230246251565e-16,0.021638046058160554,0.021581521268567827,0.02054138562116592,0.011078028212116675,0.010006906941752769,0.014169470464465594,0.013569180059235353
isoTrapezoid,0.0059448242202371215,0.01691184268548529,0.019139516410895396,0.021638046058160554,0.0,0.006288673740410755,0.0057395998828700945,0.016071401252737205,0.016332399463468095,0.007312942863699212,0.0103941234008732
kite,0.004141732129671172,0.011755363126905838,0.01640833159479249,0.021581521268567827,0.006288673740410755,0.0,0.00311504828272291,0.014095033315277727,0.013794352009914301,0.010158778582989636,0.014961132864892868
rightKite,0.0029676259536219884,0.011326988790615333,0.014689026012862705,0.02054138562116592,0.0057395998828700945,0.00311504828272291,0.0,0.012849858514239254,0.012427079219453852,0.006392941984024292,0.01374800000088694
rustedHinge,0.011086766155774641,0.006142488319979322,0.009025839158316118,0.011078028212116675,0.016071401252737205,0.014095033315277727,0.012849858514239254,0.0,0.0012165634863703367,0.01155022545386497,0.01365519061186471
hinge,0.010722078716041139,0.003929038359264281,0.006674020933602365,0.010006906941752769,0.016332399463468095,0.013794352009914301,0.012427079219453852,0.0012165634863703367,0.0,0.010851988582120997,0.014002889226197968
trapezoid,0.006506469178565677,0.011778836905458556,0.012249611121972759,0.014169470464465594,0.007312942863699212,0.010158778582989636,0.006392941984024292,0.01155022545386497,0.010851988582120997,1.1102230246251565e-16,0.006806442945195834
random,0.012777561096952939,0.017373064801100013,0.016894291904758996,0.013569180059235353,0.0103941234008732,0.014961132864892868,0.01374800000088694,0.01365519061186471,0.014002889226197968,0.006806442945195834,0.0
