,square,rectangle,parallelogram,losange,isoTrapezoid,kite,rightKite,rustedHinge,hinge,trapezoid,random
square,0.0,7.439900068419432,9.311979707370087,11.144326747527863,5.765883843490163,4.819735430676097,3.868713183546396,7.750748717391307,7.578540047193531,6.19325767101939,9.06342446669117
rectangle,7.439900068419432,0.0,5.456635230298072,8.545888449819977,10.1819218051475,8.190235222375435,7.913630355765381,6.277977282483445,4.927678688813547,8.165596419041675,10.775583091263321
parallelogram,9.311979707370087,5.456635230298072,0.0,5.524887093892886,10.870596041749335,9.903692772171073,9.178396379804239,7.28022780567205,6.05406472856087,7.890798212475865,10.047964643499382
losange,11.144326747527863,8.545888449819977,5.524887093892886,0.0,11.397003731896369,11.350337220085223,10.806980109352486,8.227729417317422,7.7382280381919015,8.340912477177667,8.450085391308454
isoTrapezoid,5.765883843490163,10.1819218051475,10.870596041749335,11.397003731896369,0.0,5.936504544526198,5.506144096625766,9.864760397085025,10.009937268626897,6.5137975904107766,7.994314129324232
kite,4.819735430676097,8.190235222375435,9.903692772171073,11.350337220085223,5.936504544526198,0.0,4.031491712502067,9.317150329013442,9.224132170622195,7.992409804894094,10.05156879303304
rightKite,3.868713183546396,7.913630355765381,9.178396379804239,10.806980109352486,5.506144096625766,4.031491712502067,0.0,8.737231773599992,8.566553313455906,6.110449263000931,9.309928801109569
rustedHinge,7.750748717391307,6.277977282483445,7.28022780567205,8.227729417317422,9.864760397085025,9.317150329013442,8.737231773599992,0.0,2.4325895386586,8.000410522510313,9.168989830002051
hinge,7.578540047193531,4.927678688813547,6.05406472856087,7.7382280381919015,10.009937268626897,9.224132170622195,8.566553313455906,2.4325895386586,0.0,7.674976341638116,9.346782178387734
trapezoid,6.19325767101939,8.165596419041675,7.890798212475865,8.340912477177667,6.5137975904107766,7.992409804894094,6.110449263000931,8.000410522510313,7.674976341638116,0.0,5.92601984612373
random,9.06342446669117,10.775583091263321,10.047964643499382,8.450085391308454,7.994314129324232,10.05156879303304,9.309928801109569,9.168989830002051,9.346782178387734,5.92601984612373,0.0
