,square,rectangle,parallelogram,losange,isoTrapezoid,kite,rightKite,rustedHinge,hinge,trapezoid,random
square,0.0,214.57652601951054,279.81330214824703,328.7057041796556,160.41344503860464,136.2329808370772,106.09718888314637,224.80554861927203,221.4132125838817,176.19550445996936,266.41577198769227
rectangle,214.57652601951054,0.0,145.88009183175922,246.21455943315223,302.4189862940159,235.8429198689848,228.49064516394208,186.1917483069014,146.2484373232843,232.61987818072586,326.54184349643697
parallelogram,279.81330214824703,145.88009183175922,0.0,147.34757860636577,333.46666943794503,296.1329038149735,277.75710525564057,210.11869619637383,171.13225010029507,230.3500321716202,302.94322813450384
losange,328.7057041796556,246.21455943315223,147.34757860636577,0.0,346.40100584630324,340.1149495391948,319.83790102064944,241.14200047847416,221.47789810916157,235.3529266878206,247.68282917605845
isoTrapezoid,160.41344503860464,302.4189862940159,333.46666943794503,346.40100584630324,0.0,169.6287501619416,149.9834370709245,289.06254616475127,296.2553240975848,185.86319258132582,230.03021142924052
kite,136.2329808370772,235.8429198689848,296.1329038149735,340.1149495391948,169.6287501619416,0.0,109.64814187566226,278.4809414102245,275.51967210859203,233.09831619717758,302.6423807541883
rightKite,106.09718888314637,228.49064516394208,277.75710525564057,319.83790102064944,149.9834370709245,109.64814187566226,0.0,259.3208867570493,255.21340865813562,174.56876494127,272.4996355375004
rustedHinge,224.80554861927203,186.1917483069014,210.11869619637383,241.14200047847416,289.06254616475127,278.4809414102245,259.3208867570493,0.0,65.52537241237113,224.7339609965769,272.23691972130547
hinge,221.4132125838817,146.2484373232843,171.13225010029507,221.47789810916157,296.2553240975848,275.51967210859203,255.21340865813562,65.52537241237113,0.0,214.32832527675546,276.9784996303796
trapezoid,176.19550445996936,232.61987818072586,230.3500321716202,235.3529266878206,185.86319258132582,233.09831619717758,174.56876494127,224.7339609965769,214.32832527675546,0.0,160.8018108158494
random,266.41577198769227,326.54184349643697,302.94322813450384,247.68282917605845,230.03021142924052,302.6423807541883,272.4996355375004,272.23691972130547,276.9784996303796,160.8018108158494,0.0
