,square,rectangle,parallelogram,losange,isoTrapezoid,kite,rightKite,rustedHinge,hinge,trapezoid,random
square,0.0,6.316215552558186,12.535419180641192,14.278673527158903,17.792390659943578,18.129765822266908,17.67168617181681,19.281297914449976,18.158273724010076,15.408142368131033,20.136265389974202
rectangle,6.316215552558186,0.0,12.156935567497209,14.631938683666423,18.911545939405848,18.891804363263567,18.594464655507092,19.59050782257904,18.226776833214757,16.134694008358384,20.87801926451309
parallelogram,12.535419180641192,12.156935567497209,0.0,6.496383384699708,16.886961976533595,16.708387781049435,16.51051566051749,17.205521905439017,16.172953597223287,12.55870851558137,17.766822680218354
losange,14.278673527158903,14.631938683666423,6.496383384699708,0.0,16.408298409325162,16.339342721983726,15.893988680870919,16.6284507256699,15.972902798259122,12.373454607799056,16.149200098568485
isoTrapezoid,17.792390659943578,18.911545939405848,16.886961976533595,16.408298409325162,0.0,11.30796043709646,11.420826002423846,15.778075409540222,15.189660454739386,10.408891142878336,12.958424117355435
kite,18.129765822266908,18.891804363263567,16.708387781049435,16.339342721983726,11.30796043709646,0.0,5.170273962754766,12.299182143868315,10.84541094472098,12.161356404550117,11.084706735533153
rightKite,17.67168617181681,18.594464655507092,16.51051566051749,15.893988680870919,11.420826002423846,5.170273962754766,0.0,10.704104290338837,9.962592568145947,12.570787485492913,11.845285462613889
rustedHinge,19.281297914449976,19.59050782257904,17.205521905439017,16.6284507256699,15.778075409540222,12.299182143868315,10.704104290338837,0.0,4.63801795680189,15.788517874176428,14.415967914889466
hinge,18.158273724010076,18.226776833214757,16.172953597223287,15.972902798259122,15.189660454739386,10.84541094472098,9.962592568145947,4.63801795680189,0.0,14.596388650553573,13.603796084574235
trapezoid,15.408142368131033,16.134694008358384,12.55870851558137,12.373454607799056,10.408891142878336,12.161356404550117,12.570787485492913,15.788517874176428,14.596388650553573,0.0,11.25895389198175
random,20.136265389974202,20.87801926451309,17.766822680218354,16.149200098568485,12.958424117355435,11.084706735533153,11.845285462613889,14.415967914889466,13.603796084574235,11.25895389198175,0.0
