,square,rectangle,parallelogram,losange,isoTrapezoid,kite,rightKite,rustedHinge,hinge,trapezoid,random
square,0.0,66.17835097607414,146.1405473318461,173.53484543111375,195.6212118235154,198.39670476611713,192.89201184079428,200.6531106353596,186.815606917892,183.1399578588774,227.92936673644328
rectangle,66.17835097607414,0.0,139.89134416795142,170.32256351624298,206.35947135861275,205.33247182164666,201.76811164638653,202.5880500913005,186.8519950261704,187.88062942177226,232.89371327771167
parallelogram,146.1405473318461,139.89134416795142,0.0,74.86277301957264,179.18061955196532,180.05902174722732,178.75540015774143,178.91426794279337,166.43730172298422,135.08562843595195,192.0295935192103
losange,173.53484543111375,170.32256351624298,74.86277301957264,0.0,177.81645986388563,178.33619378264837,173.40677497429996,169.775627234427,162.08183150662586,138.3321712655986,174.83201808242129
isoTrapezoid,195.6212118235154,206.35947135861275,179.18061955196532,177.81645986388563,0.0,114.15655111560403,112.14524506490882,152.85783151049583,148.49773374145326,121.19005671762959,134.50746492706602
kite,198.39670476611713,205.33247182164666,180.05902174722732,178.33619378264837,114.15655111560403,0.0,60.80982490077223,127.46273010759717,114.37620911387761,141.6830470445553,123.78893189601717
rightKite,192.89201184079428,201.76811164638653,178.75540015774143,173.40677497429996,112.14524506490882,60.80982490077223,0.0,111.10003130968916,105.34194125147447,141.07427972496495,126.6277023635994
rustedHinge,200.6531106353596,202.5880500913005,178.91426794279337,169.775627234427,152.85783151049583,127.46273010759717,111.10003130968916,0.0,49.04621944978111,164.49494003609817,145.22273504693138
hinge,186.815606917892,186.8519950261704,166.43730172298422,162.08183150662586,148.49773374145326,114.37620911387761,105.34194125147447,49.04621944978111,0.0,152.3605996546224,138.5060019351923
trapezoid,183.1399578588774,187.88062942177226,135.08562843595195,138.3321712655986,121.19005671762959,141.6830470445553,141.07427972496495,164.49494003609817,152.3605996546224,0.0,126.94895640001963
random,227.92936673644328,232.89371327771167,192.0295935192103,174.83201808242129,134.50746492706602,123.78893189601717,126.6277023635994,145.22273504693138,138.5060019351923,126.94895640001963,0.0
