,square,rectangle,parallelogram,losange,isoTrapezoid,kite,rightKite,rustedHinge,hinge,trapezoid,random
square,0.0,0.012528586482316917,0.018952277365603676,0.026650927474113684,0.007312229069643572,0.0050893747965773395,0.003314715038174265,0.013144694450015537,0.012787543117621092,0.008223058735455147,0.016937329455790517
rectangle,0.012528586482316917,2.220446049250313e-16,0.006758020739960902,0.015114266713113444,0.022213740212484456,0.014790169996423685,0.013865241699956399,0.007927632371358184,0.005001065709506425,0.014505106106166066,0.02348917774506687
parallelogram,0.018952277365603676,0.006758020739960902,2.220446049250313e-16,0.006762707036984228,0.024774543177362385,0.021223073699309314,0.01827428008850962,0.011407724664740937,0.008258677198650699,0.014312080524066628,0.021472489136258432
losange,0.026650927474113684,0.015114266713113444,0.006762707036984228,0.0,0.02730219850126503,0.027461635140302865,0.0251766560724056,0.014398172037099366,0.01287450472992735,0.016125135720743144,0.01616649008937887
isoTrapezoid,0.007312229069643572,0.022213740212484456,0.024774543177362385,0.02730219850126503,0.0,0.007894352976727803,0.006924572021506981,0.020714919593910364,0.021367583593226547,0.009272285633814659,0.013714272632870617
kite,0.0050893747965773395,0.014790169996423685,0.021223073699309314,0.027461635140302865,0.007894352976727803,0.0,0.003636368945727053,0.01836105327794557,0.018202678784764892,0.013326244216812055,0.02049391890843033
rightKite,0.003314715038174265,0.013865241699956399,0.01827428008850962,0.0251766560724056,0.006924572021506981,0.003636368945727053,0.0,0.016127978285510047,0.015748245100482228,0.008025034948473064,0.017994658795802976
rustedHinge,0.013144694450015537,0.007927632371358184,0.011407724664740937,0.014398172037099366,0.020714919593910364,0.01836105327794557,0.016127978285510047,0.0,0.0012839164089838428,0.014072429629707894,0.017793406197541328
hinge,0.012787543117621092,0.005001065709506425,0.008258677198650699,0.01287450472992735,0.021367583593226547,0.018202678784764892,0.015748245100482228,0.0012839164089838428,2.220446049250313e-16,0.013174008987724806,0.018391325182725793
trapezoid,0.008223058735455147,0.014505106106166066,0.014312080524066628,0.016125135720743144,0.009272285633814659,0.013326244216812055,0.008025034948473064,0.014072429629707894,0.013174008987724806,2.220446049250313e-16,0.008052504558516804
random,0.016937329455790517,0.02348917774506687,0.021472489136258432,0.01616649008937887,0.013714272632870617,0.02049391890843033,0.017994658795802976,0.017793406197541328,0.018391325182725793,0.008052504558516804,2.220446049250313e-16
