,square,rectangle,parallelogram,losange,isoTrapezoid,kite,rightKite,rustedHinge,hinge,trapezoid,random
square,0.0,0.04615311142333356,0.07287278193583857,0.10299904956051253,0.028940906385248266,0.020870840168393134,0.01542819107365756,0.05208560935055695,0.0489358528184517,0.03367288994639106,0.06489639165922234
rectangle,0.04615311142333356,0.0,0.030242994334324536,0.06380832883061283,0.0851277024854119,0.05667216332200675,0.05335203557703383,0.03314946442945488,0.021391278426488025,0.057480498544621894,0.09093592445634735
parallelogram,0.07287278193583857,0.030242994334324536,2.220446049250313e-16,0.031939687953383866,0.09591501782336997,0.08400765591947568,0.0710769258927253,0.05019785623328421,0.0371456368088926,0.057677072053859635,0.08614282276816065
losange,0.10299904956051253,0.06380832883061283,0.031939687953383866,0.0,0.1061720533832955,0.10757914204389829,0.09842260619533383,0.05928489870245579,0.054283456177660505,0.0632699679853429,0.06423547525880369
isoTrapezoid,0.028940906385248266,0.0851277024854119,0.09591501782336997,0.1061720533832955,0.0,0.031740918961534303,0.028774765797080604,0.08310157987349376,0.0837495537869366,0.03856916857371184,0.05622008320996885
kite,0.020870840168393134,0.05667216332200675,0.08400765591947568,0.10757914204389829,0.031740918961534303,0.0,0.015961166018049422,0.07260401465507127,0.0708642189737102,0.054081295963699816,0.08084224861747924
rightKite,0.01542819107365756,0.05335203557703383,0.0710769258927253,0.09842260619533383,0.028774765797080604,0.015961166018049422,0.0,0.06576785029077847,0.06268102541327603,0.03349801451553025,0.07174170006880676
rustedHinge,0.05208560935055695,0.03314946442945488,0.05019785623328421,0.05928489870245579,0.08310157987349376,0.07260401465507127,0.06576785029077847,0.0,0.005945541526033882,0.05917840279654485,0.07088229743251317
hinge,0.0489358528184517,0.021391278426488025,0.0371456368088926,0.054283456177660505,0.0837495537869366,0.0708642189737102,0.06268102541327603,0.005945541526033882,0.0,0.05473646755465578,0.07291626021490594
trapezoid,0.03367288994639106,0.057480498544621894,0.057677072053859635,0.0632699679853429,0.03856916857371184,0.054081295963699816,0.03349801451553025,0.05917840279654485,0.05473646755465578,0.0,0.03276464322008377
random,0.06489639165922234,0.09093592445634735,0.08614282276816065,0.06423547525880369,0.05622008320996885,0.08084224861747924,0.07174170006880676,0.07088229743251317,0.07291626021490594,0.03276464322008377,2.220446049250313e-16
