,square,rectangle,parallelogram,losange,isoTrapezoid,kite,rightKite,rustedHinge,hinge,trapezoid,random
square,0.0,0.07352682488902884,0.14313447120779077,0.14990588191969145,0.061792581251514545,0.036329288307161756,0.03726248143466537,0.06831229629973268,0.06748174911526428,0.08693432118422739,0.1229889133481844
rectangle,0.07352682488902884,0.0,0.05530094879551939,0.0834545728277073,0.163959297123365,0.10754016650522524,0.09153025003064064,0.08525731413512105,0.055824146833287625,0.12618776298919798,0.1814174247207032
parallelogram,0.14313447120779077,0.05530094879551939,0.0,0.014003301377259691,0.1789393356207687,0.17353946150795585,0.12346916349391501,0.1459811653991444,0.10024864391969612,0.09582604316578969,0.13489498081221019
losange,0.14990588191969145,0.0834545728277073,0.014003301377259691,1.1102230246251565e-16,0.16286638338517823,0.17836881923064252,0.12363077534458511,0.15395671095443886,0.11073483473389623,0.06713080450666209,0.0995507026351049
isoTrapezoid,0.061792581251514545,0.163959297123365,0.1789393356207687,0.16286638338517823,0.0,0.0500060081323247,0.04365451897936712,0.13990493094125156,0.14164499972215627,0.06588070611479069,0.0703373281170383
kite,0.036329288307161756,0.10754016650522524,0.17353946150795585,0.17836881923064252,0.0500060081323247,0.0,0.02546177555705409,0.11500718551501599,0.12036035936188483,0.11852436478136308,0.1422815185459807
rightKite,0.03726248143466537,0.09153025003064064,0.12346916349391501,0.12363077534458511,0.04365451897936712,0.02546177555705409,0.0,0.10629709097930407,0.10200750429971828,0.06289891961538174,0.10893473115378638
rustedHinge,0.06831229629973268,0.08525731413512105,0.1459811653991444,0.15395671095443886,0.13990493094125156,0.11500718551501599,0.10629709097930407,0.0,0.01501371681812369,0.12390409959153903,0.14351794408967256
hinge,0.06748174911526428,0.055824146833287625,0.10024864391969612,0.11073483473389623,0.14164499972215627,0.12036035936188483,0.10200750429971828,0.01501371681812369,0.0,0.10291171981150726,0.1274467928946238
trapezoid,0.08693432118422739,0.12618776298919798,0.09582604316578969,0.06713080450666209,0.06588070611479069,0.11852436478136308,0.06289891961538174,0.12390409959153903,0.10291171981150726,0.0,0.03009218636146882
random,0.1229889133481844,0.1814174247207032,0.13489498081221019,0.0995507026351049,0.0703373281170383,0.1422815185459807,0.10893473115378638,0.14351794408967256,0.1274467928946238,0.03009218636146882,0.0
