,square,rectangle,parallelogram,losange,isoTrapezoid,kite,rightKite,rustedHinge,hinge,trapezoid,random
square,0.0,0.06304823892868094,0.09601455616064969,0.13479873564298783,0.039370829103314464,0.02758956970341664,0.02063050519849685,0.06889770411924101,0.06579899451958138,0.04390574562151539,0.08582483977242139
rectangle,0.06304823892868094,0.0,0.03966858137538409,0.0831433481709678,0.11488929356149002,0.07678718036810639,0.07149028196141205,0.04270140973904579,0.027937168852237182,0.07642932118681145,0.12094432192790938
parallelogram,0.09601455616064969,0.03966858137538409,0.0,0.0417719352981788,0.1267833099750555,0.1102972902190893,0.09345529455663415,0.06438931618033261,0.04796641340277252,0.0777899898776735,0.1153277024073498
losange,0.13479873564298783,0.0831433481709678,0.0417719352981788,0.0,0.139260651408455,0.14051051239614742,0.12879446726757793,0.07626884558114522,0.06999760567467705,0.08505436975129754,0.08604143860206881
isoTrapezoid,0.039370829103314464,0.11488929356149002,0.1267833099750555,0.139260651408455,0.0,0.04281383351399637,0.038541339233442606,0.11004165690506207,0.11224065837643227,0.051575509121676966,0.07534157414883058
kite,0.02758956970341664,0.07678718036810639,0.1102972902190893,0.14051051239614742,0.04281383351399637,0.0,0.021023822631263123,0.09611847420044461,0.0945838680497062,0.06953113166356428,0.10540260246913524
rightKite,0.02063050519849685,0.07149028196141205,0.09345529455663415,0.12879446726757793,0.038541339233442606,0.021023822631263123,0.0,0.08585167222802126,0.08266072186103846,0.043998901731396645,0.09449688044197646
rustedHinge,0.06889770411924101,0.04270140973904579,0.06438931618033261,0.07626884558114522,0.11004165690506207,0.09611847420044461,0.08585167222802126,0.0,0.008043344720253476,0.07684072415243681,0.09409500188341768
hinge,0.06579899451958138,0.027937168852237182,0.04796641340277252,0.06999760567467705,0.11224065837643227,0.0945838680497062,0.08266072186103846,0.008043344720253476,0.0,0.07202465138076375,0.09752670148647313
trapezoid,0.04390574562151539,0.07642932118681145,0.0777899898776735,0.08505436975129754,0.051575509121676966,0.06953113166356428,0.043998901731396645,0.07684072415243681,0.07202465138076375,0.0,0.044892440748995566
random,0.08582483977242139,0.12094432192790938,0.1153277024073498,0.08604143860206881,0.07534157414883058,0.10540260246913524,0.09449688044197646,0.09409500188341768,0.09752670148647313,0.044892440748995566,2.220446049250313e-16
