,square,rectangle,parallelogram,losange,isoTrapezoid,kite,rightKite,rustedHinge,hinge,trapezoid,random
square,0.0,0.07007910086249924,0.13973174796650856,0.1506420804042925,0.06790199535423236,0.04753657636401676,0.04734660705784999,0.07866272659259155,0.0776140590207447,0.09050346606107451,0.13010575704865146
rectangle,0.07007910086249924,0.0,0.05715957787064663,0.0876941150822651,0.16177826701942266,0.11222670615451491,0.09629195003141056,0.09188719084120411,0.06502703315669256,0.12630390215047016,0.18149569880388094
parallelogram,0.13973174796650856,0.05715957787064663,0.0,0.015370649534281577,0.17520154730411996,0.17022710417122244,0.12348295908375129,0.14184184236181507,0.10065477022234615,0.09497463046240162,0.13451711945431533
losange,0.1506420804042925,0.0876941150822651,0.015370649534281577,0.0,0.16315091621792255,0.17770075197452573,0.126867341897281,0.15050327025431964,0.11187484074273535,0.07027226383597196,0.10201255986423641
isoTrapezoid,0.06790199535423236,0.16177826701942266,0.17520154730411996,0.16315091621792255,1.1102230246251565e-16,0.05049590774553869,0.04451221891965962,0.13533002787271764,0.13762259518281272,0.06544677406010946,0.07317807684978339
kite,0.04753657636401676,0.11222670615451491,0.17022710417122244,0.17770075197452573,0.05049590774553869,0.0,0.025123455611088086,0.1131899763229216,0.11769392616809848,0.116698287207321,0.14110557261441192
rightKite,0.04734660705784999,0.09629195003141056,0.12348295908375129,0.126867341897281,0.04451221891965962,0.025123455611088086,1.1102230246251565e-16,0.10329480353138532,0.0994643350624741,0.06379288987476694,0.10857251853079863
rustedHinge,0.07866272659259155,0.09188719084120411,0.14184184236181507,0.15050327025431964,0.13533002787271764,0.1131899763229216,0.10329480353138532,0.0,0.014677453692869435,0.12007048568578149,0.13713206629869967
hinge,0.0776140590207447,0.06502703315669256,0.10065477022234615,0.11187484074273535,0.13762259518281272,0.11769392616809848,0.0994643350624741,0.014677453692869435,0.0,0.10095892263847817,0.12275123600870907
trapezoid,0.09050346606107451,0.12630390215047016,0.09497463046240162,0.07027226383597196,0.06544677406010946,0.116698287207321,0.06379288987476694,0.12007048568578149,0.10095892263847817,0.0,0.03172136572152373
random,0.13010575704865146,0.18149569880388094,0.13451711945431533,0.10201255986423641,0.07317807684978339,0.14110557261441192,0.10857251853079863,0.13713206629869967,0.12275123600870907,0.03172136572152373,0.0
