,square,rectangle,parallelogram,losange,isoTrapezoid,kite,rightKite,rustedHinge,hinge,trapezoid,random
square,1.1102230246251565e-16,0.036883607864732215,0.06676520928446539,0.09490888580335433,0.025597612207366116,0.02056073668697156,0.016354051501883404,0.04748547746535137,0.04300370706334644,0.0322741599179055,0.06065632957400002
rectangle,0.036883607864732215,1.1102230246251565e-16,0.02944423433213017,0.06273427964767397,0.07431601444160363,0.0491436283616935,0.04715833329879737,0.03348579302657628,0.021700577591923897,0.05185983094585189,0.08571587650297718
parallelogram,0.06676520928446539,0.02944423433213017,0.0,0.0259060982657896,0.08803779296528447,0.07959301045216949,0.06554245214247356,0.050598115531003685,0.037247997814472966,0.046588882388997166,0.07406028836375012
losange,0.09490888580335433,0.06273427964767397,0.0259060982657896,1.1102230246251565e-16,0.09879754491845139,0.10200354739256501,0.08924782414738952,0.06265940549976345,0.056221868272043785,0.0509318869332227,0.05610431232351398
isoTrapezoid,0.025597612207366116,0.07431601444160363,0.08803779296528447,0.09879754491845139,1.1102230246251565e-16,0.02813637023011417,0.02522816749523127,0.0774876820664232,0.07639932686244266,0.03395862290433371,0.048430425811667455
kite,0.02056073668697156,0.0491436283616935,0.07959301045216949,0.10200354739256501,0.02813637023011417,1.1102230246251565e-16,0.014991165862879519,0.06811868885221217,0.06546885949828207,0.05395133575753652,0.07796294401814408
rightKite,0.016354051501883404,0.04715833329879737,0.06554245214247356,0.08924782414738952,0.02522816749523127,0.014991165862879519,0.0,0.06458302203824573,0.0606083751942752,0.0307125927937294,0.06442033434766103
rustedHinge,0.04748547746535137,0.03348579302657628,0.050598115531003685,0.06265940549976345,0.0774876820664232,0.06811868885221217,0.06458302203824573,1.1102230246251565e-16,0.005509409817810007,0.057749193440720714,0.06814688719456974
hinge,0.04300370706334644,0.021700577591923897,0.037247997814472966,0.056221868272043785,0.07639932686244266,0.06546885949828207,0.0606083751942752,0.005509409817810007,0.0,0.05175539235880411,0.06754636770821165
trapezoid,0.0322741599179055,0.05185983094585189,0.046588882388997166,0.0509318869332227,0.03395862290433371,0.05395133575753652,0.0307125927937294,0.057749193440720714,0.05175539235880411,1.1102230246251565e-16,0.024145473720095012
random,0.06065632957400002,0.08571587650297718,0.07406028836375012,0.05610431232351398,0.048430425811667455,0.07796294401814408,0.06442033434766103,0.06814688719456974,0.06754636770821165,0.024145473720095012,0.0
