,square,rectangle,parallelogram,losange,isoTrapezoid,kite,rightKite,rustedHinge,hinge,trapezoid,random
square,1.1102230246251565e-16,0.0708630551226398,0.14094712679286803,0.15127351171659675,0.06744338726143217,0.04611432878311361,0.04596876504372649,0.07748347134980671,0.07652232759484923,0.09041927522441595,0.12978221566293313
rectangle,0.0708630551226398,2.220446049250313e-16,0.05719553824849599,0.08750690295366392,0.16309203892420365,0.11225607939516091,0.09614520224696754,0.09135389375553493,0.0640430449558409,0.12703432397614856,0.18260962295718575
parallelogram,0.14094712679286803,0.05719553824849599,2.220446049250313e-16,0.015262078823253922,0.1772442147789277,0.17201497536418064,0.12470434856499679,0.1433189405970765,0.10139544551556123,0.09598812804481571,0.13574386838107366
losange,0.15127351171659675,0.08750690295366392,0.015262078823253922,0.0,0.16453619210121273,0.17911426529345054,0.12769028283108197,0.15196226812080604,0.11262793275540728,0.07064012764522332,0.10268008056080813
isoTrapezoid,0.06744338726143217,0.16309203892420365,0.1772442147789277,0.16453619210121273,0.0,0.05065811449593105,0.04476545185337344,0.1367855945257339,0.13915048934637197,0.06604677906218415,0.07339437961430151
kite,0.04611432878311361,0.11225607939516091,0.17201497536418064,0.17911426529345054,0.05065811449593105,1.1102230246251565e-16,0.025320631542684047,0.11425861447916164,0.11895029520363509,0.11773099140303867,0.14231066955810234
rightKite,0.04596876504372649,0.09614520224696754,0.12470434856499679,0.12769028283108197,0.04476545185337344,0.025320631542684047,0.0,0.1044615953350766,0.10065666165372589,0.0643361939758631,0.10979097562187445
rustedHinge,0.07748347134980671,0.09135389375553493,0.1433189405970765,0.15196226812080604,0.1367855945257339,0.11425861447916164,0.1044615953350766,0.0,0.014883475581127126,0.12137778730434545,0.13903169205336607
hinge,0.07652232759484923,0.0640430449558409,0.10139544551556123,0.11262793275540728,0.13915048934637197,0.11895029520363509,0.10065666165372589,0.014883475581127126,0.0,0.10199328373843564,0.12444347056335425
trapezoid,0.09041927522441595,0.12703432397614856,0.09598812804481571,0.07064012764522332,0.06604677906218415,0.11773099140303867,0.0643361939758631,0.12137778730434545,0.10199328373843564,2.220446049250313e-16,0.031735318932658574
random,0.12978221566293313,0.18260962295718575,0.13574386838107366,0.10268008056080813,0.07339437961430151,0.14231066955810234,0.10979097562187445,0.13903169205336607,0.12444347056335425,0.031735318932658574,2.220446049250313e-16
