,square,rectangle,parallelogram,losange,isoTrapezoid,kite,rightKite,rustedHinge,hinge,trapezoid,random
square,0.0,0.07280721428361081,0.14293574551465382,0.1510077757402155,0.06444698996576614,0.03990514759978181,0.04039142460090772,0.07160586716021355,0.07089901096367224,0.08863683586528803,0.12613483444042495
rectangle,0.07280721428361081,1.1102230246251565e-16,0.05616757448409859,0.08516443718894251,0.1652874912306872,0.11021856910075356,0.09397074841748676,0.08802515360833307,0.059169783731777836,0.12759740143008014,0.1830767593210324
parallelogram,0.14293574551465382,0.05616757448409859,2.220446049250313e-16,0.014391494979035802,0.18031043819412496,0.1747286051262945,0.12552157975799627,0.14611720465319022,0.10147673749366948,0.09698510984823516,0.1363084954020295
losange,0.1510077757402155,0.08516443718894251,0.014391494979035802,0.0,0.1652543549857638,0.18038768456559517,0.1267476906393502,0.15443186137904907,0.11236573250114856,0.06931530470103764,0.10165385252856174
isoTrapezoid,0.06444698996576614,0.1652874912306872,0.18031043819412496,0.1652543549857638,0.0,0.05039729325288633,0.04434072728057137,0.1397468433111152,0.14203887822778583,0.0665090253648496,0.07224283595352954
kite,0.03990514759978181,0.11021856910075356,0.1747286051262945,0.18038768456559517,0.05039729325288633,0.0,0.025476677822226956,0.11569752776196429,0.12089984841338774,0.11898320360670522,0.14365803833438662
rightKite,0.04039142460090772,0.09397074841748676,0.12552157975799627,0.1267476906393502,0.04434072728057137,0.025476677822226956,0.0,0.10648434380654637,0.10249840287054979,0.06411186488591458,0.11066022141409959
rustedHinge,0.07160586716021355,0.08802515360833307,0.14611720465319022,0.15443186137904907,0.1397468433111152,0.11569752776196429,0.10648434380654637,0.0,0.015222739703367294,0.12394743171350875,0.14314068104979438
hinge,0.07089901096367224,0.059169783731777836,0.10147673749366948,0.11236573250114856,0.14203887822778583,0.12089984841338774,0.10249840287054979,0.015222739703367294,0.0,0.10344613350985687,0.12752937127704245
trapezoid,0.08863683586528803,0.12759740143008014,0.09698510984823516,0.06931530470103764,0.0665090253648496,0.11898320360670522,0.06411186488591458,0.12394743171350875,0.10344613350985687,2.220446049250313e-16,0.03078061760865436
random,0.12613483444042495,0.1830767593210324,0.1363084954020295,0.10165385252856174,0.07224283595352954,0.14365803833438662,0.11066022141409959,0.14314068104979438,0.12752937127704245,0.03078061760865436,0.0
