,square,rectangle,parallelogram,losange,isoTrapezoid,kite,rightKite,rustedHinge,hinge,trapezoid,random
square,1.1102230246251565e-16,0.06629293982894735,0.09977317537527475,0.13937563574084155,0.04118697869662613,0.02864696890744367,0.02154778854416184,0.07148224417096116,0.06861966832079647,0.045189017583629254,0.08867457857899197
rectangle,0.06629293982894735,0.0,0.04085429214160696,0.08534271969166596,0.11961006453437151,0.07998960583333448,0.07422068037565288,0.043978993941028,0.028968617849410627,0.07912069265398147,0.12527517616088302
parallelogram,0.09977317537527475,0.04085429214160696,0.0,0.04257856539439975,0.13154282096881453,0.11380802245791255,0.09677331367513853,0.06557343745662558,0.04896104486077668,0.08094957504791511,0.11954903920626803
losange,0.13937563574084155,0.08534271969166596,0.04257856539439975,1.1102230246251565e-16,0.14413053461217817,0.1447336416843984,0.13270739804911424,0.07801532184098736,0.07155096626950197,0.08852116670894294,0.08959960182108351
isoTrapezoid,0.04118697869662613,0.11961006453437151,0.13154282096881453,0.14413053461217817,0.0,0.044621274894945384,0.039951882384424375,0.11362087805621912,0.11633929996708481,0.053561324552072964,0.07779894746499427
kite,0.02864696890744367,0.07998960583333448,0.11380802245791255,0.1447336416843984,0.044621274894945384,0.0,0.021740370711128665,0.09922526082965388,0.09779408111681387,0.07114986788051025,0.10813545498385557
rightKite,0.02154778854416184,0.07422068037565288,0.09677331367513853,0.13270739804911424,0.039951882384424375,0.021740370711128665,0.0,0.08811518393562479,0.08510406104939316,0.045290936545008376,0.09702497341586558
rustedHinge,0.07148224417096116,0.043978993941028,0.06557343745662558,0.07801532184098736,0.11362087805621912,0.09922526082965388,0.08811518393562479,0.0,0.008562463752800786,0.07870964433585892,0.09716838837373731
hinge,0.06861966832079647,0.028968617849410627,0.04896104486077668,0.07155096626950197,0.11633929996708481,0.09779408111681387,0.08510406104939316,0.008562463752800786,0.0,0.07405790342356089,0.1008881900570201
trapezoid,0.045189017583629254,0.07912069265398147,0.08094957504791511,0.08852116670894294,0.053561324552072964,0.07114986788051025,0.045290936545008376,0.07870964433585892,0.07405790342356089,0.0,0.04666357706961399
random,0.08867457857899197,0.12527517616088302,0.11954903920626803,0.08959960182108351,0.07779894746499427,0.10813545498385557,0.09702497341586558,0.09716838837373731,0.1008881900570201,0.04666357706961399,0.0
