,square,rectangle,parallelogram,losange,isoTrapezoid,kite,rightKite,rustedHinge,hinge,trapezoid,random
square,2.220446049250313e-16,0.07363241056974357,0.1432007046227256,0.14930668577144668,0.06077938994327614,0.034843753178954384,0.03619711468953124,0.06719885515739332,0.06633756123695067,0.08647201663566062,0.12165577750835754
rectangle,0.07363241056974357,0.0,0.055012368711143456,0.08278316082881532,0.16262465510521695,0.10570599949336024,0.09029958049086018,0.08395791919076201,0.05459955056584731,0.12552073102438766,0.1802026463353713
parallelogram,0.1432007046227256,0.055012368711143456,0.0,0.013991363493880637,0.17738961858364932,0.1723123607806275,0.12229640078179749,0.1463515521763148,0.10032886123328066,0.09546857768293238,0.1342558986797201
losange,0.14930668577144668,0.08278316082881532,0.013991363493880637,0.0,0.1608211305878655,0.17671153001105233,0.12181901810811546,0.15410678946470246,0.11055992705089479,0.06634136074377539,0.09877517338239139
isoTrapezoid,0.06077938994327614,0.16262465510521695,0.17738961858364932,0.1608211305878655,0.0,0.050047132818601514,0.043330965164305346,0.13936125200123795,0.1403436676550135,0.06501813768654141,0.06898446633426703
kite,0.034843753178954384,0.10570599949336024,0.1723123607806275,0.17671153001105233,0.050047132818601514,0.0,0.025514006506967446,0.1141310850182835,0.11922395464657154,0.11791263446077416,0.14106451720134927
rightKite,0.03619711468953124,0.09029958049086018,0.12229640078179749,0.12181901810811546,0.043330965164305346,0.025514006506967446,0.0,0.10568104313051174,0.1009959508027769,0.062037983015098885,0.10735250059785395
rustedHinge,0.06719885515739332,0.08395791919076201,0.1463515521763148,0.15410678946470246,0.13936125200123795,0.1141310850182835,0.10568104313051174,0.0,0.014751376174551356,0.12379029830109667,0.14332479973170487
hinge,0.06633756123695067,0.05459955056584731,0.10032886123328066,0.11055992705089479,0.1403436676550135,0.11922395464657154,0.1009959508027769,0.014751376174551356,2.220446049250313e-16,0.10265808665724219,0.12692925112117948
trapezoid,0.08647201663566062,0.12552073102438766,0.09546857768293238,0.06634136074377539,0.06501813768654141,0.11791263446077416,0.062037983015098885,0.12379029830109667,0.10265808665724219,0.0,0.02992972382988124
random,0.12165577750835754,0.1802026463353713,0.1342558986797201,0.09877517338239139,0.06898446633426703,0.14106451720134927,0.10735250059785395,0.14332479973170487,0.12692925112117948,0.02992972382988124,0.0
