,square,rectangle,parallelogram,losange,isoTrapezoid,kite,rightKite,rustedHinge,hinge,trapezoid,random
square,0.0,0.042011584203529795,0.0683398930275988,0.09687833198869389,0.026645332694621437,0.01935286383095236,0.01440077593800071,0.04844445674932207,0.04506383913102341,0.03185258142545089,0.060817717618682265
rectangle,0.042011584203529795,0.0,0.028479693868975642,0.06049081288486702,0.07860126867080652,0.05195218228240783,0.04922918633620588,0.03142972038698566,0.02009996785282142,0.053612483104164776,0.08530054013558819
parallelogram,0.0683398930275988,0.028479693868975642,0.0,0.02947104824136526,0.08974811971551377,0.07874909348299064,0.06640146442522354,0.04775811974149613,0.035207445132152126,0.052649514173364054,0.07973058757911733
losange,0.09687833198869389,0.06049081288486702,0.02947104824136526,0.0,0.09974053721325704,0.10117328392357172,0.09200364574892372,0.05697720037060683,0.052028631353882804,0.057669683184977005,0.05947702819412548
isoTrapezoid,0.026645332694621437,0.07860126867080652,0.08974811971551377,0.09974053721325704,0.0,0.02920188696701098,0.026406897143541608,0.0776360554987211,0.07771259176787482,0.0355970986352111,0.05163662548509518
kite,0.01935286383095236,0.05195218228240783,0.07874909348299064,0.10117328392357172,0.02920188696701098,1.1102230246251565e-16,0.014921094834992488,0.06728192296998203,0.06534064604031131,0.0513776804830508,0.07606087837361764
rightKite,0.01440077593800071,0.04922918633620588,0.06640146442522354,0.09200364574892372,0.026406897143541608,0.014921094834992488,1.1102230246251565e-16,0.06173730227390373,0.058533848425953106,0.03116873503923867,0.06660467533474523
rustedHinge,0.04844445674932207,0.03142972038698566,0.04775811974149613,0.05697720037060683,0.0776360554987211,0.06728192296998203,0.06173730227390373,0.0,0.00550929295773428,0.05604000861812397,0.06670985813430808
hinge,0.04506383913102341,0.02009996785282142,0.035207445132152126,0.052028631353882804,0.07771259176787482,0.06534064604031131,0.058533848425953106,0.00550929295773428,0.0,0.05142420689133598,0.06817089154371125
trapezoid,0.03185258142545089,0.053612483104164776,0.052649514173364054,0.057669683184977005,0.0355970986352111,0.0513776804830508,0.03116873503923867,0.05604000861812397,0.05142420689133598,0.0,0.029284893341697926
random,0.060817717618682265,0.08530054013558819,0.07973058757911733,0.05947702819412548,0.05163662548509518,0.07606087837361764,0.06660467533474523,0.06670985813430808,0.06817089154371125,0.029284893341697926,0.0
