,square,rectangle,parallelogram,losange,isoTrapezoid,kite,rightKite,rustedHinge,hinge,trapezoid,random
square,0.0,0.03812087549861676,0.0645115722038514,0.0912256333874032,0.024573368554138053,0.01826469660590435,0.013881477398290265,0.04526616207563161,0.04161055320336815,0.03007579555294615,0.057021565113261286
rectangle,0.03812087549861676,2.220446049250313e-16,0.026838895253879058,0.05734314518167172,0.07288913123243468,0.04773228949939745,0.04559721196059163,0.030286179497509225,0.019202206555484658,0.04976478762694281,0.08040943741017692
parallelogram,0.0645115722038514,0.026838895253879058,0.0,0.026193196594043067,0.08468801001298076,0.07436055334802882,0.0625712059013267,0.04612663149582685,0.03378162109019067,0.04768472554069603,0.07346868990111033
losange,0.0912256333874032,0.05734314518167172,0.026193196594043067,0.0,0.09437141920345349,0.09570238517309437,0.08602246196424335,0.05595064367923941,0.05045901915653139,0.05197499524047888,0.05517067520567387
isoTrapezoid,0.024573368554138053,0.07288913123243468,0.08468801001298076,0.09437141920345349,0.0,0.027046967844342462,0.02427289970381552,0.07301423914046035,0.0725332161790283,0.03282673788493351,0.04719017466122233
kite,0.01826469660590435,0.04773228949939745,0.07436055334802882,0.09570238517309437,0.027046967844342462,0.0,0.013946708184199186,0.06332685287203854,0.06108314083780986,0.048878779976518794,0.07189699401232696
rightKite,0.013881477398290265,0.04559721196059163,0.0625712059013267,0.08602246196424335,0.02427289970381552,0.013946708184199186,0.0,0.05880667409533491,0.05544456055899216,0.028985749293320207,0.06163437134314931
rustedHinge,0.04526616207563161,0.030286179497509225,0.04612663149582685,0.05595064367923941,0.07301423914046035,0.06332685287203854,0.05880667409533491,0.0,0.005190460920188822,0.053288577041734064,0.0634639210506095
hinge,0.04161055320336815,0.019202206555484658,0.03378162109019067,0.05045901915653139,0.0725332161790283,0.06108314083780986,0.05544456055899216,0.005190460920188822,0.0,0.048279705163268405,0.0639903261154885
trapezoid,0.03007579555294615,0.04976478762694281,0.04768472554069603,0.05197499524047888,0.03282673788493351,0.048878779976518794,0.028985749293320207,0.053288577041734064,0.048279705163268405,2.220446049250313e-16,0.025622826920291497
random,0.057021565113261286,0.08040943741017692,0.07346868990111033,0.05517067520567387,0.04719017466122233,0.07189699401232696,0.06163437134314931,0.0634639210506095,0.0639903261154885,0.025622826920291497,0.0
