,square,rectangle,parallelogram,losange,isoTrapezoid,kite,rightKite,rustedHinge,hinge,trapezoid,random
square,0.0,0.041059436865924503,0.08384850126265653,0.11791842471505276,0.0344890763994139,0.03284954880657198,0.028873834514755337,0.062419347967715866,0.05629959925870609,0.044599206913148226,0.08196730331128155
rectangle,0.041059436865924503,0.0,0.03988951354845438,0.08309704470069446,0.09085723444582194,0.06577476860925346,0.06295188314461098,0.049946890950090306,0.03517320607900076,0.06715802464537834,0.11258605204086092
parallelogram,0.08384850126265653,0.03988951354845438,0.0,0.029528386236808535,0.11013912318516039,0.10757124007172936,0.08579948884406963,0.07547291752744223,0.05651100490265548,0.0559478747448372,0.09218657958235521
losange,0.11791842471505276,0.08309704470069446,0.029528386236808535,0.0,0.12271766747244228,0.13326746348363128,0.11116643880100152,0.09254661827532984,0.08124307247929408,0.0593726761047656,0.07091397622544948
isoTrapezoid,0.0344890763994139,0.09085723444582194,0.11013912318516039,0.12271766747244228,2.220446049250313e-16,0.03749808926457521,0.03357495822747736,0.10009758835323179,0.09790189336306199,0.04227586634689273,0.06101683571056893
kite,0.03284954880657198,0.06577476860925346,0.10757124007172936,0.13326746348363128,0.03749808926457521,2.220446049250313e-16,0.019826084140930456,0.09098531858385539,0.0877625230183986,0.07552501324205596,0.10373426626816518
rightKite,0.028873834514755337,0.06295188314461098,0.08579948884406963,0.11116643880100152,0.03357495822747736,0.019826084140930456,2.220446049250313e-16,0.08797307916900055,0.08272668818997386,0.041578768805527244,0.08195390405664982
rustedHinge,0.062419347967715866,0.049946890950090306,0.07547291752744223,0.09254661827532984,0.10009758835323179,0.09098531858385539,0.08797307916900055,2.220446049250313e-16,0.007054146748378343,0.08080336701636648,0.08992328453223974
hinge,0.05629959925870609,0.03517320607900076,0.05651100490265548,0.08124307247929408,0.09790189336306199,0.0877625230183986,0.08272668818997386,0.007054146748378343,0.0,0.07172108281653822,0.08612564131562606
trapezoid,0.044599206913148226,0.06715802464537834,0.0559478747448372,0.0593726761047656,0.04227586634689273,0.07552501324205596,0.041578768805527244,0.08080336701636648,0.07172108281653822,2.220446049250313e-16,0.02925640020985998
random,0.08196730331128155,0.11258605204086092,0.09218657958235521,0.07091397622544948,0.06101683571056893,0.10373426626816518,0.08195390405664982,0.08992328453223974,0.08612564131562606,0.02925640020985998,2.220446049250313e-16
