,square,rectangle,parallelogram,losange,isoTrapezoid,kite,rightKite,rustedHinge,hinge,trapezoid,random
square,0.0,0.07201070544781885,0.13945362207008793,0.14354547581013022,0.05557350830254859,0.03082841602751185,0.033513009768390334,0.06379859034787716,0.06261462971408005,0.0821063171675186,0.11475502531463466
rectangle,0.07201070544781885,1.1102230246251565e-16,0.052977181199471146,0.07925630089357183,0.15332672800558755,0.09883573100146004,0.08627818619794758,0.07913959632212086,0.05134501396293567,0.11967038356296344,0.17272671048127242
parallelogram,0.13945362207008793,0.052977181199471146,0.0,0.014169056453199769,0.1668166952614515,0.16552467367101542,0.11696663962052112,0.14434846966905557,0.09917078685422687,0.09156318802759866,0.12947709383784067
losange,0.14354547581013022,0.07925630089357183,0.014169056453199769,0.0,0.14929687876285647,0.16832968899941314,0.11413227355318323,0.15124549564508816,0.10824352049417973,0.06203206045727461,0.094122735760516
isoTrapezoid,0.05557350830254859,0.15332672800558755,0.1668166952614515,0.14929687876285647,0.0,0.049832839115580785,0.04127234347918496,0.1363878160410198,0.13414868632178034,0.05975929376591049,0.06353349585139889
kite,0.03082841602751185,0.09883573100146004,0.16552467367101542,0.16832968899941314,0.049832839115580785,0.0,0.025609867080085946,0.11140324450087324,0.11533782291695727,0.1136249980548606,0.13545634812815732
rightKite,0.033513009768390334,0.08627818619794758,0.11696663962052112,0.11413227355318323,0.04127234347918496,0.025609867080085946,0.0,0.10451421074118084,0.09853227249034491,0.057721522117056945,0.10072317607594494
rustedHinge,0.06379859034787716,0.07913959632212086,0.14434846966905557,0.15124549564508816,0.1363878160410198,0.11140324450087324,0.10451421074118084,1.1102230246251565e-16,0.01325369182464664,0.12254684019063378,0.14091637397977141
hinge,0.06261462971408005,0.05134501396293567,0.09917078685422687,0.10824352049417973,0.13414868632178034,0.11533782291695727,0.09853227249034491,0.01325369182464664,1.1102230246251565e-16,0.1010467718700272,0.12347801090565158
trapezoid,0.0821063171675186,0.11967038356296344,0.09156318802759866,0.06203206045727461,0.05975929376591049,0.1136249980548606,0.057721522117056945,0.12254684019063378,0.1010467718700272,0.0,0.029452859593841363
random,0.11475502531463466,0.17272671048127242,0.12947709383784067,0.094122735760516,0.06353349585139889,0.13545634812815732,0.10072317607594494,0.14091637397977141,0.12347801090565158,0.029452859593841363,1.1102230246251565e-16
