,square,rectangle,parallelogram,losange,isoTrapezoid,kite,rightKite,rustedHinge,hinge,trapezoid,random
square,0.0,0.05333605419115528,0.1095407045209742,0.13240644316329753,0.04498302897838402,0.038033748238407106,0.03785209370896381,0.06825534539783917,0.06362356084782816,0.06304694899250873,0.10079833124413917
rectangle,0.05333605419115528,0.0,0.048545799565504644,0.0868237000564237,0.11637261922337716,0.08434119152758346,0.07973043815710179,0.06410808499757636,0.04583403333626679,0.09130356441152798,0.14228156551403282
parallelogram,0.1095407045209742,0.048545799565504644,0.0,0.02381545176781963,0.1332697665223047,0.1386788510290724,0.10496217338540725,0.10928367926483795,0.0808525718832468,0.07232016540783359,0.11139250176289706
losange,0.13240644316329753,0.0868237000564237,0.02381545176781963,0.0,0.13373783940162975,0.15457053232177986,0.11733786257136469,0.12594837804180525,0.10246773631492667,0.06272366943287189,0.0847357653113503
isoTrapezoid,0.04498302897838402,0.11637261922337716,0.1332697665223047,0.13373783940162975,0.0,0.04565906139271536,0.037439863421006025,0.11923823993513105,0.11577598916837428,0.04789426603677238,0.06282427376307231
kite,0.038033748238407106,0.08434119152758346,0.1386788510290724,0.15457053232177986,0.04565906139271536,0.0,0.02402664297688717,0.10467308805493336,0.10363538265628991,0.09587206532804315,0.12170144057321308
rightKite,0.03785209370896381,0.07973043815710179,0.10496217338540725,0.11733786257136469,0.037439863421006025,0.02402664297688717,0.0,0.10196702474910624,0.09614585382238461,0.04914817911006597,0.09083541184050337
rustedHinge,0.06825534539783917,0.06410808499757636,0.10928367926483795,0.12594837804180525,0.11923823993513105,0.10467308805493336,0.10196702474910624,0.0,0.009077146835432592,0.10642488490023339,0.11748896854351454
hinge,0.06362356084782816,0.04583403333626679,0.0808525718832468,0.10246773631492667,0.11577598916837428,0.10363538265628991,0.09614585382238461,0.009077146835432592,0.0,0.09209787096738187,0.10729143947832076
trapezoid,0.06304694899250873,0.09130356441152798,0.07232016540783359,0.06272366943287189,0.04789426603677238,0.09587206532804315,0.04914817911006597,0.10642488490023339,0.09209787096738187,1.1102230246251565e-16,0.03161925900844742
random,0.10079833124413917,0.14228156551403282,0.11139250176289706,0.0847357653113503,0.06282427376307231,0.12170144057321308,0.09083541184050337,0.11748896854351454,0.10729143947832076,0.03161925900844742,0.0
