,square,rectangle,parallelogram,losange,isoTrapezoid,kite,rightKite,rustedHinge,hinge,trapezoid,random
square,0.0,0.06367562564368523,0.0940984865989013,0.1307505239548834,0.039963570663776316,0.02745291417637119,0.021238914721522173,0.06751939299494858,0.06517747693220155,0.0426180551483627,0.08350851285937755
rectangle,0.06367562564368523,0.0,0.038224845835039156,0.07953598150822883,0.11270067532606531,0.07562962159354114,0.06999011913768693,0.0417295280691673,0.027881527365476222,0.07440293296108291,0.11812440307289107
parallelogram,0.0940984865989013,0.038224845835039156,0.0,0.03953935848499546,0.12391758968274491,0.10622277731318919,0.09098290056110858,0.06065335173954456,0.045520719408770116,0.0762575536900334,0.11233817701265258
losange,0.1307505239548834,0.07953598150822883,0.03953935848499546,0.0,0.13539786719820057,0.13507779452660418,0.12403293793333936,0.07232032885191553,0.06630415623255148,0.08323853124692482,0.08423926116111136
isoTrapezoid,0.039963570663776316,0.11270067532606531,0.12391758968274491,0.13539786719820057,0.0,0.04235220695459552,0.037873024960705215,0.10599066949141389,0.10906691280137615,0.05102347614336711,0.07304616596055491
kite,0.02745291417637119,0.07562962159354114,0.10622277731318919,0.13507779452660418,0.04235220695459552,0.0,0.020845784952866264,0.09275947280579322,0.09152900610675596,0.06651600212922149,0.10104997463006615
rightKite,0.021238914721522173,0.06999011913768693,0.09098290056110858,0.12403293793333936,0.037873024960705215,0.020845784952866264,0.0,0.08200076461092032,0.07949753859136133,0.04284556003309736,0.09073243587144986
rustedHinge,0.06751939299494858,0.0417295280691673,0.06065335173954456,0.07232032885191553,0.10599066949141389,0.09275947280579322,0.08200076461092032,1.1102230246251565e-16,0.008814698268987953,0.0727005858616886,0.09060865622467806
hinge,0.06517747693220155,0.027881527365476222,0.045520719408770116,0.06630415623255148,0.10906691280137615,0.09152900610675596,0.07949753859136133,0.008814698268987953,0.0,0.06883728069069206,0.09443001034591592
trapezoid,0.0426180551483627,0.07440293296108291,0.0762575536900334,0.08323853124692482,0.05102347614336711,0.06651600212922149,0.04284556003309736,0.0727005858616886,0.06883728069069206,0.0,0.04430744767913464
random,0.08350851285937755,0.11812440307289107,0.11233817701265258,0.08423926116111136,0.07304616596055491,0.10104997463006615,0.09073243587144986,0.09060865622467806,0.09443001034591592,0.04430744767913464,0.0
