,square,rectangle,parallelogram,losange,isoTrapezoid,kite,rightKite,rustedHinge,hinge,trapezoid,random
square,2.220446049250313e-16,0.07146031650386786,0.14156951609333812,0.1510699522512412,0.06663363651616794,0.044183136522758626,0.04425035711925818,0.07550353454812542,0.07471398243199179,0.0898786880043928,0.12880196648728592
rectangle,0.07146031650386786,2.220446049250313e-16,0.05695476377599196,0.08674326672567112,0.16412739065479864,0.1119565072943044,0.09570640804118136,0.09036804131587672,0.06263362356945112,0.12731633038106482,0.18309723664073085
parallelogram,0.14156951609333812,0.05695476377599196,0.0,0.014966723319584485,0.17860566911137954,0.1733323171353155,0.12539354649611645,0.14438907052247574,0.10169015268885073,0.09643022675731328,0.13629992786638956
losange,0.1510699522512412,0.08674326672567112,0.014966723319584485,0.0,0.16500033424263827,0.17985794183229775,0.12774244149862268,0.15292178688096025,0.11281978036152507,0.07028103650358208,0.10268445868910303
isoTrapezoid,0.06663363651616794,0.16412739065479864,0.17860566911137954,0.16500033424263827,0.0,0.05056455648228764,0.04470991696875337,0.13774805349315455,0.14020602049324826,0.06629000118859985,0.07320922631749549
kite,0.044183136522758626,0.1119565072943044,0.1733323171353155,0.17985794183229775,0.05056455648228764,0.0,0.02537754957915661,0.11489308508993656,0.11983128519894082,0.11825857413550789,0.14307400667056358
rightKite,0.04425035711925818,0.09570640804118136,0.12539354649611645,0.12774244149862268,0.04470991696875337,0.02537754957915661,2.220446049250313e-16,0.10519488269425392,0.10142467389728016,0.06440658370288554,0.1104389411361052
rustedHinge,0.07550353454812542,0.09036804131587672,0.14438907052247574,0.15292178688096025,0.13774805349315455,0.11489308508993656,0.10519488269425392,0.0,0.015024920114986573,0.12214734757115187,0.14048490897695542
hinge,0.07471398243199179,0.06263362356945112,0.10169015268885073,0.11281978036152507,0.14020602049324826,0.11983128519894082,0.10142467389728016,0.015024920114986573,0.0,0.10242801730095974,0.12561962865038023
trapezoid,0.0898786880043928,0.12731633038106482,0.09643022675731328,0.07028103650358208,0.06629000118859985,0.11825857413550789,0.06440658370288554,0.12214734757115187,0.10242801730095974,0.0,0.03141405317903356
random,0.12880196648728592,0.18309723664073085,0.13629992786638956,0.10268445868910303,0.07320922631749549,0.14307400667056358,0.1104389411361052,0.14048490897695542,0.12561962865038023,0.03141405317903356,0.0
