,square,rectangle,parallelogram,losange,isoTrapezoid,kite,rightKite,rustedHinge,hinge,trapezoid,random
square,0.0,22.752261279566614,31.25915509473072,35.179408767322045,33.51987416953857,27.67697435617464,27.770223148491233,36.50871507568936,32.621241602438516,30.444905767351617,36.646916674560465
rectangle,22.752261279566614,0.0,26.411667843356735,33.200351185531375,36.09832854387429,29.97218756142226,30.356080797357702,33.734011714533814,27.06565568602418,30.96057449036957,37.14924482903052
parallelogram,31.25915509473072,26.411667843356735,0.0,17.17952481906369,35.064318737909154,30.549178796569283,30.791027338564362,33.76172426827674,28.51028740309087,25.731152916198248,31.60456369818024
losange,35.179408767322045,33.200351185531375,17.17952481906369,0.0,35.77690055858142,33.07484839375544,32.95151043589896,35.10850785294577,31.657532332121164,26.4483242119373,29.05916845223411
isoTrapezoid,33.51987416953857,36.09832854387429,35.064318737909154,35.77690055858142,0.0,24.460787666477124,20.76684142546126,32.42062956278323,31.541637922343014,23.018111420475833,27.425336389335428
kite,27.67697435617464,29.97218756142226,30.549178796569283,33.07484839375544,24.460787666477124,0.0,15.24563591586259,31.480037887020245,28.336910981438756,25.94535987909605,29.300353582608498
rightKite,27.770223148491233,30.356080797357702,30.791027338564362,32.95151043589896,20.76684142546126,15.24563591586259,0.0,29.750837884519168,26.988288553231428,22.175811572809533,27.96118530944947
rustedHinge,36.50871507568936,33.734011714533814,33.76172426827674,35.10850785294577,32.42062956278323,31.480037887020245,29.750837884519168,0.0,14.24559358155805,31.40261435653217,30.676746331037204
hinge,32.621241602438516,27.06565568602418,28.51028740309087,31.657532332121164,31.541637922343014,28.336910981438756,26.988288553231428,14.24559358155805,0.0,27.96883736355802,29.020294084555033
trapezoid,30.444905767351617,30.96057449036957,25.731152916198248,26.4483242119373,23.018111420475833,25.94535987909605,22.175811572809533,31.40261435653217,27.96883736355802,0.0,19.802272268574775
random,36.646916674560465,37.14924482903052,31.60456369818024,29.05916845223411,27.425336389335428,29.300353582608498,27.96118530944947,30.676746331037204,29.020294084555033,19.802272268574775,0.0
