,square,rectangle,parallelogram,losange,isoTrapezoid,kite,rightKite,rustedHinge,hinge,trapezoid,random
square,0.0,26.434047228338006,27.801175647109343,29.447657608516163,31.48821787184991,29.126780892969748,27.39363399919764,31.4966391676207,29.884470619342487,29.65817674492636,34.76209167746861
rectangle,26.434047228338006,0.0,24.183613717366164,27.926309316365106,30.000845756135483,25.28098557246394,25.42922579183301,28.381268833902205,24.11735591920681,24.998171492152704,30.714470678776753
parallelogram,27.801175647109343,24.183613717366164,0.0,14.969940420632684,30.00229909705183,26.33039176762041,26.13235792173993,27.878100859346702,25.112047545187817,22.016856250325013,27.705330657853803
losange,29.447657608516163,27.926309316365106,14.969940420632684,0.0,30.441962052759813,27.900872483532112,27.243100122400833,27.996227314773225,26.435589487478868,22.693725863452066,25.318406519843375
isoTrapezoid,31.48821787184991,30.000845756135483,30.00229909705183,30.441962052759813,0.0,21.42475023384074,18.602506762261008,25.011530486299176,24.787144330432426,21.224868361437494,24.871602902427988
kite,29.126780892969748,25.28098557246394,26.33039176762041,27.900872483532112,21.42475023384074,0.0,15.091990162082498,26.152846920532827,24.76513232053151,22.91679021810047,27.387271758476537
rightKite,27.39363399919764,25.42922579183301,26.13235792173993,27.243100122400833,18.602506762261008,15.091990162082498,0.0,23.209750732315143,21.708216052805497,19.373610695125215,25.345537680260737
rustedHinge,31.4966391676207,28.381268833902205,27.878100859346702,27.996227314773225,25.011530486299176,26.152846920532827,23.209750732315143,0.0,12.439897562858395,23.753407175220403,24.7886656596174
hinge,29.884470619342487,24.11735591920681,25.112047545187817,26.435589487478868,24.787144330432426,24.76513232053151,21.708216052805497,12.439897562858395,0.0,21.508293805580596,23.96688764459129
trapezoid,29.65817674492636,24.998171492152704,22.016856250325013,22.693725863452066,21.224868361437494,22.91679021810047,19.373610695125215,23.753407175220403,21.508293805580596,0.0,18.70827492340487
random,34.76209167746861,30.714470678776753,27.705330657853803,25.318406519843375,24.871602902427988,27.387271758476537,25.345537680260737,24.7886656596174,23.96688764459129,18.70827492340487,0.0
