,square,rectangle,parallelogram,losange,isoTrapezoid,kite,rightKite,rustedHinge,hinge,trapezoid,random
square,0.0,75.29881118672355,79.25039644375325,77.38641818033153,64.08333297013282,105.35715389168878,38.443133598115885,61.283710344175184,65.30516738804894,47.51761594313117,111.04611793707456
rectangle,75.29881118672355,0.0,36.32252848866966,56.51158780524968,100.96907196532301,86.86509122118629,65.05115859293299,96.04849321525957,85.96018441496159,78.88667521134445,125.99417894836338
parallelogram,79.25039644375325,36.32252848866966,0.0,40.23448568935644,109.44209473876255,95.05210979294164,63.31856307485804,87.23466992885214,72.99944545027769,64.55966206690465,112.14178948096738
losange,77.38641818033153,56.51158780524968,40.23448568935644,0.0,108.77793122252098,102.04284774574417,64.56790626931694,87.26266827884538,75.71013675967441,62.83234917877101,87.52137342315469
isoTrapezoid,64.08333297013282,100.96907196532301,109.44209473876255,108.77793122252098,0.0,106.09295038308514,70.27168210147215,82.72732656622308,91.64594275612934,85.2232042834453,121.12852348410401
kite,105.35715389168878,86.86509122118629,95.05210979294164,102.04284774574417,106.09295038308514,0.0,78.556483386681,128.39224424455804,132.43080094500837,116.85897751835205,154.2860934594947
rightKite,38.443133598115885,65.05115859293299,63.31856307485804,64.56790626931694,70.27168210147215,78.556483386681,0.0,73.42962060705003,73.82450102522364,50.553081177828275,112.08798851564788
rustedHinge,61.283710344175184,96.04849321525957,87.23466992885214,87.26266827884538,82.72732656622308,128.39224424455804,73.42962060705003,0.0,29.58183971889543,48.67068784135788,90.78309710169306
hinge,65.30516738804894,85.96018441496159,72.99944545027769,75.71013675967441,91.64594275612934,132.43080094500837,73.82450102522364,29.58183971889543,0.0,40.12726949315923,86.51560942123001
trapezoid,47.51761594313117,78.88667521134445,64.55966206690465,62.83234917877101,85.2232042834453,116.85897751835205,50.553081177828275,48.67068784135788,40.12726949315923,0.0,86.07030704970074
random,111.04611793707456,125.99417894836338,112.14178948096738,87.52137342315469,121.12852348410401,154.2860934594947,112.08798851564788,90.78309710169306,86.51560942123001,86.07030704970074,0.0
