,square,rectangle,parallelogram,losange,isoTrapezoid,kite,rightKite,rustedHinge,hinge,trapezoid,random
square,0.0,10.84554319345456,16.062553637513535,19.015705940833417,11.168641595780613,11.792464891824364,10.362558254541032,14.80341011570233,13.540672231195375,12.46819379862814,17.075280985597395
rectangle,10.84554319345456,0.0,11.923771039531948,16.626174279647042,16.814205385452464,14.481475630192268,14.047991586400375,14.348933517392474,11.89143631338193,14.721829637618214,19.549328603695596
parallelogram,16.062553637513535,11.923771039531948,0.0,9.374996457165091,18.320279564982357,18.339083495539526,16.325126533046113,16.081654058327818,13.849236005137042,12.571062404767169,17.078824467283315
losange,19.015705940833417,16.626174279647042,9.374996457165091,0.0,19.470488831471343,20.51882480226135,18.644595149158942,17.388284907765186,16.117511908786685,13.179169367929454,15.102900492609422
isoTrapezoid,11.168641595780613,16.814205385452464,18.320279564982357,19.470488831471343,0.0,12.1779557469964,10.908112258995372,17.67749171936121,17.247931280780918,12.081084934324677,15.100210110845122
kite,11.792464891824364,14.481475630192268,18.339083495539526,20.51882480226135,12.1779557469964,0.0,8.86131622580205,17.766675091252345,17.266011611278532,16.61431851972037,19.64984425462054
rightKite,10.362558254541032,14.047991586400375,16.325126533046113,18.644595149158942,10.908112258995372,8.86131622580205,0.0,16.654558541957865,15.977898694261068,12.349379707057127,17.13870787676469
rustedHinge,14.80341011570233,14.348933517392474,16.081654058327818,17.388284907765186,17.67749171936121,17.766675091252345,16.654558541957865,0.0,5.094573037522104,15.828989388827981,16.822613896104556
hinge,13.540672231195375,11.89143631338193,13.849236005137042,16.117511908786685,17.247931280780918,17.266011611278532,15.977898694261068,5.094573037522104,0.0,14.578186215382074,16.315501223173943
trapezoid,12.46819379862814,14.721829637618214,12.571062404767169,13.179169367929454,12.081084934324677,16.61431851972037,12.349379707057127,15.828989388827981,14.578186215382074,0.0,10.127982343048751
random,17.075280985597395,19.549328603695596,17.078824467283315,15.102900492609422,15.100210110845122,19.64984425462054,17.13870787676469,16.822613896104556,16.315501223173943,10.127982343048751,0.0
