,square,rectangle,parallelogram,losange,isoTrapezoid,kite,rightKite,rustedHinge,hinge,trapezoid,random
square,0.0,0.027295305596285013,0.07290306760833276,0.13810112204689506,0.03526190715653332,0.04202023921825204,0.0268525782274448,0.062375511364721525,0.05150037088708326,0.044390529873679974,0.08631670487249976
rectangle,0.027295305596285013,0.0,0.036650172271290415,0.09662170272844894,0.06732971079607397,0.05595621240796833,0.04720349159931159,0.050019688456405365,0.035274497820868445,0.05045334964487336,0.09249358187939904
parallelogram,0.07290306760833276,0.036650172271290415,0.0,0.03367527742605814,0.1127199423552635,0.12024904385460333,0.09664619984517253,0.055713601219039566,0.037808852768995926,0.035460677289328,0.0595667153093018
losange,0.13810112204689506,0.09662170272844894,0.03367527742605814,0.0,0.16738409602712223,0.1865036366920314,0.16139862648921877,0.09445182252999518,0.08099417856564295,0.059112788830609775,0.05258220680095993
isoTrapezoid,0.03526190715653332,0.06732971079607397,0.1127199423552635,0.16738409602712223,2.220446049250313e-16,0.03331980327437367,0.029567384560425403,0.09409318440217163,0.09286739164255609,0.0638569255365089,0.09576265090974778
kite,0.04202023921825204,0.05595621240796833,0.12024904385460333,0.1865036366920314,0.03331980327437367,0.0,0.01843002482622158,0.1094749113695741,0.1088660079322652,0.10419213403361938,0.14653734870910562
rightKite,0.0268525782274448,0.04720349159931159,0.09664619984517253,0.16139862648921877,0.029567384560425403,0.01843002482622158,0.0,0.09975653149446251,0.09338401897931703,0.06714888301253341,0.11619583928047272
rustedHinge,0.062375511364721525,0.050019688456405365,0.055713601219039566,0.09445182252999518,0.09409318440217163,0.1094749113695741,0.09975653149446251,2.220446049250313e-16,0.006388261046225585,0.05785284228775267,0.06789500675528348
hinge,0.05150037088708326,0.035274497820868445,0.037808852768995926,0.08099417856564295,0.09286739164255609,0.1088660079322652,0.09338401897931703,0.006388261046225585,2.220446049250313e-16,0.04459437297232616,0.0604643191620442
trapezoid,0.044390529873679974,0.05045334964487336,0.035460677289328,0.059112788830609775,0.0638569255365089,0.10419213403361938,0.06714888301253341,0.05785284228775267,0.04459437297232616,0.0,0.021550956140842903
random,0.08631670487249976,0.09249358187939904,0.0595667153093018,0.05258220680095993,0.09576265090974778,0.14653734870910562,0.11619583928047272,0.06789500675528348,0.0604643191620442,0.021550956140842903,0.0
