,square,rectangle,parallelogram,losange,isoTrapezoid,kite,rightKite,rustedHinge,hinge,trapezoid,random
square,0.0,0.04879645961580514,0.09347372134287646,0.12390643689179359,0.0654067222218222,0.05085910603030719,0.04404146651129637,0.08765604717404085,0.07451073918091233,0.05908691741395011,0.1011202083655437
rectangle,0.04879645961580514,0.0,0.05938397769482473,0.10488418996556892,0.10119247998999925,0.07170957742082817,0.06899105671249417,0.08526218253599294,0.05907603805983086,0.07305136672191714,0.11690236265333398
parallelogram,0.09347372134287646,0.05938397769482473,0.0,0.03468265250024605,0.10364500981779756,0.08305405478392813,0.07800607999671394,0.07191771607149089,0.0531508336402966,0.05125707426408577,0.08231926955930557
losange,0.12390643689179359,0.10488418996556892,0.03468265250024605,1.1102230246251565e-16,0.11353448867101268,0.10603119163668762,0.1005003464024603,0.08252669610989938,0.07465946270181334,0.06091620820038601,0.0673399687745927
isoTrapezoid,0.0654067222218222,0.10119247998999925,0.10364500981779756,0.11353448867101268,0.0,0.045266005375229956,0.037129861589965785,0.0824945287972414,0.08172247601151261,0.04819352366951524,0.06190024211798051
kite,0.05085910603030719,0.07170957742082817,0.08305405478392813,0.10603119163668762,0.045266005375229956,0.0,0.018111009736178296,0.07652394398973295,0.06860349461165793,0.059708537786338445,0.08627346446276907
rightKite,0.04404146651129637,0.06899105671249417,0.07800607999671394,0.1005003464024603,0.037129861589965785,0.018111009736178296,0.0,0.06838922769735778,0.06076257275222108,0.04154708461133516,0.07446984320345951
rustedHinge,0.08765604717404085,0.08526218253599294,0.07191771607149089,0.08252669610989938,0.0824945287972414,0.07652394398973295,0.06838922769735778,0.0,0.013933327266878348,0.06426468396092122,0.07089491054365327
hinge,0.07451073918091233,0.05907603805983086,0.0531508336402966,0.07465946270181334,0.08172247601151261,0.06860349461165793,0.06076257275222108,0.013933327266878348,0.0,0.054205380342217335,0.0704236424646485
trapezoid,0.05908691741395011,0.07305136672191714,0.05125707426408577,0.06091620820038601,0.04819352366951524,0.059708537786338445,0.04154708461133516,0.06426468396092122,0.054205380342217335,1.1102230246251565e-16,0.03262826975588573
random,0.1011202083655437,0.11690236265333398,0.08231926955930557,0.0673399687745927,0.06190024211798051,0.08627346446276907,0.07446984320345951,0.07089491054365327,0.0704236424646485,0.03262826975588573,0.0
