,square,rectangle,parallelogram,losange,isoTrapezoid,kite,rightKite,rustedHinge,hinge,trapezoid,random
square,0.0,0.06047936506562135,0.10403495119620487,0.1368036193594433,0.0877765857429883,0.05923390564599229,0.05280241235953009,0.10557165630169008,0.08335296341953469,0.06842739486699623,0.12220310110260968
rectangle,0.06047936506562135,0.0,0.06305120149437993,0.11546896484491376,0.12047568063336367,0.08713256353592069,0.08506286593224766,0.1027546562112529,0.06513060309651986,0.0854051279688457,0.13751633440380306
parallelogram,0.10403495119620487,0.06305120149437993,0.0,0.040000779620307014,0.11557883215028686,0.09236405852782281,0.08734215036597337,0.08098256423014694,0.05466595885317316,0.06048257142518487,0.09713663746937284
losange,0.1368036193594433,0.11546896484491376,0.040000779620307014,2.220446049250313e-16,0.12276227432944231,0.11446134286534848,0.1093434103159262,0.08896310762042692,0.07882446267774035,0.06981186834372899,0.07621053112749221
isoTrapezoid,0.0877765857429883,0.12047568063336367,0.11557883215028686,0.12276227432944231,0.0,0.051343021839973524,0.0460503509067397,0.09939130144122821,0.09426973432426033,0.05519048997458331,0.06511369008089818
kite,0.05923390564599229,0.08713256353592069,0.09236405852782281,0.11446134286534848,0.051343021839973524,2.220446049250313e-16,0.02174994870111613,0.08674805947732567,0.07385555560917678,0.06555456177534902,0.093907437857495
rightKite,0.05280241235953009,0.08506286593224766,0.08734215036597337,0.1093434103159262,0.0460503509067397,0.02174994870111613,0.0,0.07860857055734272,0.06609556792369009,0.04507960955794299,0.08500346947414328
rustedHinge,0.10557165630169008,0.1027546562112529,0.08098256423014694,0.08896310762042692,0.09939130144122821,0.08674805947732567,0.07860857055734272,0.0,0.016668425981417045,0.08026839511950912,0.08810078626458429
hinge,0.08335296341953469,0.06513060309651986,0.05466595885317316,0.07882446267774035,0.09426973432426033,0.07385555560917678,0.06609556792369009,0.016668425981417045,0.0,0.06330767906082435,0.08580396493831477
trapezoid,0.06842739486699623,0.0854051279688457,0.06048257142518487,0.06981186834372899,0.05519048997458331,0.06555456177534902,0.04507960955794299,0.08026839511950912,0.06330767906082435,2.220446049250313e-16,0.041602312212108195
random,0.12220310110260968,0.13751633440380306,0.09713663746937284,0.07621053112749221,0.06511369008089818,0.093907437857495,0.08500346947414328,0.08810078626458429,0.08580396493831477,0.041602312212108195,0.0
