,square,rectangle,parallelogram,losange,isoTrapezoid,kite,rightKite,rustedHinge,hinge,trapezoid,random
square,0.0,0.02893193052653331,0.06129333002385351,0.09644778672704724,0.02445913953630019,0.023707199540304313,0.016632005488594892,0.04560509040053451,0.03907102940052776,0.03135620593085009,0.059816850203394
rectangle,0.02893193052653331,0.0,0.02749165006247134,0.06392282448251008,0.06125289285757807,0.04293059912896202,0.039689554251645665,0.03489022047303414,0.022661130914460537,0.04273044421493999,0.0746318810493759
parallelogram,0.06129333002385351,0.02749165006247134,0.0,0.022440473071942524,0.085365787756989,0.0815800336321606,0.06690828223149892,0.04512183050113949,0.031078434471184968,0.03545533772266252,0.057843723134404224
losange,0.09644778672704724,0.06392282448251008,0.022440473071942524,0.0,0.10816234199902885,0.11528632985704657,0.09989194851881178,0.0650336623552642,0.05507191069200712,0.04600702995269068,0.04824640432774108
isoTrapezoid,0.02445913953630019,0.06125289285757807,0.085365787756989,0.10816234199902885,2.220446049250313e-16,0.025729224591703126,0.02166517352462871,0.06919159230706973,0.06795081425708871,0.036236382783642274,0.053797952412850014
kite,0.023707199540304313,0.04293059912896202,0.0815800336321606,0.11528632985704657,0.025729224591703126,0.0,0.013420623892026029,0.06847991227124617,0.06641776121162724,0.06089895640063825,0.08722266789106259
rightKite,0.016632005488594892,0.039689554251645665,0.06690828223149892,0.09989194851881178,0.02166517352462871,0.013420623892026029,0.0,0.06260930045680135,0.05847858634961567,0.03677675969855654,0.06895667754199974
rustedHinge,0.04560509040053451,0.03489022047303414,0.04512183050113949,0.0650336623552642,0.06919159230706973,0.06847991227124617,0.06260930045680135,2.220446049250313e-16,0.004979618386423468,0.04706981846176006,0.05612408490993448
hinge,0.03907102940052776,0.022661130914460537,0.031078434471184968,0.05507191069200712,0.06795081425708871,0.06641776121162724,0.05847858634961567,0.004979618386423468,0.0,0.03904080085852957,0.05283771789074865
trapezoid,0.03135620593085009,0.04273044421493999,0.03545533772266252,0.04600702995269068,0.036236382783642274,0.06089895640063825,0.03677675969855654,0.04706981846176006,0.03904080085852957,2.220446049250313e-16,0.018655526711810477
random,0.059816850203394,0.0746318810493759,0.057843723134404224,0.04824640432774108,0.053797952412850014,0.08722266789106259,0.06895667754199974,0.05612408490993448,0.05283771789074865,0.018655526711810477,0.0
