,square,rectangle,parallelogram,losange,isoTrapezoid,kite,rightKite,rustedHinge,hinge,trapezoid,random
square,0.0,0.001052656412610764,0.002738823916067834,0.0043700934845768424,0.0022956013312499524,0.0016877385318423421,0.0016672835226166915,0.0029170235936475386,0.002515005535881465,0.0020472127242026072,0.0038301150634557635
rectangle,0.001052656412610764,0.0,0.0017753017876751542,0.003677648311663062,0.0035798321001550004,0.0023666768735407517,0.0023766772585605,0.0024823979228413284,0.0018234159130801064,0.0025485800239039014,0.004478623077674104
parallelogram,0.002738823916067834,0.0017753017876751542,1.1102230246251565e-16,0.0009967015905454346,0.003376852042825007,0.0028215203668651156,0.0024947837708457765,0.0021150731814864043,0.0016959191883957336,0.001619288413572506,0.0027520088361888684
losange,0.0043700934845768424,0.003677648311663062,0.0009967015905454346,1.1102230246251565e-16,0.0037222186312131367,0.0037792554683981905,0.0033894281644798463,0.0027213191659389846,0.0026722151903408875,0.001920703105511623,0.002136750265386733
isoTrapezoid,0.0022956013312499524,0.0035798321001550004,0.003376852042825007,0.0037222186312131367,1.1102230246251565e-16,0.0012662950986089827,0.0009885385983814388,0.003078985259678202,0.0030562575078142418,0.0013574876000828073,0.001858369159643547
kite,0.0016877385318423421,0.0023666768735407517,0.0028215203668651156,0.0037792554683981905,0.0012662950986089827,1.1102230246251565e-16,0.000611102863862234,0.002490842115974057,0.0023167726459697446,0.0021646381161768424,0.003090319908315653
rightKite,0.0016672835226166915,0.0023766772585605,0.0024947837708457765,0.0033894281644798463,0.0009885385983814388,0.000611102863862234,0.0,0.0023760477218315312,0.002142240159669906,0.0013041145383940744,0.0025126676744585685
rustedHinge,0.0029170235936475386,0.0024823979228413284,0.0021150731814864043,0.0027213191659389846,0.003078985259678202,0.002490842115974057,0.0023760477218315312,0.0,0.0002841855963122697,0.0025427640805704144,0.002882912781863367
hinge,0.002515005535881465,0.0018234159130801064,0.0016959191883957336,0.0026722151903408875,0.0030562575078142418,0.0023167726459697446,0.002142240159669906,0.0002841855963122697,0.0,0.0023014935324064956,0.0029288196803884947
trapezoid,0.0020472127242026072,0.0025485800239039014,0.001619288413572506,0.001920703105511623,0.0013574876000828073,0.0021646381161768424,0.0013041145383940744,0.0025427640805704144,0.0023014935324064956,1.1102230246251565e-16,0.001043580190868476
random,0.0038301150634557635,0.004478623077674104,0.0027520088361888684,0.002136750265386733,0.001858369159643547,0.003090319908315653,0.0025126676744585685,0.002882912781863367,0.0029288196803884947,0.001043580190868476,1.1102230246251565e-16
