,square,rectangle,parallelogram,losange,isoTrapezoid,kite,rightKite,rustedHinge,hinge,trapezoid,random
square,0.0,0.05063386774133383,0.06655200867521571,0.094793877247632,0.030166275737142367,0.019191742000935652,0.012487420449973752,0.05074136675945573,0.05007609489167253,0.030670203456994005,0.0616266898111647
rectangle,0.05063386774133383,0.0,0.025932351359290506,0.05724914847249196,0.0965378536511814,0.05830749315709727,0.05493806300662063,0.028089536518652425,0.017527285723076602,0.056884851144205495,0.09229324880906131
parallelogram,0.06655200867521571,0.025932351359290506,2.220446049250313e-16,0.02774443837882623,0.09473229505383574,0.07235742595438621,0.06269233602566149,0.039786126725513626,0.030223173859920127,0.053094309865456935,0.08221348825411945
losange,0.094793877247632,0.05724914847249196,0.02774443837882623,0.0,0.10092632143938396,0.09233098102426118,0.08738498327041877,0.05005912839779891,0.0471667169358988,0.05937983294918159,0.06099064680586319
isoTrapezoid,0.030166275737142367,0.0965378536511814,0.09473229505383574,0.10092632143938396,0.0,0.03244402778474509,0.02942136453441835,0.08632334136382736,0.09062607219191965,0.038205655170576724,0.053556650304732
kite,0.019191742000935652,0.05830749315709727,0.07235742595438621,0.09233098102426118,0.03244402778474509,2.220446049250313e-16,0.014045566735114368,0.06810381204439175,0.06795783835820068,0.045560356564934956,0.06945677645071313
rightKite,0.012487420449973752,0.05493806300662063,0.06269233602566149,0.08738498327041877,0.02942136453441835,0.014045566735114368,0.0,0.0599568649971397,0.05915681242618942,0.0285712585880451,0.06556701125326603
rustedHinge,0.05074136675945573,0.028089536518652425,0.039786126725513626,0.05005912839779891,0.08632334136382736,0.06810381204439175,0.0599568649971397,2.220446049250313e-16,0.004914346975008033,0.05338175567392234,0.07016034588578324
hinge,0.05007609489167253,0.017527285723076602,0.030223173859920127,0.0471667169358988,0.09062607219191965,0.06795783835820068,0.05915681242618942,0.004914346975008033,0.0,0.05154880851691224,0.0742332695569552
trapezoid,0.030670203456994005,0.056884851144205495,0.053094309865456935,0.05937983294918159,0.038205655170576724,0.045560356564934956,0.0285712585880451,0.05338175567392234,0.05154880851691224,0.0,0.03339057873357554
random,0.0616266898111647,0.09229324880906131,0.08221348825411945,0.06099064680586319,0.053556650304732,0.06945677645071313,0.06556701125326603,0.07016034588578324,0.0742332695569552,0.03339057873357554,2.220446049250313e-16
