,square,rectangle,parallelogram,losange,isoTrapezoid,kite,rightKite,rustedHinge,hinge,trapezoid,random
square,1.1102230246251565e-16,0.021183358005979702,0.045638205956412214,0.06963490667711536,0.024554695648669966,0.02072720422722696,0.01745415827589869,0.03816286160307014,0.03335871190107209,0.027300445256524752,0.05216081468973932
rectangle,0.021183358005979702,0.0,0.022540203443735862,0.05398231720397173,0.05637622439980883,0.03722841966958157,0.035195933623260234,0.031597963797130424,0.02153121179689077,0.03890198310106785,0.0716820892528961
parallelogram,0.045638205956412214,0.022540203443735862,1.1102230246251565e-16,0.016842736228005473,0.06704477651506491,0.059364397758918,0.04875496849503913,0.04090778477488888,0.029827943210649854,0.029976646389983763,0.055296063504076565
losange,0.06963490667711536,0.05398231720397173,0.016842736228005473,0.0,0.0766442318377002,0.07957096240456063,0.06593358677973649,0.05536758854159618,0.04856009805008066,0.03320497115395127,0.044017901541439586
isoTrapezoid,0.024554695648669966,0.05637622439980883,0.06704477651506491,0.0766442318377002,0.0,0.02047817403755059,0.016739865609624704,0.05809155635823926,0.055142795834211666,0.025000612634830888,0.03450751082178305
kite,0.02072720422722696,0.03722841966958157,0.059364397758918,0.07957096240456063,0.02047817403755059,0.0,0.010363262084161384,0.05153321225162033,0.047494994137581625,0.04233761272873704,0.06145178003039686
rightKite,0.01745415827589869,0.035195933623260234,0.04875496849503913,0.06593358677973649,0.016739865609624704,0.010363262084161384,0.0,0.04644229582466919,0.04195136653146636,0.02355911661873833,0.04681610578806672
rustedHinge,0.03816286160307014,0.031597963797130424,0.04090778477488888,0.05536758854159618,0.05809155635823926,0.05153321225162033,0.04644229582466919,0.0,0.004209009258075103,0.044629759266996305,0.055882050338951106
hinge,0.03335871190107209,0.02153121179689077,0.029827943210649854,0.04856009805008066,0.055142795834211666,0.047494994137581625,0.04195136653146636,0.004209009258075103,0.0,0.038236513934522876,0.052848666128251454
trapezoid,0.027300445256524752,0.03890198310106785,0.029976646389983763,0.03320497115395127,0.025000612634830888,0.04233761272873704,0.02355911661873833,0.044629759266996305,0.038236513934522876,1.1102230246251565e-16,0.016040426927290796
random,0.05216081468973932,0.0716820892528961,0.055296063504076565,0.044017901541439586,0.03450751082178305,0.06145178003039686,0.04681610578806672,0.055882050338951106,0.052848666128251454,0.016040426927290796,0.0
