,square,rectangle,parallelogram,losange,isoTrapezoid,kite,rightKite,rustedHinge,hinge,trapezoid,random
square,1.1102230246251565e-16,0.001421778326544998,0.0036919257858926136,0.005860729387628161,0.0032359307948282012,0.002296606300432602,0.002320359203623501,0.00384496827205405,0.0033416894376364636,0.0028552339469056776,0.00526307551746652
rectangle,0.001421778326544998,0.0,0.0024807246358476975,0.005026863972583673,0.004977643683024224,0.0032609811648021125,0.003351230830537011,0.003352562164920747,0.002487193697962131,0.0036178425559939553,0.006147121100246178
parallelogram,0.0036919257858926136,0.0024807246358476975,0.0,0.0013994729929668326,0.004618677366556079,0.003775453862669864,0.0034772468622055186,0.0028778710187813417,0.0023816238526261913,0.0023149442611525295,0.00379980859871043
losange,0.005860729387628161,0.005026863972583673,0.0013994729929668326,0.0,0.005120325080131494,0.005058576436066331,0.0046674256324447105,0.003719905587531769,0.003750549323436436,0.002712069978472509,0.003044863423463884
isoTrapezoid,0.0032359307948282012,0.004977643683024224,0.004618677366556079,0.005120325080131494,0.0,0.0017741418598467007,0.0014635808902419,0.004202185626462018,0.0042463509652157505,0.0018866581005644312,0.0025589936833525506
kite,0.002296606300432602,0.0032609811648021125,0.003775453862669864,0.005058576436066331,0.0017741418598467007,0.0,0.0008686321326792923,0.003244662380258556,0.0030598133247968784,0.0028806186278866885,0.0041537566563781825
rightKite,0.002320359203623501,0.003351230830537011,0.0034772468622055186,0.0046674256324447105,0.0014635808902419,0.0008686321326792923,0.0,0.003167433992074087,0.002908225053422031,0.0017974046164337398,0.0035269953598389137
rustedHinge,0.00384496827205405,0.003352562164920747,0.0028778710187813417,0.003719905587531769,0.004202185626462018,0.003244662380258556,0.003167433992074087,0.0,0.0004108750359347324,0.00345038952512855,0.00400291860672064
hinge,0.0033416894376364636,0.002487193697962131,0.0023816238526261913,0.003750549323436436,0.0042463509652157505,0.0030598133247968784,0.002908225053422031,0.0004108750359347324,0.0,0.0032051499519504256,0.004151281901459969
trapezoid,0.0028552339469056776,0.0036178425559939553,0.0023149442611525295,0.002712069978472509,0.0018866581005644312,0.0028806186278866885,0.0017974046164337398,0.00345038952512855,0.0032051499519504256,0.0,0.001491467868312668
random,0.00526307551746652,0.006147121100246178,0.00379980859871043,0.003044863423463884,0.0025589936833525506,0.0041537566563781825,0.0035269953598389137,0.00400291860672064,0.004151281901459969,0.001491467868312668,0.0
