,square,rectangle,parallelogram,losange,isoTrapezoid,kite,rightKite,rustedHinge,hinge,trapezoid,random
square,0.0,0.0005891479655455445,0.0015631205694127681,0.002462990898077444,0.0010577536278137956,0.0008356117218906167,0.000790762968963632,0.001471536895677139,0.001260348609073425,0.001106011690993447,0.0019767439324398506
rectangle,0.0005891479655455445,0.0,0.0009576334127200381,0.002021628737515657,0.0018696947327642155,0.0012415427390795042,0.001219482119612425,0.0012240210438625443,0.0008854128273189099,0.0013965654800233152,0.0024066028834595077
parallelogram,0.0015631205694127681,0.0009576334127200381,0.0,0.0005234399527017652,0.001977708923107113,0.0017081470064135296,0.001424260020753687,0.0011788008262010319,0.0009133761032948939,0.0009002778895652597,0.0015190288170834343
losange,0.002462990898077444,0.002021628737515657,0.0005234399527017652,1.1102230246251565e-16,0.0022815242699085747,0.002298137712817394,0.0019517000556237285,0.001581621553656265,0.0014876333204634218,0.0010631449477126464,0.0012257902556171985
isoTrapezoid,0.0010577536278137956,0.0018696947327642155,0.001977708923107113,0.0022815242699085747,0.0,0.0006593172080812115,0.0004911462177102921,0.0017910301107985083,0.0017001714524937928,0.0007718260514992803,0.001066636121356157
kite,0.0008356117218906167,0.0012415427390795042,0.0017081470064135296,0.002298137712817394,0.0006593172080812115,0.0,0.0003189732291541958,0.0014476457428391765,0.0013332454352358303,0.001298103580358534,0.0017961353531300572
rightKite,0.000790762968963632,0.001219482119612425,0.001424260020753687,0.0019517000556237285,0.0004911462177102921,0.0003189732291541958,0.0,0.0013667944414487154,0.0012201837366304646,0.0007289108620185392,0.001355205526513692
rustedHinge,0.001471536895677139,0.0012240210438625443,0.0011788008262010319,0.001581621553656265,0.0017910301107985083,0.0014476457428391765,0.0013667944414487154,0.0,0.00013285999992918018,0.0014553262468821604,0.0016446834581802516
hinge,0.001260348609073425,0.0008854128273189099,0.0009133761032948939,0.0014876333204634218,0.0017001714524937928,0.0013332454352358303,0.0012201837366304646,0.00013285999992918018,0.0,0.0012728874145145896,0.0015815660265057208
trapezoid,0.001106011690993447,0.0013965654800233152,0.0009002778895652597,0.0010631449477126464,0.0007718260514992803,0.001298103580358534,0.0007289108620185392,0.0014553262468821604,0.0012728874145145896,0.0,0.000504118888656313
random,0.0019767439324398506,0.0024066028834595077,0.0015190288170834343,0.0012257902556171985,0.001066636121356157,0.0017961353531300572,0.001355205526513692,0.0016446834581802516,0.0015815660265057208,0.000504118888656313,0.0
