,square,rectangle,parallelogram,losange,isoTrapezoid,kite,rightKite,rustedHinge,hinge,trapezoid,random
square,0.0,0.022841861637173833,0.045756028239710145,0.0659326688342442,0.018822305939655615,0.015484025722231065,0.010837576894909051,0.032924028100255076,0.02805856068718693,0.02331892185135742,0.04567433788066377
rectangle,0.022841861637173833,0.0,0.01981590441821357,0.04694252160050727,0.0536605436323615,0.03374656176750568,0.031122547338098827,0.026833574699022145,0.01619330370190064,0.03506927557031736,0.06623777475234738
parallelogram,0.045756028239710145,0.01981590441821357,0.0,0.015327889828993468,0.06671406543903435,0.058449075419435115,0.047318164422871845,0.037055829214010294,0.024676970045412472,0.028460756666340403,0.053087668433636215
losange,0.0659326688342442,0.04694252160050727,0.015327889828993468,0.0,0.07452865705253275,0.07623861661079634,0.0633702089997269,0.04898515094472089,0.040677422931945095,0.03142677179883813,0.04030811354131514
isoTrapezoid,0.018822305939655615,0.0536605436323615,0.06671406543903435,0.07452865705253275,1.1102230246251565e-16,0.01978704224941963,0.01597000007759175,0.05600763000895004,0.05376170530242064,0.02482976333046183,0.035220021664460144
kite,0.015484025722231065,0.03374656176750568,0.058449075419435115,0.07623861661079634,0.01978704224941963,0.0,0.009764644852057303,0.050836741070866776,0.04732091990156273,0.040657840776989196,0.060797335529801266
rightKite,0.010837576894909051,0.031122547338098827,0.047318164422871845,0.0633702089997269,0.01597000007759175,0.009764644852057303,0.0,0.04461821839763769,0.04059371077198759,0.022356655517831614,0.04687269887578582
rustedHinge,0.032924028100255076,0.026833574699022145,0.037055829214010294,0.04898515094472089,0.05600763000895004,0.050836741070866776,0.04461821839763769,0.0,0.0039825156996105004,0.03869077041858293,0.051142315938324856
hinge,0.02805856068718693,0.01619330370190064,0.024676970045412472,0.040677422931945095,0.05376170530242064,0.04732091990156273,0.04059371077198759,0.0039825156996105004,1.1102230246251565e-16,0.031932539730184506,0.04855379038743868
trapezoid,0.02331892185135742,0.03506927557031736,0.028460756666340403,0.03142677179883813,0.02482976333046183,0.040657840776989196,0.022356655517831614,0.03869077041858293,0.031932539730184506,0.0,0.015413281297819603
random,0.04567433788066377,0.06623777475234738,0.053087668433636215,0.04030811354131514,0.035220021664460144,0.060797335529801266,0.04687269887578582,0.051142315938324856,0.04855379038743868,0.015413281297819603,0.0
