,square,rectangle,parallelogram,losange,isoTrapezoid,kite,rightKite,rustedHinge,hinge,trapezoid,random
square,0.0,0.0007771890604949538,0.0020456018003136567,0.003237086506970188,0.0015733030542727233,0.0011836339296693588,0.0011605322371215365,0.0021050912429284585,0.0017901607525272478,0.0014899814323602323,0.0027261976192307635
rectangle,0.0007771890604949538,0.0,0.0012761664522428218,0.0026605475051442173,0.0025846339081603276,0.001691889839438021,0.0017147646616476608,0.0017607588529295892,0.0012757032483527997,0.0018632872459273253,0.0032085052546166892
parallelogram,0.0020456018003136567,0.0012761664522428218,0.0,0.0007105065625859774,0.0026139405484474354,0.0022147930753541045,0.001930525642478309,0.0016165605989335585,0.0012651680251655195,0.0012195307568081404,0.0020297111602708418
losange,0.003237086506970188,0.0026605475051442173,0.0007105065625859774,1.1102230246251565e-16,0.002935537522943954,0.002946634316198238,0.0026056333171834423,0.002097636469254427,0.002000255998097722,0.0014534622015398568,0.0016319487523853704
isoTrapezoid,0.0015733030542727233,0.0025846339081603276,0.0026139405484474354,0.002935537522943954,1.1102230246251565e-16,0.0009252054084660788,0.0007071676913761316,0.0023831728805480124,0.0022977052021309063,0.001032554120778184,0.0014245243469458435
kite,0.0011836339296693588,0.001691889839438021,0.0022147930753541045,0.002946634316198238,0.0009252054084660788,0.0,0.00045928089815494566,0.0019291535277224936,0.0017702128898751113,0.001677462309430111,0.002355069179632796
rightKite,0.0011605322371215365,0.0017147646616476608,0.001930525642478309,0.0026056333171834423,0.0007071676913761316,0.00045928089815494566,0.0,0.0018447044070737384,0.0016453560099194409,0.0009826890379285302,0.0018506722719698887
rustedHinge,0.0021050912429284585,0.0017607588529295892,0.0016165605989335585,0.002097636469254427,0.0023831728805480124,0.0019291535277224936,0.0018447044070737384,0.0,0.00019911426240792895,0.00196009125569907,0.002177805657916587
hinge,0.0017901607525272478,0.0012757032483527997,0.0012651680251655195,0.002000255998097722,0.0022977052021309063,0.0017702128898751113,0.0016453560099194409,0.00019911426240792895,0.0,0.0017299730651295642,0.0021338799232547556
trapezoid,0.0014899814323602323,0.0018632872459273253,0.0012195307568081404,0.0014534622015398568,0.001032554120778184,0.001677462309430111,0.0009826890379285302,0.00196009125569907,0.0017299730651295642,1.1102230246251565e-16,0.0007270167166811836
random,0.0027261976192307635,0.0032085052546166892,0.0020297111602708418,0.0016319487523853704,0.0014245243469458435,0.002355069179632796,0.0018506722719698887,0.002177805657916587,0.0021338799232547556,0.0007270167166811836,0.0
