,square,rectangle,parallelogram,losange,isoTrapezoid,kite,rightKite,rustedHinge,hinge,trapezoid,random
square,0.0,0.00037880480808882844,0.0007046538684755133,0.0010690790147726004,0.0002671547403468866,0.00022204763938327154,0.00015998007186546204,0.0004949063031771672,0.00044329308039514626,0.0003446120167102107,0.0006622931601231175
rectangle,0.00037880480808882844,0.0,0.00028299350751792574,0.0006942622744730009,0.0008420950841789843,0.0005166412917717578,0.0004826577946993593,0.0003693962051968258,0.00023148818364149282,0.0005320486265831814,0.0009843554907186247
parallelogram,0.0007046538684755133,0.00028299350751792574,0.0,0.0002599467414252654,0.0010078549364672673,0.0008568126985699642,0.000695072242119843,0.0005406887192156429,0.0003772367676753152,0.0004358257124202902,0.0008188298696155671
losange,0.0010690790147726004,0.0006942622744730009,0.0002599467414252654,0.0,0.0011862307736330013,0.00114795483104968,0.001001389215995352,0.0007001465891138814,0.0006081680114442545,0.0005255291632707548,0.0006270318506442774
isoTrapezoid,0.0002671547403468866,0.0008420950841789843,0.0010078549364672673,0.0011862307736330013,1.1102230246251565e-16,0.0003038235563406211,0.0002553324752264663,0.0008535403642579986,0.000838017023219062,0.00037921375134775115,0.0005464033934540202
kite,0.00022204763938327154,0.0005166412917717578,0.0008568126985699642,0.00114795483104968,0.0003038235563406211,0.0,0.0001509249009166158,0.000746621935168279,0.0007156223243492965,0.0005995718752215273,0.0008864173290427102
rightKite,0.00015998007186546204,0.0004826577946993593,0.000695072242119843,0.001001389215995352,0.0002553324752264663,0.0001509249009166158,0.0,0.0006847911980762955,0.000632469575149508,0.00033583100728973303,0.0007265585958926568
rustedHinge,0.0004949063031771672,0.0003693962051968258,0.0005406887192156429,0.0007001465891138814,0.0008535403642579986,0.000746621935168279,0.0006847911980762955,0.0,5.170017837841101e-05,0.0005851763793597309,0.0007291512386907728
hinge,0.00044329308039514626,0.00023148818364149282,0.0003772367676753152,0.0006081680114442545,0.000838017023219062,0.0007156223243492965,0.000632469575149508,5.170017837841101e-05,1.1102230246251565e-16,0.0005059880082711743,0.0007253263126134613
trapezoid,0.0003446120167102107,0.0005320486265831814,0.0004358257124202902,0.0005255291632707548,0.00037921375134775115,0.0005995718752215273,0.00033583100728973303,0.0005851763793597309,0.0005059880082711743,0.0,0.0002475434619441108
random,0.0006622931601231175,0.0009843554907186247,0.0008188298696155671,0.0006270318506442774,0.0005464033934540202,0.0008864173290427102,0.0007265585958926568,0.0007291512386907728,0.0007253263126134613,0.0002475434619441108,0.0
