,square,rectangle,parallelogram,losange,isoTrapezoid,kite,rightKite,rustedHinge,hinge,trapezoid,random
square,0.0,0.0004411488105401373,0.000653536163385926,0.0009635267054293184,0.0002843610887535153,0.00020556223527845585,0.000130009747908999,0.000489686493605257,0.0004587106350322223,0.0003364778122973977,0.0006771739135148502
rectangle,0.0004411488105401373,0.0,0.00024562668442507096,0.0006199164533660095,0.0009611483151120703,0.0005671988075885981,0.0005149368873820226,0.00031611666485120704,0.0001946127326801772,0.0005488092133244526,0.0009908709693722262
parallelogram,0.000653536163385926,0.00024562668442507096,0.0,0.00025399105640100395,0.0009681247957340489,0.0007673599140147758,0.0006386861253514509,0.00042850836054431074,0.0003053959759271585,0.00043370987518087656,0.000809461946784662
losange,0.0009635267054293184,0.0006199164533660095,0.00025399105640100395,2.220446049250313e-16,0.0010638306424394228,0.0010056012508556922,0.0009017952226938464,0.0005648573880935315,0.0005122247933567747,0.0004891457843994029,0.0005604501639591142
isoTrapezoid,0.0002843610887535153,0.0009611483151120703,0.0009681247957340489,0.0010638306424394228,2.220446049250313e-16,0.0003201027206627405,0.0002640708145223991,0.0008672322459869486,0.000891867163076876,0.00038355339758067153,0.0005805975060347857
kite,0.00020556223527845585,0.0005671988075885981,0.0007673599140147758,0.0010056012508556922,0.0003201027206627405,0.0,0.00014201789973178336,0.0007162911392852855,0.0007025719098792127,0.0005455475944294852,0.0008346016201874473
rightKite,0.000130009747908999,0.0005149368873820226,0.0006386861253514509,0.0009017952226938464,0.0002640708145223991,0.00014201789973178336,0.0,0.000621848010730619,0.0005934547430713755,0.00032435851915957326,0.0007393624694439493
rustedHinge,0.000489686493605257,0.00031611666485120704,0.00042850836054431074,0.0005648573880935315,0.0008672322459869486,0.0007162911392852855,0.000621848010730619,0.0,4.3150297405203375e-05,0.0005271388687988487,0.0007025767256105819
hinge,0.0004587106350322223,0.0001946127326801772,0.0003053959759271585,0.0005122247933567747,0.000891867163076876,0.0007025719098792127,0.0005934547430713755,4.3150297405203375e-05,0.0,0.0004821058604521644,0.0007341329152370513
trapezoid,0.0003364778122973977,0.0005488092133244526,0.00043370987518087656,0.0004891457843994029,0.00038355339758067153,0.0005455475944294852,0.00032435851915957326,0.0005271388687988487,0.0004821058604521644,0.0,0.0002937534263636188
random,0.0006771739135148502,0.0009908709693722262,0.000809461946784662,0.0005604501639591142,0.0005805975060347857,0.0008346016201874473,0.0007393624694439493,0.0007025767256105819,0.0007341329152370513,0.0002937534263636188,0.0
