,square,rectangle,parallelogram,losange,isoTrapezoid,kite,rightKite,rustedHinge,hinge,trapezoid,random
square,0.0,0.0026221724023881565,0.007903904060320377,0.011025835182540633,0.005152996705618529,0.006583804384073355,0.005310010004350385,0.00776266989795138,0.006704539825737155,0.006283160065796323,0.01058192654648149
rectangle,0.0026221724023881565,0.0,0.0050996706376899015,0.008749444496669145,0.00849211502448255,0.008341527454958753,0.007301118703827325,0.007108134928396903,0.0054413940382422865,0.007321909242319569,0.012474344785731839
parallelogram,0.007903904060320377,0.0050996706376899015,0.0,0.0028125778305504445,0.010189037244885624,0.011364920569805093,0.009794470360886653,0.008500754823594359,0.006918182984527288,0.005732556152377555,0.010356802281064503
losange,0.011025835182540633,0.008749444496669145,0.0028125778305504445,0.0,0.01201801154181703,0.013890210542637393,0.012352148673481333,0.010147332435211709,0.009088928174186828,0.0064829794552366815,0.008913455399922943
isoTrapezoid,0.005152996705618529,0.00849211502448255,0.010189037244885624,0.01201801154181703,0.0,0.004828862573985071,0.00394163707744033,0.00906495816585351,0.008796243928193448,0.004059316686855552,0.007120655731033931
kite,0.006583804384073355,0.008341527454958753,0.011364920569805093,0.013890210542637393,0.004828862573985071,1.1102230246251565e-16,0.002015485940305428,0.008995509294839388,0.00838002869725607,0.008005794857957493,0.010031482612941511
rightKite,0.005310010004350385,0.007301118703827325,0.009794470360886653,0.012352148673481333,0.00394163707744033,0.002015485940305428,0.0,0.0078005753942261835,0.007203121449191219,0.005197834034368132,0.008260456340167588
rustedHinge,0.00776266989795138,0.007108134928396903,0.008500754823594359,0.010147332435211709,0.00906495816585351,0.008995509294839388,0.0078005753942261835,0.0,0.0008145422670069458,0.007512192602695311,0.007938210592331463
hinge,0.006704539825737155,0.0054413940382422865,0.006918182984527288,0.009088928174186828,0.008796243928193448,0.00838002869725607,0.007203121449191219,0.0008145422670069458,0.0,0.006595588639876193,0.007398763181514778
trapezoid,0.006283160065796323,0.007321909242319569,0.005732556152377555,0.0064829794552366815,0.004059316686855552,0.008005794857957493,0.005197834034368132,0.007512192602695311,0.006595588639876193,0.0,0.003679456849949414
random,0.01058192654648149,0.012474344785731839,0.010356802281064503,0.008913455399922943,0.007120655731033931,0.010031482612941511,0.008260456340167588,0.007938210592331463,0.007398763181514778,0.003679456849949414,0.0
