,square,rectangle,parallelogram,losange,isoTrapezoid,kite,rightKite,rustedHinge,hinge,trapezoid,random
square,0.0,0.0017504124457028425,0.004624593896705997,0.006723177477339193,0.0025192033972246675,0.002947509198127918,0.0023880549271703133,0.004075503034858929,0.003522330316572453,0.003084360121294649,0.005395965911249356
rectangle,0.0017504124457028425,1.1102230246251565e-16,0.002594297452651939,0.005028504983347393,0.004986477940131406,0.0042429901585303575,0.0038587962783980245,0.003611939493199934,0.002626308232134611,0.0038744498330612887,0.00687181492299116
parallelogram,0.004624593896705997,0.002594297452651939,0.0,0.0016771729251378042,0.006287903250068894,0.006539572352148082,0.005518405984774821,0.004566603280883763,0.003520632263212198,0.003202794056814562,0.0058082944878435905
losange,0.006723177477339193,0.005028504983347393,0.0016771729251378042,1.1102230246251565e-16,0.007445106110620658,0.008265333932608532,0.007207534865486975,0.005621714676997791,0.0049376869779678145,0.003734327091841516,0.004862089145467374
isoTrapezoid,0.0025192033972246675,0.004986477940131406,0.006287903250068894,0.007445106110620658,1.1102230246251565e-16,0.0023765385627246838,0.001975816637722394,0.005435590630686771,0.005292794604738638,0.0024154374937730427,0.003848537066221902
kite,0.002947509198127918,0.0042429901585303575,0.006539572352148082,0.008265333932608532,0.0023765385627246838,0.0,0.0011110391466169212,0.005357735043016065,0.005049453234224011,0.0045465265678779065,0.006003278191022199
rightKite,0.0023880549271703133,0.0038587962783980245,0.005518405984774821,0.007207534865486975,0.001975816637722394,0.0011110391466169212,0.0,0.004700816765002003,0.004353145417370086,0.0027624327419430994,0.004708821480180592
rustedHinge,0.004075503034858929,0.003611939493199934,0.004566603280883763,0.005621714676997791,0.005435590630686771,0.005357735043016065,0.004700816765002003,0.0,0.0004353550353866087,0.00432780035036151,0.004748680706638253
hinge,0.003522330316572453,0.002626308232134611,0.003520632263212198,0.0049376869779678145,0.005292794604738638,0.005049453234224011,0.004353145417370086,0.0004353550353866087,1.1102230246251565e-16,0.003726951673221679,0.004463967383218526
trapezoid,0.003084360121294649,0.0038744498330612887,0.003202794056814562,0.003734327091841516,0.0024154374937730427,0.0045465265678779065,0.0027624327419430994,0.00432780035036151,0.003726951673221679,1.1102230246251565e-16,0.0019013559358613819
random,0.005395965911249356,0.00687181492299116,0.0058082944878435905,0.004862089145467374,0.003848537066221902,0.006003278191022199,0.004708821480180592,0.004748680706638253,0.004463967383218526,0.0019013559358613819,0.0
