,square,rectangle,parallelogram,losange,isoTrapezoid,kite,rightKite,rustedHinge,hinge,trapezoid,random
square,0.0,0.059529219706027314,0.17165703594197534,0.28921135184449054,0.16039381642327621,0.09505531449011728,0.09783380810734732,0.23490458818481275,0.18649700660955948,0.12038687499874601,0.23956118801774606
rectangle,0.059529219706027314,0.0,0.10718400098681458,0.2625702907668196,0.2291935652043745,0.13093876960160977,0.13829757251810282,0.2153038774744095,0.14995922301622955,0.15357664974678364,0.28387286506665876
parallelogram,0.17165703594197534,0.10718400098681458,0.0,0.0973191096292515,0.24767236144400828,0.18867262419525876,0.17653807531961063,0.22820889501357633,0.18287829012760493,0.11518096735623118,0.21691055647563595
losange,0.28921135184449054,0.2625702907668196,0.0973191096292515,1.1102230246251565e-16,0.29958071225032434,0.2781363034379506,0.2697141219153478,0.31124942251567644,0.2950466383273561,0.1574400768901142,0.2022749472768257
isoTrapezoid,0.16039381642327621,0.2291935652043745,0.24767236144400828,0.29958071225032434,0.0,0.11388180697021799,0.08422396789294717,0.2592242597510198,0.25085243391563994,0.1010312262416776,0.1366652985551038
kite,0.09505531449011728,0.13093876960160977,0.18867262419525876,0.2781363034379506,0.11388180697021799,0.0,0.038029484200554076,0.19259563993242568,0.1659884778306493,0.1413431304326498,0.21557819157556546
rightKite,0.09783380810734732,0.13829757251810282,0.17653807531961063,0.2697141219153478,0.08422396789294717,0.038029484200554076,0.0,0.18028784593948244,0.16181330928054172,0.09201481096748543,0.18199252990050419
rustedHinge,0.23490458818481275,0.2153038774744095,0.22820889501357633,0.31124942251567644,0.2592242597510198,0.19259563993242568,0.18028784593948244,1.1102230246251565e-16,0.019584196531559073,0.21386535284515773,0.22704516812115705
hinge,0.18649700660955948,0.14995922301622955,0.18287829012760493,0.2950466383273561,0.25085243391563994,0.1659884778306493,0.16181330928054172,0.019584196531559073,1.1102230246251565e-16,0.18800127055001592,0.22527427587780535
trapezoid,0.12038687499874601,0.15357664974678364,0.11518096735623118,0.1574400768901142,0.1010312262416776,0.1413431304326498,0.09201481096748543,0.21386535284515773,0.18800127055001592,0.0,0.07836380278294286
random,0.23956118801774606,0.28387286506665876,0.21691055647563595,0.2022749472768257,0.1366652985551038,0.21557819157556546,0.18199252990050419,0.22704516812115705,0.22527427587780535,0.07836380278294286,0.0
