,square,rectangle,parallelogram,losange,isoTrapezoid,kite,rightKite,rustedHinge,hinge,trapezoid,random
square,0.0,0.03709657396383759,0.07861407402770237,0.1173478020998957,0.03265391369691939,0.03068999786482307,0.027212513779924508,0.06115494148464595,0.05399509512505252,0.04379394832232586,0.07943914390331164
rectangle,0.03709657396383759,0.0,0.03725634304155567,0.08421893834081706,0.08485607055774236,0.059949567046505225,0.05838733024554388,0.048926379864748126,0.03314243004937267,0.06380536736770581,0.10998148820704612
parallelogram,0.07861407402770237,0.03725634304155567,1.1102230246251565e-16,0.03107315308740266,0.1064376035208573,0.1017582297602575,0.08339003618523755,0.07298015385058676,0.05363568306137512,0.053661431790282155,0.09261073574108292
losange,0.1173478020998957,0.08421893834081706,0.03107315308740266,0.0,0.12454772986151286,0.13400957211957998,0.11442880271295719,0.09367147278892507,0.08214254741834226,0.06050581580241832,0.07358601339459125
isoTrapezoid,0.03265391369691939,0.08485607055774236,0.1064376035208573,0.12454772986151286,0.0,0.03520525031336119,0.031156053190303568,0.09651041716243991,0.09391686094679763,0.04096655151695483,0.059381600037815674
kite,0.03068999786482307,0.059949567046505225,0.1017582297602575,0.13400957211957998,0.03520525031336119,1.1102230246251565e-16,0.019203115237930724,0.0896330720429237,0.085229816220457,0.07250625335367822,0.10213650038092315
rightKite,0.027212513779924508,0.05838733024554388,0.08339003618523755,0.11442880271295719,0.031156053190303568,0.019203115237930724,0.0,0.08665786700860934,0.08062682806589716,0.04040675152939499,0.08037064557468665
rustedHinge,0.06115494148464595,0.048926379864748126,0.07298015385058676,0.09367147278892507,0.09651041716243991,0.0896330720429237,0.08665786700860934,1.1102230246251565e-16,0.007076849505246896,0.0786489764431515,0.08916569703721311
hinge,0.05399509512505252,0.03314243004937267,0.05363568306137512,0.08214254741834226,0.09391686094679763,0.085229816220457,0.08062682806589716,0.007076849505246896,1.1102230246251565e-16,0.06953647123956264,0.08599040349860976
trapezoid,0.04379394832232586,0.06380536736770581,0.053661431790282155,0.06050581580241832,0.04096655151695483,0.07250625335367822,0.04040675152939499,0.0786489764431515,0.06953647123956264,1.1102230246251565e-16,0.028091823566441465
random,0.07943914390331164,0.10998148820704612,0.09261073574108292,0.07358601339459125,0.059381600037815674,0.10213650038092315,0.08037064557468665,0.08916569703721311,0.08599040349860976,0.028091823566441465,0.0
