,square,rectangle,parallelogram,losange,isoTrapezoid,kite,rightKite,rustedHinge,hinge,trapezoid,random
square,0.0,0.035143802673597624,0.08300402384481687,0.12090725984408646,0.0458973365372346,0.05405991499768803,0.047518385034052035,0.07726745669277368,0.07004219201976947,0.0567609320016752,0.10132060644776852
rectangle,0.035143802673597624,0.0,0.04376289781789966,0.09040470353575714,0.09386120023294353,0.07989513802922255,0.07508931227628146,0.06696266006643858,0.05201981914746334,0.07505250587113788,0.12829632694879956
parallelogram,0.08300402384481687,0.04376289781789966,0.0,0.030341911065845606,0.1136566760538642,0.11765453520390234,0.09909708294923814,0.08927647670653349,0.07141991272020298,0.061570938866695624,0.10559468609694012
losange,0.12090725984408646,0.09040470353575714,0.030341911065845606,0.0,0.12960447867960145,0.1444620435992584,0.12439543620440607,0.10824817043369483,0.09707998477068291,0.06599987869483748,0.0852616044418828
isoTrapezoid,0.0458973365372346,0.09386120023294353,0.1136566760538642,0.12960447867960145,0.0,0.04604792081598175,0.03938877479711744,0.10692165106365847,0.10558514533907937,0.04255100185187222,0.06824194674637463
kite,0.05405991499768803,0.07989513802922255,0.11765453520390234,0.1444620435992584,0.04604792081598175,0.0,0.020732083470501594,0.09925065432498026,0.09419687028882018,0.0827253962189749,0.10717280506185145
rightKite,0.047518385034052035,0.07508931227628146,0.09909708294923814,0.12439543620440607,0.03938877479711744,0.020732083470501594,2.220446049250313e-16,0.09285950762101203,0.08712276159577004,0.04972063251675063,0.08461031863872293
rustedHinge,0.07726745669277368,0.06696266006643858,0.08927647670653349,0.10824817043369483,0.10692165106365847,0.09925065432498026,0.09285950762101203,2.220446049250313e-16,0.008006959589902496,0.0913371595942628,0.09528184290481678
hinge,0.07004219201976947,0.05201981914746334,0.07141991272020298,0.09707998477068291,0.10558514533907937,0.09419687028882018,0.08712276159577004,0.008006959589902496,2.220446049250313e-16,0.08318115232573742,0.09103358682761908
trapezoid,0.0567609320016752,0.07505250587113788,0.061570938866695624,0.06599987869483748,0.04255100185187222,0.0827253962189749,0.04972063251675063,0.0913371595942628,0.08318115232573742,0.0,0.035593914499362445
random,0.10132060644776852,0.12829632694879956,0.10559468609694012,0.0852616044418828,0.06824194674637463,0.10717280506185145,0.08461031863872293,0.09528184290481678,0.09103358682761908,0.035593914499362445,0.0
