,square,rectangle,parallelogram,losange,isoTrapezoid,kite,rightKite,rustedHinge,hinge,trapezoid,random
square,2.220446049250313e-16,0.035716149683975185,0.062007718859662164,0.08767308399511842,0.021523510020623582,0.015938376501719587,0.011429608438445427,0.04203422834691328,0.03941777810797664,0.027244451093345945,0.05523613114275472
rectangle,0.035716149683975185,2.220446049250313e-16,0.021498217386508256,0.052810779825731125,0.07131502160994851,0.04497665163106468,0.04277054127265478,0.028858343196281666,0.01790252780078272,0.04628269138389263,0.08239878266680933
parallelogram,0.062007718859662164,0.021498217386508256,2.220446049250313e-16,0.02201683678766131,0.08578294396824548,0.07213297990589107,0.06117088010699834,0.04136455294791441,0.028680256197171627,0.044008293058362846,0.07381903916064547
losange,0.08767308399511842,0.052810779825731125,0.02201683678766131,1.1102230246251565e-16,0.095445858459553,0.0950005756730965,0.08365444729016402,0.05236486603946955,0.045441253112781466,0.04752246833913587,0.05334940645061892
isoTrapezoid,0.021523510020623582,0.07131502160994851,0.08578294396824548,0.095445858459553,2.220446049250313e-16,0.024369920030207548,0.020233026893125228,0.06971711206765163,0.0707204840708856,0.029612022388136316,0.04411862278599599
kite,0.015938376501719587,0.04497665163106468,0.07213297990589107,0.0950005756730965,0.024369920030207548,0.0,0.01159658545236597,0.06222822804489814,0.06032829974649723,0.04659208309043428,0.07288782234557645
rightKite,0.011429608438445427,0.04277054127265478,0.06117088010699834,0.08365444729016402,0.020233026893125228,0.01159658545236597,0.0,0.056544828872419295,0.0537420352546224,0.02657919124952335,0.05994288948177706
rustedHinge,0.04203422834691328,0.028858343196281666,0.04136455294791441,0.05236486603946955,0.06971711206765163,0.06222822804489814,0.056544828872419295,0.0,0.004221844625684867,0.047750699180833966,0.06171184884719094
hinge,0.03941777810797664,0.01790252780078272,0.028680256197171627,0.045441253112781466,0.0707204840708856,0.06032829974649723,0.0537420352546224,0.004221844625684867,0.0,0.043156948057265554,0.06269528723472095
trapezoid,0.027244451093345945,0.04628269138389263,0.044008293058362846,0.04752246833913587,0.029612022388136316,0.04659208309043428,0.02657919124952335,0.047750699180833966,0.043156948057265554,0.0,0.021969542560001276
random,0.05523613114275472,0.08239878266680933,0.07381903916064547,0.05334940645061892,0.04411862278599599,0.07288782234557645,0.05994288948177706,0.06171184884719094,0.06269528723472095,0.021969542560001276,0.0
