,square,rectangle,parallelogram,losange,isoTrapezoid,kite,rightKite,rustedHinge,hinge,trapezoid,random
square,2.220446049250313e-16,0.08134625025682307,0.12641563400218536,0.17669413767749143,0.05018665156402924,0.03544648547536222,0.025306845697738112,0.08639560751834263,0.08397359519702707,0.05547077961637159,0.11190798992574214
rectangle,0.08134625025682307,0.0,0.04857075189745175,0.10631499645729148,0.15071296600380468,0.09933710825451492,0.09028767497213919,0.054462356221939845,0.035807249917057526,0.09563622976274466,0.15938488504047477
parallelogram,0.12641563400218536,0.04857075189745175,2.220446049250313e-16,0.04832515654354019,0.1686557138615078,0.14369129045181595,0.12297609128290232,0.07866566427038879,0.0580397843261905,0.09935637209953374,0.15050660440339558
losange,0.17669413767749143,0.10631499645729148,0.04832515654354019,0.0,0.18569591668689966,0.1836895387433053,0.1677630931175892,0.09751649919067717,0.08809730324341647,0.11051341256193015,0.11323382995843856
isoTrapezoid,0.05018665156402924,0.15071296600380468,0.1686557138615078,0.18569591668689966,0.0,0.055004734060110416,0.04663658239732005,0.13803003958011484,0.14419821719580117,0.06645861164953704,0.09683502681685252
kite,0.03544648547536222,0.09933710825451492,0.14369129045181595,0.1836895387433053,0.055004734060110416,0.0,0.025317337836611165,0.12241914572974466,0.12154842610996264,0.08815540472258632,0.13660478907584128
rightKite,0.025306845697738112,0.09028767497213919,0.12297609128290232,0.1677630931175892,0.04663658239732005,0.025317337836611165,2.220446049250313e-16,0.10579178868701966,0.10311410479946947,0.05539699254408437,0.12072323441485433
rustedHinge,0.08639560751834263,0.054462356221939845,0.07866566427038879,0.09751649919067717,0.13803003958011484,0.12241914572974466,0.10579178868701966,0.0,0.010148774888641188,0.09108800560980568,0.11801673196197526
hinge,0.08397359519702707,0.035807249917057526,0.0580397843261905,0.08809730324341647,0.14419821719580117,0.12154842610996264,0.10311410479946947,0.010148774888641188,0.0,0.08658680050561385,0.12412123124238739
trapezoid,0.05547077961637159,0.09563622976274466,0.09935637209953374,0.11051341256193015,0.06645861164953704,0.08815540472258632,0.05539699254408437,0.09108800560980568,0.08658680050561385,0.0,0.05426420143452515
random,0.11190798992574214,0.15938488504047477,0.15050660440339558,0.11323382995843856,0.09683502681685252,0.13660478907584128,0.12072323441485433,0.11801673196197526,0.12412123124238739,0.05426420143452515,0.0
