,square,rectangle,parallelogram,losange,isoTrapezoid,kite,rightKite,rustedHinge,hinge,trapezoid,random
square,0.0,0.0715211864560128,0.11288812009794957,0.15838260154101114,0.04151159214176392,0.029183390044657642,0.02051700541902246,0.07730852606140692,0.0748440183229947,0.04806779617684753,0.10001953081936488
rectangle,0.0715211864560128,0.0,0.038717644573233456,0.09309729066113304,0.1343958691420789,0.08647322215508546,0.08034529323499084,0.04982616048444932,0.03178630053151221,0.08593578002258218,0.14934093112796298
parallelogram,0.11288812009794957,0.038717644573233456,2.220446049250313e-16,0.04292942658938248,0.1559847868991504,0.12905708039353259,0.11033004553307746,0.06982087151444027,0.049370281562219454,0.08777755869570791,0.14071961639712938
losange,0.15838260154101114,0.09309729066113304,0.04292942658938248,0.0,0.17160234064683955,0.1687618598883759,0.1509616260146457,0.08700309446039745,0.07683390397650114,0.09542341325532566,0.10296232483964773
isoTrapezoid,0.04151159214176392,0.1343958691420789,0.1559847868991504,0.17160234064683955,0.0,0.04646661871813407,0.0389832060391091,0.12540261492429872,0.13027290602950425,0.05624292653970364,0.08433823452587386
kite,0.029183390044657642,0.08647322215508546,0.12905708039353259,0.1687618598883759,0.04646661871813407,0.0,0.021076401926752975,0.11174084189153533,0.10998982591135065,0.07956559325870138,0.12741246007760787
rightKite,0.02051700541902246,0.08034529323499084,0.11033004553307746,0.1509616260146457,0.0389832060391091,0.021076401926752975,0.0,0.0976094755831185,0.0946407117818675,0.048209497113553046,0.10880312348241872
rustedHinge,0.07730852606140692,0.04982616048444932,0.06982087151444027,0.08700309446039745,0.12540261492429872,0.11174084189153533,0.0976094755831185,0.0,0.008212631270071213,0.08286683355805724,0.11002531185847131
hinge,0.0748440183229947,0.03178630053151221,0.049370281562219454,0.07683390397650114,0.13027290602950425,0.10998982591135065,0.0946407117818675,0.008212631270071213,0.0,0.07758395890337733,0.11474331382991843
trapezoid,0.04806779617684753,0.08593578002258218,0.08777755869570791,0.09542341325532566,0.05624292653970364,0.07956559325870138,0.048209497113553046,0.08286683355805724,0.07758395890337733,0.0,0.04731217312267044
random,0.10001953081936488,0.14934093112796298,0.14071961639712938,0.10296232483964773,0.08433823452587386,0.12741246007760787,0.10880312348241872,0.11002531185847131,0.11474331382991843,0.04731217312267044,0.0
