,square,rectangle,parallelogram,losange,isoTrapezoid,kite,rightKite,rustedHinge,hinge,trapezoid,random
square,0.0,0.043229348763472064,0.159848492805158,0.2122866756597186,0.17589545857769795,0.1911673227592151,0.18993425084573057,0.20558332680838243,0.19883667629660262,0.1782458912759488,0.25783100689882676
rectangle,0.043229348763472064,2.220446049250313e-16,0.12013579469740054,0.18060053599937465,0.2019835190349878,0.20021659746063347,0.19912955703789093,0.18617648694970446,0.1725050358421446,0.18530061119411823,0.2657224323297497
parallelogram,0.159848492805158,0.12013579469740054,0.0,0.038333759720766025,0.1835846899823501,0.18760183795950924,0.1780556768721444,0.15631511566924772,0.14488484814551228,0.11962621018158914,0.18320012290106213
losange,0.2122866756597186,0.18060053599937465,0.038333759720766025,0.0,0.20098144791705497,0.20925747935688055,0.19556868332486987,0.16633991448736118,0.16253386342795173,0.12102894362807881,0.15383086497404397
isoTrapezoid,0.17589545857769795,0.2019835190349878,0.1835846899823501,0.20098144791705497,0.0,0.07372959488343,0.061843241239252444,0.1234837596357925,0.12480137987090889,0.05940527510500693,0.10317941786494622
kite,0.1911673227592151,0.20021659746063347,0.18760183795950924,0.20925747935688055,0.07372959488343,0.0,0.026550309266107908,0.10797669860532555,0.10300807842887427,0.0992316377951481,0.1264695412959329
rightKite,0.18993425084573057,0.19912955703789093,0.1780556768721444,0.19556868332486987,0.061843241239252444,0.026550309266107908,0.0,0.08930917084024981,0.08704555635474631,0.07120917447262898,0.10078647308270017
rustedHinge,0.20558332680838243,0.18617648694970446,0.15631511566924772,0.16633991448736118,0.1234837596357925,0.10797669860532555,0.08930917084024981,0.0,0.012112383037519159,0.10354023769400567,0.10501017349131303
hinge,0.19883667629660262,0.1725050358421446,0.14488484814551228,0.16253386342795173,0.12480137987090889,0.10300807842887427,0.08704555635474631,0.012112383037519159,0.0,0.0998541176929687,0.10426883341406201
trapezoid,0.1782458912759488,0.18530061119411823,0.11962621018158914,0.12102894362807881,0.05940527510500693,0.0992316377951481,0.07120917447262898,0.10354023769400567,0.0998541176929687,0.0,0.052568351440716365
random,0.25783100689882676,0.2657224323297497,0.18320012290106213,0.15383086497404397,0.10317941786494622,0.1264695412959329,0.10078647308270017,0.10501017349131303,0.10426883341406201,0.052568351440716365,0.0
