,square,rectangle,parallelogram,losange,isoTrapezoid,kite,rightKite,rustedHinge,hinge,trapezoid,random
square,0.0,0.010661349305545742,0.029228191183781838,0.03943828307121944,0.021531649846716516,0.027031310343004322,0.024628218439833982,0.03876579126231949,0.032109217486048336,0.02576268192631692,0.03940927842749875
rectangle,0.010661349305545742,2.220446049250313e-16,0.02050166981038215,0.033647803149923106,0.0341668404734391,0.03358925135241175,0.03245050292124707,0.03424050786110988,0.02685438108390159,0.03176569937763174,0.047051285259010256
parallelogram,0.029228191183781838,0.02050166981038215,0.0,0.008673976378391623,0.03438189904915501,0.03635426280527032,0.03327925349929606,0.036572562436623435,0.027591819819792973,0.02144272524210733,0.03296584486405085
losange,0.03943828307121944,0.033647803149923106,0.008673976378391623,0.0,0.03820602727687872,0.04223689293951238,0.038667070945428206,0.04095972894128386,0.033866498202997475,0.02208895218483775,0.027218047062661954
isoTrapezoid,0.021531649846716516,0.0341668404734391,0.03438189904915501,0.03820602727687872,0.0,0.015464152877368464,0.012895784718573111,0.038939384029823554,0.03297674807180384,0.01233015507195978,0.020733847791621907
kite,0.027031310343004322,0.03358925135241175,0.03635426280527032,0.04223689293951238,0.015464152877368464,0.0,0.0064107322593899285,0.03438803395069834,0.028443515724483226,0.023992668719368004,0.030064576928796494
rightKite,0.024628218439833982,0.03245050292124707,0.03327925349929606,0.038667070945428206,0.012895784718573111,0.0064107322593899285,0.0,0.03281444474169248,0.026354281735197604,0.016270686480145735,0.024237308996964857
rustedHinge,0.03876579126231949,0.03424050786110988,0.036572562436623435,0.04095972894128386,0.038939384029823554,0.03438803395069834,0.03281444474169248,0.0,0.004520959701386551,0.03461048145398937,0.03438247349280976
hinge,0.032109217486048336,0.02685438108390159,0.027591819819792973,0.033866498202997475,0.03297674807180384,0.028443515724483226,0.026354281735197604,0.004520959701386551,0.0,0.027379388566350693,0.027830481204068946
trapezoid,0.02576268192631692,0.03176569937763174,0.02144272524210733,0.02208895218483775,0.01233015507195978,0.023992668719368004,0.016270686480145735,0.03461048145398937,0.027379388566350693,2.220446049250313e-16,0.010967010611321437
random,0.03940927842749875,0.047051285259010256,0.03296584486405085,0.027218047062661954,0.020733847791621907,0.030064576928796494,0.024237308996964857,0.03438247349280976,0.027830481204068946,0.010967010611321437,0.0
