,square,rectangle,parallelogram,losange,isoTrapezoid,kite,rightKite,rustedHinge,hinge,trapezoid,random
square,1.1102230246251565e-16,0.032826121794759966,0.07160927619684032,0.10605710771203891,0.03303849510925905,0.03437053850446237,0.030093487154602583,0.05949107684700117,0.0529544760576236,0.043465581793424635,0.07719510191639689
rectangle,0.032826121794759966,0.0,0.035230418937822305,0.07746750519599921,0.07839532419064899,0.05928079369789374,0.05678855280524431,0.04906952842876289,0.03507491319712608,0.061013746669655644,0.10322824275602649
parallelogram,0.07160927619684032,0.035230418937822305,0.0,0.02809291390369295,0.09791425328988934,0.09684270036159837,0.07974002287432269,0.07120929582912061,0.053863624727475745,0.051178031826812465,0.08717914986198694
losange,0.10605710771203891,0.07746750519599921,0.02809291390369295,1.1102230246251565e-16,0.11330405908015673,0.12415262852596154,0.10592620493367977,0.08963419659301575,0.07893006998066832,0.05602204673199729,0.06929634445661892
isoTrapezoid,0.03303849510925905,0.07839532419064899,0.09791425328988934,0.11330405908015673,0.0,0.03450202563271387,0.02991615091080535,0.09009429118352197,0.08771208298828648,0.03728166480560158,0.055139981651550096
kite,0.03437053850446237,0.05928079369789374,0.09684270036159837,0.12415262852596154,0.03450202563271387,0.0,0.017704205145030905,0.08506329356148035,0.08087616607877346,0.06864920723053736,0.09384425147705278
rightKite,0.030093487154602583,0.05678855280524431,0.07974002287432269,0.10592620493367977,0.02991615091080535,0.017704205145030905,0.0,0.0812156384862942,0.07560467353319233,0.0391420307305792,0.07376927024485869
rustedHinge,0.05949107684700117,0.04906952842876289,0.07120929582912061,0.08963419659301575,0.09009429118352197,0.08506329356148035,0.0812156384862942,0.0,0.006549297546235344,0.07602616866739254,0.08320697904725094
hinge,0.0529544760576236,0.03507491319712608,0.053863624727475745,0.07893006998066832,0.08771208298828648,0.08087616607877346,0.07560467353319233,0.006549297546235344,0.0,0.0678208517897595,0.07987373024204658
trapezoid,0.043465581793424635,0.061013746669655644,0.051178031826812465,0.05602204673199729,0.03728166480560158,0.06864920723053736,0.0391420307305792,0.07602616866739254,0.0678208517897595,1.1102230246251565e-16,0.027277676035941778
random,0.07719510191639689,0.10322824275602649,0.08717914986198694,0.06929634445661892,0.055139981651550096,0.09384425147705278,0.07376927024485869,0.08320697904725094,0.07987373024204658,0.027277676035941778,0.0
