,square,rectangle,parallelogram,losange,isoTrapezoid,kite,rightKite,rustedHinge,hinge,trapezoid,random
square,0.0,0.0717726885931933,0.10772575559815023,0.14929519172866623,0.04279269344403902,0.028730097908895025,0.02119842971420227,0.07463177456006331,0.0729322610278389,0.045885984653301626,0.09622444828933752
rectangle,0.0717726885931933,0.0,0.03749483891784633,0.08713674763618073,0.1301083181037912,0.08357676957952831,0.07779610968105088,0.047725658206761556,0.031100280257882584,0.08185257560974712,0.1427695073809333
parallelogram,0.10772575559815023,0.03749483891784633,0.0,0.03917365044209886,0.148096384480344,0.1195591347867968,0.1044958743320592,0.06488872714390204,0.046711315525986175,0.08282527715321164,0.13113623215769799
losange,0.14929519172866623,0.08713674763618073,0.03917365044209886,0.0,0.16074266060717912,0.15562061842594943,0.14095751066712203,0.08135581445491857,0.07198942262265573,0.08878263029592748,0.0948566227315063
isoTrapezoid,0.04279269344403902,0.1301083181037912,0.148096384480344,0.16074266060717912,0.0,0.045233359212361046,0.03858807577878676,0.11915688814065373,0.12459404069647595,0.05391334711528084,0.07871379937361189
kite,0.028730097908895025,0.08357676957952831,0.1195591347867968,0.15562061842594943,0.045233359212361046,0.0,0.020773005059055882,0.10567758105259173,0.10410864626153149,0.07358681049099769,0.11853824249590339
rightKite,0.02119842971420227,0.07779610968105088,0.1044958743320592,0.14095751066712203,0.03858807577878676,0.020773005059055882,0.0,0.0923785525812969,0.09011790161543298,0.04519566439472267,0.10207046214603044
rustedHinge,0.07463177456006331,0.047725658206761556,0.06488872714390204,0.08135581445491857,0.11915688814065373,0.10567758105259173,0.0923785525812969,0.0,0.009293780040549482,0.0769892866436851,0.10514938799852924
hinge,0.0729322610278389,0.031100280257882584,0.046711315525986175,0.07198942262265573,0.12459404069647595,0.10410864626153149,0.09011790161543298,0.009293780040549482,0.0,0.0726962019556665,0.10965736795975956
trapezoid,0.045885984653301626,0.08185257560974712,0.08282527715321164,0.08878263029592748,0.05391334711528084,0.07358681049099769,0.04519566439472267,0.0769892866436851,0.0726962019556665,0.0,0.04565790409375936
random,0.09622444828933752,0.1427695073809333,0.13113623215769799,0.0948566227315063,0.07871379937361189,0.11853824249590339,0.10207046214603044,0.10514938799852924,0.10965736795975956,0.04565790409375936,0.0
