,square,rectangle,parallelogram,losange,isoTrapezoid,kite,rightKite,rustedHinge,hinge,trapezoid,random
square,0.0,0.03472648879664175,0.0847889813165742,0.12160296081165711,0.0543893113218239,0.0677973349635187,0.062043279753196456,0.08788360312940469,0.08071593556400569,0.06504328189981023,0.11276983043936328
rectangle,0.03472648879664175,1.1102230246251565e-16,0.04713215637090851,0.09279400548298,0.09931357939619845,0.09150926836332851,0.0873896055997806,0.07785099469779044,0.06335629371138995,0.08199737913769989,0.13760432647961818
parallelogram,0.0847889813165742,0.04713215637090851,1.1102230246251565e-16,0.030155393654864304,0.11573581050355208,0.12334849672473269,0.1072533754232694,0.094916019797459,0.07890198139243576,0.06621135211485818,0.11151018949642866
losange,0.12160296081165711,0.09279400548298,0.030155393654864304,0.0,0.13055680776249534,0.14709594193296638,0.12912264206254898,0.11073102712295957,0.10137714642495743,0.06943785006901193,0.0894310590516072
isoTrapezoid,0.0543893113218239,0.09931357939619845,0.11573581050355208,0.13055680776249534,0.0,0.049843770335925464,0.042948764908752324,0.10848659427463625,0.10762054463290505,0.04243907483850973,0.07105120045456115
kite,0.0677973349635187,0.09150926836332851,0.12334849672473269,0.14709594193296638,0.049843770335925464,0.0,0.020383550182282995,0.09811692419673146,0.09319725126190215,0.08395245044694011,0.10514810791878149
rightKite,0.062043279753196456,0.0873896055997806,0.1072533754232694,0.12912264206254898,0.042948764908752324,0.020383550182282995,1.1102230246251565e-16,0.09060666725180189,0.08529556723508336,0.05254100662786132,0.08269146949780104
rustedHinge,0.08788360312940469,0.07785099469779044,0.094916019797459,0.11073102712295957,0.10848659427463625,0.09811692419673146,0.09060666725180189,0.0,0.008289048437538749,0.09291653566150537,0.09374751526569425
hinge,0.08071593556400569,0.06335629371138995,0.07890198139243576,0.10137714642495743,0.10762054463290505,0.09319725126190215,0.08529556723508336,0.008289048437538749,0.0,0.08582191760628122,0.08995670503585751
trapezoid,0.06504328189981023,0.08199737913769989,0.06621135211485818,0.06943785006901193,0.04243907483850973,0.08395245044694011,0.05254100662786132,0.09291653566150537,0.08582191760628122,0.0,0.03840916964723651
random,0.11276983043936328,0.13760432647961818,0.11151018949642866,0.0894310590516072,0.07105120045456115,0.10514810791878149,0.08269146949780104,0.09374751526569425,0.08995670503585751,0.03840916964723651,0.0
