,square,rectangle,parallelogram,losange,isoTrapezoid,kite,rightKite,rustedHinge,hinge,trapezoid,random
square,0.0,0.013187560182338132,0.032979710702350395,0.04574244354224677,0.022284737937412813,0.02771428335857473,0.024445329615668032,0.04052960417553053,0.0338803060962255,0.027563379741478933,0.04371740849020822
rectangle,0.013187560182338132,0.0,0.02122248684411565,0.03773224419086885,0.039031249439706595,0.036464653740615804,0.03445840761726782,0.03473489472086211,0.026678834614652702,0.03531597133535269,0.05393862212132927
parallelogram,0.032979710702350395,0.02122248684411565,1.1102230246251565e-16,0.010845911592140323,0.042619494714563166,0.04598380164041327,0.04070469355341255,0.042841636043963405,0.033087198544975216,0.025993290873278063,0.04115526440220996
losange,0.04574244354224677,0.03773224419086885,0.010845911592140323,0.0,0.04750443132441162,0.053782276077265045,0.0479225414722797,0.048811292493694536,0.0414185451792104,0.02672503919491398,0.033430851643730386
isoTrapezoid,0.022284737937412813,0.039031249439706595,0.042619494714563166,0.04750443132441162,0.0,0.01944605018583956,0.016127421669371533,0.04754677546597241,0.042271996802530354,0.015778182182022094,0.026196356895084483
kite,0.02771428335857473,0.036464653740615804,0.04598380164041327,0.053782276077265045,0.01944605018583956,0.0,0.00801186592546943,0.0422454432838979,0.036589434524004094,0.03156961880188547,0.03922467062624191
rightKite,0.024445329615668032,0.03445840761726782,0.04070469355341255,0.0479225414722797,0.016127421669371533,0.00801186592546943,0.0,0.039590472443996716,0.03345563619761793,0.020432094837054104,0.030750048658312656
rustedHinge,0.04052960417553053,0.03473489472086211,0.042841636043963405,0.048811292493694536,0.04754677546597241,0.0422454432838979,0.039590472443996716,0.0,0.004732346060084214,0.042181804512399945,0.041944497451376295
hinge,0.0338803060962255,0.026678834614652702,0.033087198544975216,0.0414185451792104,0.042271996802530354,0.036589434524004094,0.03345563619761793,0.004732346060084214,0.0,0.035163816064615605,0.03582916711258732
trapezoid,0.027563379741478933,0.03531597133535269,0.025993290873278063,0.02672503919491398,0.015778182182022094,0.03156961880188547,0.020432094837054104,0.042181804512399945,0.035163816064615605,1.1102230246251565e-16,0.013941956843834369
random,0.04371740849020822,0.05393862212132927,0.04115526440220996,0.033430851643730386,0.026196356895084483,0.03922467062624191,0.030750048658312656,0.041944497451376295,0.03582916711258732,0.013941956843834369,1.1102230246251565e-16
