,square,rectangle,parallelogram,losange,isoTrapezoid,kite,rightKite,rustedHinge,hinge,trapezoid,random
square,0.0,69.24052361078607,81.69455835555074,97.5991838085026,55.09593017902404,44.03506578299987,39.84141828769335,71.05020438270566,69.534219295913,57.2035605178354,77.45608948560381
rectangle,69.24052361078607,0.0,53.16629727153259,75.14842387398427,88.63640873557287,73.57113719812527,71.90008742956446,53.955220428952686,43.59116577399158,74.0926262230674,90.04030541610793
parallelogram,81.69455835555074,53.16629727153259,0.0,56.1560386250747,91.99014871052609,85.69865411821651,79.99825743428943,66.63769270081858,58.08972594034466,74.8822885665618,88.58548433014067
losange,97.5991838085026,75.14842387398427,56.1560386250747,0.0,96.98075748976137,97.86990282257028,95.23353630552114,72.81200840638638,69.84613548744333,78.94166931460194,78.07595310778294
isoTrapezoid,55.09593017902404,88.63640873557287,91.99014871052609,96.98075748976137,0.0,56.10576668145872,54.0310724931641,87.0264981626762,87.57835401682688,60.59735628190623,72.15884639541949
kite,44.03506578299987,73.57113719812527,85.69865411821651,97.86990282257028,56.10576668145872,0.0,39.97396124624534,80.62777917891204,79.63146585425311,69.17918293547086,83.67096433765563
rightKite,39.84141828769335,71.90008742956446,79.99825743428943,95.23353630552114,54.0310724931641,39.97396124624534,0.0,77.04887697439635,75.53645443447063,56.51617768116548,80.86596294928765
rustedHinge,71.05020438270566,53.955220428952686,66.63769270081858,72.81200840638638,87.0264981626762,80.62777917891204,77.04887697439635,0.0,26.61689279067257,74.2616599906408,81.17378883071179
hinge,69.534219295913,43.59116577399158,58.08972594034466,69.84613548744333,87.57835401682688,79.63146585425311,75.53645443447063,26.61689279067257,0.0,72.01753971231406,82.19343394914145
trapezoid,57.2035605178354,74.0926262230674,74.8822885665618,78.94166931460194,60.59735628190623,69.17918293547086,56.51617768116548,74.2616599906408,72.01753971231406,0.0,59.421252258460704
random,77.45608948560381,90.04030541610793,88.58548433014067,78.07595310778294,72.15884639541949,83.67096433765563,80.86596294928765,81.17378883071179,82.19343394914145,59.421252258460704,0.0
