,square,rectangle,parallelogram,losange,isoTrapezoid,kite,rightKite,rustedHinge,hinge,trapezoid,random
square,0.0,40.09759150337422,47.6010046071723,57.42629722827884,31.997580143450765,25.761062895881853,21.91000917295637,41.639449489925504,40.42288264650625,33.28777741123664,46.60461429698415
rectangle,40.09759150337422,0.0,30.94110926241771,44.77426724623194,52.82451142374933,43.72840464352598,42.48691787965722,32.63329313217569,25.698528113906914,44.02201168606526,54.467385643652804
parallelogram,47.6010046071723,30.94110926241771,0.0,32.75169012362279,54.42917227922638,50.633101974749366,46.743080080307614,39.48701918993669,33.837071487808664,42.98227702404561,52.464492507469856
losange,57.42629722827884,44.77426724623194,32.75169012362279,0.0,57.299558485565264,57.87252164368261,56.02067901554654,43.02200993604037,41.23134277663191,45.70981732115352,45.35950717616656
isoTrapezoid,31.997580143450765,52.82451142374933,54.42917227922638,57.299558485565264,0.0,32.31343693753474,31.2843552303484,52.07213920332441,52.222933823742785,34.93106503521408,42.48866203179446
kite,25.761062895881853,43.72840464352598,50.633101974749366,57.87252164368261,32.31343693753474,0.0,22.996470252734436,48.31263154561156,47.62788849656708,41.279997706340296,50.460507146219925
rightKite,21.91000917295637,42.48691787965722,46.743080080307614,56.02067901554654,31.2843552303484,22.996470252734436,0.0,45.86174079790264,44.75413613937256,32.82319479704883,48.309085638404966
rustedHinge,41.639449489925504,32.63329313217569,39.48701918993669,43.02200993604037,52.07213920332441,48.31263154561156,45.86174079790264,0.0,14.583240953141011,43.98727617544741,48.312982507560356
hinge,40.42288264650625,25.698528113906914,33.837071487808664,41.23134277663191,52.222933823742785,47.62788849656708,44.75413613937256,14.583240953141011,0.0,42.43064276248469,49.07156812844483
trapezoid,33.28777741123664,44.02201168606526,42.98227702404561,45.70981732115352,34.93106503521408,41.279997706340296,32.82319479704883,43.98727617544741,42.43064276248469,0.0,34.13080931514094
random,46.60461429698415,54.467385643652804,52.464492507469856,45.35950717616656,42.48866203179446,50.460507146219925,48.309085638404966,48.312982507560356,49.07156812844483,34.13080931514094,0.0
