,square,rectangle,parallelogram,losange,isoTrapezoid,kite,rightKite,rustedHinge,hinge,trapezoid,random
square,0.0,16.056424917162843,22.220952385169166,26.81062336098073,15.393620840074098,13.477689228124998,12.105701379338491,19.258694755759837,18.324628070984364,16.277201288433204,22.192762999675416
rectangle,16.056424917162843,0.0,14.667453780502816,22.010598294681948,23.396109777192564,18.953181216045966,18.61882980708446,16.318453050765925,13.439348318160514,19.421695685708443,25.296463994240796
parallelogram,22.220952385169166,14.667453780502816,0.0,14.321438047998328,25.59501436043997,23.579409684616493,21.925361744599584,18.98054375994549,16.55894673176379,18.206450222025875,23.470487017713715
losange,26.81062336098073,22.010598294681948,14.321438047998328,0.0,27.302625715010496,27.086861021456286,25.68788554978493,22.166181210972614,21.102234839474885,19.273100396624223,20.777972622062325
isoTrapezoid,15.393620840074098,23.396109777192564,25.59501436043997,27.302625715010496,0.0,14.49640398118617,13.546669537197646,23.46071872651705,23.539492074663745,15.641294591410086,18.78491838537348
kite,13.477689228124998,18.953181216045966,23.579409684616493,27.086861021456286,14.49640398118617,0.0,10.77007681279679,21.934012061226657,21.312559325601732,19.92144721145777,23.50456325520366
rightKite,12.105701379338491,18.61882980708446,21.925361744599584,25.68788554978493,13.546669537197646,10.77007681279679,0.0,21.077761127874883,20.579649740569128,15.23701803428486,21.64313298511171
rustedHinge,19.258694755759837,16.318453050765925,18.98054375994549,22.166181210972614,23.46071872651705,21.934012061226657,21.077761127874883,0.0,6.818449615502927,19.970684624080878,22.25552032870599
hinge,18.324628070984364,13.439348318160514,16.55894673176379,21.102234839474885,23.539492074663745,21.312559325601732,20.579649740569128,6.818449615502927,0.0,19.135799180417763,22.065340452407884
trapezoid,16.277201288433204,19.421695685708443,18.206450222025875,19.273100396624223,15.641294591410086,19.92144721145777,15.23701803428486,19.970684624080878,19.135799180417763,0.0,13.528023750481236
random,22.192762999675416,25.296463994240796,23.470487017713715,20.777972622062325,18.78491838537348,23.50456325520366,21.64313298511171,22.25552032870599,22.065340452407884,13.528023750481236,0.0
