,square,rectangle,parallelogram,losange,isoTrapezoid,kite,rightKite,rustedHinge,hinge,trapezoid,random
square,0.0,8.522445114686263,12.018918533373286,15.155028929282327,10.769675006889607,9.445174361267723,8.76356359569153,12.140347441292072,11.308336563564591,10.42591238015022,13.93718281504766
rectangle,8.522445114686263,0.0,9.135311792345078,13.23002930108106,14.266652556231241,11.843282376963543,11.542379677659373,11.406988540562265,9.882360048559253,12.03812362649349,15.539109828710245
parallelogram,12.018918533373286,9.135311792345078,0.0,7.5016982054073775,13.430089587442506,12.694614087807706,11.836836820509355,11.500832189700606,10.180258674010538,9.665713175424477,13.080844860883634
losange,15.155028929282327,13.23002930108106,7.5016982054073775,0.0,14.636553046734152,14.925655134408254,14.232374534500531,12.735919506644189,12.067678694903034,10.484167982266712,11.498970738749207
isoTrapezoid,10.769675006889607,14.266652556231241,13.430089587442506,14.636553046734152,0.0,9.292029510338036,8.684288827100582,14.822952734485511,14.470481639812075,8.500584586990836,11.381376519590457
kite,9.445174361267723,11.843282376963543,12.694614087807706,14.925655134408254,9.292029510338036,0.0,6.023072740861762,13.597485100535383,13.051584414800509,11.264256088064572,13.608258629087894
rightKite,8.76356359569153,11.542379677659373,11.836836820509355,14.232374534500531,8.684288827100582,6.023072740861762,0.0,12.855659337091714,12.382452927723662,8.96763695397871,12.925025813950606
rustedHinge,12.140347441292072,11.406988540562265,11.500832189700606,12.735919506644189,14.822952734485511,13.597485100535383,12.855659337091714,0.0,3.8120830699493786,12.47681656370365,12.959257902916546
hinge,11.308336563564591,9.882360048559253,10.180258674010538,12.067678694903034,14.470481639812075,13.051584414800509,12.382452927723662,3.8120830699493786,0.0,11.748428210438306,12.651068007260832
trapezoid,10.42591238015022,12.03812362649349,9.665713175424477,10.484167982266712,8.500584586990836,11.264256088064572,8.96763695397871,12.47681656370365,11.748428210438306,0.0,8.578193006856537
random,13.93718281504766,15.539109828710245,13.080844860883634,11.498970738749207,11.381376519590457,13.608258629087894,12.925025813950606,12.959257902916546,12.651068007260832,8.578193006856537,0.0
