,square,rectangle,parallelogram,losange,isoTrapezoid,kite,rightKite,rustedHinge,hinge,trapezoid,random
square,0.0,27.033683606528825,33.005354713991096,39.81727319137677,20.951955894383655,17.204732906096112,14.640867884338167,28.330307083278193,27.519282593112667,22.313627087508554,31.27206972393193
rectangle,27.033683606528825,0.0,19.40107364318491,29.31409833292112,35.387745204014045,28.683887561526838,28.287359222391423,21.758233157204785,17.07815745678796,29.027581243714042,36.24337073613491
parallelogram,33.005354713991096,19.40107364318491,0.0,21.125527012275786,37.82114826200469,34.624768228724804,32.25285493363847,26.118494130508147,21.879279875307112,28.630038195050144,35.301594385830924
losange,39.81727319137677,29.31409833292112,21.125527012275786,0.0,40.01007130037562,39.9321847044667,38.528393191533596,28.976438873832038,27.277334849786026,30.54275373550273,30.722857119322143
isoTrapezoid,20.951955894383655,35.387745204014045,37.82114826200469,40.01007130037562,0.0,21.48084545106161,20.559395500318274,35.31554140679803,35.31439360176549,23.03919626551011,27.943131280660538
kite,17.204732906096112,28.683887561526838,34.624768228724804,39.9321847044667,21.48084545106161,0.0,14.991110501839724,32.56681515290907,32.0479039283882,28.16245397543471,34.378559482768274
rightKite,14.640867884338167,28.287359222391423,32.25285493363847,38.528393191533596,20.559395500318274,14.991110501839724,0.0,31.215529678200053,30.437905358687242,21.95091846959622,32.597798090148906
rustedHinge,28.330307083278193,21.758233157204785,26.118494130508147,28.976438873832038,35.31554140679803,32.56681515290907,31.215529678200053,0.0,9.089207530266656,29.471280721946943,32.24325794747086
hinge,27.519282593112667,17.07815745678796,21.879279875307112,27.277334849786026,35.31439360176549,32.0479039283882,30.437905358687242,9.089207530266656,0.0,28.128889685866934,32.40221590954411
trapezoid,22.313627087508554,29.027581243714042,28.630038195050144,30.54275373550273,23.03919626551011,28.16245397543471,21.95091846959622,29.471280721946943,28.128889685866934,0.0,21.81852007556213
random,31.27206972393193,36.24337073613491,35.301594385830924,30.722857119322143,27.943131280660538,34.378559482768274,32.597798090148906,32.24325794747086,32.40221590954411,21.81852007556213,0.0
