,square,rectangle,parallelogram,losange,isoTrapezoid,kite,rightKite,rustedHinge,hinge,trapezoid,random
square,0.0,8.021435302719931,9.973343361254036,11.788115523385498,6.12562116447874,5.217946002173575,4.756736206004434,8.364331311353412,8.051689436847756,6.426209030551269,8.896481109028354
rectangle,8.021435302719931,0.0,6.015146177695801,8.626078452697799,10.0420940948687,8.500465890706678,8.503482191390413,6.577377019352579,5.093566758615387,8.483232412199493,10.39412069618905
parallelogram,9.973343361254036,6.015146177695801,0.0,6.237964662136855,11.046939966355966,10.239910983525421,9.774879085438918,7.918244946766461,6.727192203927401,8.644495373768303,10.387086792424864
losange,11.788115523385498,8.626078452697799,6.237964662136855,0.0,11.642831519260218,11.642282627443075,11.38773784998232,8.54692540027312,8.101084623582857,9.200386828400546,9.202657078203769
isoTrapezoid,6.12562116447874,10.0420940948687,11.046939966355966,11.642831519260218,0.0,6.0777097543223935,5.842626382413126,9.814560304185582,9.881980822819182,6.571042163594284,7.798983263953054
kite,5.217946002173575,8.500465890706678,10.239910983525421,11.642282627443075,6.0777097543223935,0.0,4.4767566119325855,9.15446899029027,9.112453133684737,8.077941547879323,9.594331850804311
rightKite,4.756736206004434,8.503482191390413,9.774879085438918,11.38773784998232,5.842626382413126,4.4767566119325855,0.0,8.879909935507595,8.833971842805914,6.4540846986375495,9.163691369952645
rustedHinge,8.364331311353412,6.577377019352579,7.918244946766461,8.54692540027312,9.814560304185582,9.15446899029027,8.879909935507595,0.0,3.039091206444905,8.498396080029645,9.111633077141573
hinge,8.051689436847756,5.093566758615387,6.727192203927401,8.101084623582857,9.881980822819182,9.112453133684737,8.833971842805914,3.039091206444905,0.0,8.157484690266879,9.22873156471537
trapezoid,6.426209030551269,8.483232412199493,8.644495373768303,9.200386828400546,6.571042163594284,8.077941547879323,6.4540846986375495,8.498396080029645,8.157484690266879,0.0,6.280846001586887
random,8.896481109028354,10.39412069618905,10.387086792424864,9.202657078203769,7.798983263953054,9.594331850804311,9.163691369952645,9.111633077141573,9.22873156471537,6.280846001586887,0.0
