,square,rectangle,parallelogram,losange,isoTrapezoid,kite,rightKite,rustedHinge,hinge,trapezoid,random
square,0.0,12.20037057228962,15.123152065093345,18.067131023762517,9.189803217511802,7.755932880497168,6.435702319590977,12.656698568680579,12.29155193245737,9.940103816911845,13.799511678715186
rectangle,12.20037057228962,0.0,8.711221575126432,12.858820456981038,15.264070767202876,12.831593718238558,12.611708604752772,9.746157923560192,7.690370987023759,12.830229569366216,15.839860732629713
parallelogram,15.123152065093345,8.711221575126432,0.0,9.010803215332865,16.74497839488573,15.569992648669148,14.673731951424987,11.568168964451127,9.76994427971327,12.833604239771258,15.492398269559114
losange,18.067131023762517,12.858820456981038,9.010803215332865,0.0,17.880959420032433,17.967136060928954,17.36440692464855,12.822834376457019,12.039513859731342,13.770416665348085,13.77589304591327
isoTrapezoid,9.189803217511802,15.264070767202876,16.74497839488573,17.880959420032433,0.0,9.482371552359286,8.809260300920988,15.041740454780784,15.04594183004058,9.977232618646545,12.005471189598115
kite,7.755932880497168,12.831593718238558,15.569992648669148,17.967136060928954,9.482371552359286,0.0,6.743770852134622,14.394945624074243,14.132832958318723,12.629528535372256,15.167713180570107
rightKite,6.435702319590977,12.611708604752772,14.673731951424987,17.36440692464855,8.809260300920988,6.743770852134622,0.0,13.756144748684031,13.402139261613645,9.75019038388306,14.179097735932809
rustedHinge,12.656698568680579,9.746157923560192,11.568168964451127,12.822834376457019,15.041740454780784,14.394945624074243,13.756144748684031,0.0,4.105177091033498,12.724090189593365,13.746866177496962
hinge,12.29155193245737,7.690370987023759,9.76994427971327,12.039513859731342,15.04594183004058,14.132832958318723,13.402139261613645,4.105177091033498,0.0,12.173673106344166,13.831460538807622
trapezoid,9.940103816911845,12.830229569366216,12.833604239771258,13.770416665348085,9.977232618646545,12.629528535372256,9.75019038388306,12.724090189593365,12.173673106344166,0.0,9.392190721149445
random,13.799511678715186,15.839860732629713,15.492398269559114,13.77589304591327,12.005471189598115,15.167713180570107,14.179097735932809,13.746866177496962,13.831460538807622,9.392190721149445,0.0
