,square,rectangle,parallelogram,losange,isoTrapezoid,kite,rightKite,rustedHinge,hinge,trapezoid,random
square,0.0,15.298835433092611,19.074220369130902,23.065674894113293,12.57946256074513,9.95608871953667,8.868446872387013,16.151583641897997,15.456409277670877,13.739165902695497,18.768020384935234
rectangle,15.298835433092611,0.0,12.252581272075295,18.072985644795672,20.613813232486034,16.7141381591042,16.37157969204709,12.708206549432035,9.883090225475062,17.348263191296013,21.749447604884118
parallelogram,19.074220369130902,12.252581272075295,0.0,12.393020565975787,21.56093793299964,20.045177379842656,18.469736523267905,15.756177715047684,13.405432047568056,16.13643559894307,20.45587765027194
losange,23.065674894113293,18.072985644795672,12.393020565975787,0.0,22.883198094050805,23.184264857723175,22.24089956821142,17.84056473373852,17.022248016323335,17.091040108297538,17.468192087343077
isoTrapezoid,12.57946256074513,20.613813232486034,21.56093793299964,22.883198094050805,0.0,12.819958007983697,11.790744228353548,20.327688425445576,20.28353236163704,13.431254299391446,16.341487171248684
kite,9.95608871953667,16.7141381591042,20.045177379842656,23.184264857723175,12.819958007983697,0.0,9.071046404895453,18.57063675064386,18.24735017971875,16.852577229297896,20.39987249319135
rightKite,8.868446872387013,16.37157969204709,18.469736523267905,22.24089956821142,11.790744228353548,9.071046404895453,0.0,18.034548613417442,17.478018170151888,13.084984555114321,18.992967620977296
rustedHinge,16.151583641897997,12.708206549432035,15.756177715047684,17.84056473373852,20.327688425445576,18.57063675064386,18.034548613417442,0.0,5.46923264657468,17.49938138100457,19.263559128634984
hinge,15.456409277670877,9.883090225475062,13.405432047568056,17.022248016323335,20.28353236163704,18.24735017971875,17.478018170151888,5.46923264657468,0.0,16.71143990772591,19.43190306725341
trapezoid,13.739165902695497,17.348263191296013,16.13643559894307,17.091040108297538,13.431254299391446,16.852577229297896,13.084984555114321,17.49938138100457,16.71143990772591,0.0,12.41825407749449
random,18.768020384935234,21.749447604884118,20.45587765027194,17.468192087343077,16.341487171248684,20.39987249319135,18.992967620977296,19.263559128634984,19.43190306725341,12.41825407749449,0.0
