,square,rectangle,parallelogram,losange,isoTrapezoid,kite,rightKite,rustedHinge,hinge,trapezoid,random
square,0.0,28.52656700407978,40.68368475609344,48.66849560071418,31.089027233650082,27.872654860001848,27.948620980403287,35.64909761447149,33.08054039512869,33.08174955497727,41.27433116409925
rectangle,28.52656700407978,0.0,27.975184616482967,40.40071258908997,43.4110280905688,35.986547021554706,37.69905844951309,32.02611347909889,25.379422741050575,38.100624651689614,45.93721531424868
parallelogram,40.68368475609344,27.975184616482967,0.0,24.463302397574957,47.44818475205715,43.754143891160716,42.84947521919336,37.12269347745443,31.383115865190803,35.25786150956699,42.17905730821069
losange,48.66849560071418,40.40071258908997,24.463302397574957,0.0,50.64078163230504,49.15391854307626,48.53151341466923,42.02013455396659,39.12889517967697,37.8304981781694,39.22566815017519
isoTrapezoid,31.089027233650082,43.4110280905688,47.44818475205715,50.64078163230504,0.0,27.346155856568934,25.239623171200616,42.92663283147175,42.97388791549133,30.019099236703628,34.787836824963605
kite,27.872654860001848,35.986547021554706,43.754143891160716,49.15391854307626,27.346155856568934,0.0,20.116823092003777,41.370372771952546,40.240226640500126,38.164839011530965,43.62632071351652
rightKite,27.948620980403287,37.69905844951309,42.84947521919336,48.53151341466923,25.239623171200616,20.116823092003777,0.0,41.271989612067316,40.701746732318746,30.10077994952445,40.00205180086422
rustedHinge,35.64909761447149,32.02611347909889,37.12269347745443,42.02013455396659,42.92663283147175,41.370372771952546,41.271989612067316,0.0,12.610292647710175,38.931363724530925,39.63502548039216
hinge,33.08054039512869,25.379422741050575,31.383115865190803,39.12889517967697,42.97388791549133,40.240226640500126,40.701746732318746,12.610292647710175,0.0,37.458841791842104,39.71483555533065
trapezoid,33.08174955497727,38.100624651689614,35.25786150956699,37.8304981781694,30.019099236703628,38.164839011530965,30.10077994952445,38.931363724530925,37.458841791842104,0.0,23.529430492785956
random,41.27433116409925,45.93721531424868,42.17905730821069,39.22566815017519,34.787836824963605,43.62632071351652,40.00205180086422,39.63502548039216,39.71483555533065,23.529430492785956,0.0
