,square,rectangle,parallelogram,losange,isoTrapezoid,kite,rightKite,rustedHinge,hinge,trapezoid,random
square,0.0,24.38261562724316,29.909589381557684,32.641268308035734,30.814837925480493,29.414560287722598,28.173277874537565,32.64312233770191,30.250360754928106,29.300857468963095,34.77436227443451
rectangle,24.38261562724316,0.0,28.555420632983868,33.95620107781485,34.894432807982085,34.06661169860274,33.688973399769594,33.10976998091992,28.90774103073433,32.224165258518006,37.341274619380954
parallelogram,29.909589381557684,28.555420632983868,0.0,17.7913686078988,32.56193567977249,30.403936888117467,30.98501902915671,30.876726977832412,27.40973911230014,26.33082946828953,31.10131445716709
losange,32.641268308035734,33.95620107781485,17.7913686078988,0.0,33.65729602211184,32.05008994603427,32.60448801207442,32.41891269755814,30.62926174079494,27.161338348854414,29.953808738173105
isoTrapezoid,30.814837925480493,34.894432807982085,32.56193567977249,33.65729602211184,0.0,24.458477637692788,21.44935673750015,32.01584321187413,30.027161333768312,19.51969646419769,27.52654678382511
kite,29.414560287722598,34.06661169860274,30.403936888117467,32.05008994603427,24.458477637692788,0.0,15.411529357351345,28.04695492852755,26.65749862831425,24.795559018618892,27.19773315474927
rightKite,28.173277874537565,33.688973399769594,30.98501902915671,32.60448801207442,21.44935673750015,15.411529357351345,0.0,28.437142476332497,26.63203421131768,22.310517180333186,28.01844296226808
rustedHinge,32.64312233770191,33.10976998091992,30.876726977832412,32.41891269755814,32.01584321187413,28.04695492852755,28.437142476332497,0.0,12.843567434734878,29.583438842426666,28.183112489347348
hinge,30.250360754928106,28.90774103073433,27.40973911230014,30.62926174079494,30.027161333768312,26.65749862831425,26.63203421131768,12.843567434734878,0.0,27.141799846518875,28.045068913206325
trapezoid,29.300857468963095,32.224165258518006,26.33082946828953,27.161338348854414,19.51969646419769,24.795559018618892,22.310517180333186,29.583438842426666,27.141799846518875,0.0,21.3008403507211
random,34.77436227443451,37.341274619380954,31.10131445716709,29.953808738173105,27.52654678382511,27.19773315474927,28.01844296226808,28.183112489347348,28.045068913206325,21.3008403507211,0.0
