,square,rectangle,parallelogram,losange,isoTrapezoid,kite,rightKite,rustedHinge,hinge,trapezoid,random
square,0.0,12.616451294815294,15.789090978050263,18.64408823747118,9.714322457349414,8.046676020634335,6.760310657155604,13.160579202453874,12.81714404127485,10.232903102992084,14.364459596494264
rectangle,12.616451294815294,0.0,9.711803394637847,14.011539336154346,16.48702550333349,13.57441509495299,13.151771986065585,9.951650237025424,7.8260362438321565,13.528902718718603,17.111432778713407
parallelogram,15.789090978050263,9.711803394637847,0.0,9.44396126489185,17.7055435953426,16.26287819622259,15.227663680776415,12.261378543926238,10.490630311003331,13.488533259460642,16.498097578598003
losange,18.64408823747118,14.011539336154346,9.44396126489185,0.0,18.60510108085704,18.410953433164963,17.82105349613327,13.78970088657067,13.163294283915173,14.335496356196575,14.592886473956584
isoTrapezoid,9.714322457349414,16.48702550333349,17.7055435953426,18.60510108085704,0.0,9.625458810157687,9.217337897906866,16.181925914595254,16.30712146281019,10.738788125044632,12.604278779196555
kite,8.046676020634335,13.57441509495299,16.26287819622259,18.410953433164963,9.625458810157687,0.0,6.989123089632415,14.862822810075173,14.76497826628289,12.8629818048753,15.541447753848692
rightKite,6.760310657155604,13.151771986065585,15.227663680776415,17.82105349613327,9.217337897906866,6.989123089632415,0.0,14.174620188321216,13.930765498597925,9.94733645862302,14.540063588405046
rustedHinge,13.160579202453874,9.951650237025424,12.261378543926238,13.78970088657067,16.181925914595254,14.862822810075173,14.174620188321216,0.0,4.314458688157512,13.572608299674144,15.165145767358046
hinge,12.81714404127485,7.8260362438321565,10.490630311003331,13.163294283915173,16.30712146281019,14.76497826628289,13.930765498597925,4.314458688157512,0.0,13.104486165799083,15.37174593109847
trapezoid,10.232903102992084,13.528902718718603,13.488533259460642,14.335496356196575,10.738788125044632,12.8629818048753,9.94733645862302,13.572608299674144,13.104486165799083,0.0,9.777200901080212
random,14.364459596494264,17.111432778713407,16.498097578598003,14.592886473956584,12.604278779196555,15.541447753848692,14.540063588405046,15.165145767358046,15.37174593109847,9.777200901080212,0.0
