,square,rectangle,parallelogram,losange,isoTrapezoid,kite,rightKite,rustedHinge,hinge,trapezoid,random
square,0.0,33.17556777415401,41.65052817293323,46.495973713862135,42.129958278476984,39.575439031069216,38.47285432818113,43.080377300285896,40.002509060642126,39.79829060808458,46.19229172656766
rectangle,33.17556777415401,0.0,39.415277611863345,46.525520017701,49.19420631453008,45.87375095259561,46.505882993597396,44.61334725527683,39.42882501732763,44.18849642625564,50.91842078473853
parallelogram,41.65052817293323,39.415277611863345,0.0,23.50940501412535,45.11068965513257,41.06436286975354,42.27030350149833,40.283117916636556,36.51523450128471,35.380935634885724,41.33499609490212
losange,46.495973713862135,46.525520017701,23.50940501412535,0.0,47.076863147968,43.9810941464649,45.29890333210252,42.65523790879895,41.05579560862695,37.255357244229515,39.687197319662076
isoTrapezoid,42.129958278476984,49.19420631453008,45.11068965513257,47.076863147968,0.0,32.510664864402216,28.297028153233484,44.15898765736875,42.476745991980124,27.032786406250743,37.03909012387806
kite,39.575439031069216,45.87375095259561,41.06436286975354,43.9810941464649,32.510664864402216,0.0,20.16622273172424,38.021078095161954,36.20340231531613,32.84919947055404,36.67167466811215
rightKite,38.47285432818113,46.505882993597396,42.27030350149833,45.29890333210252,28.297028153233484,20.16622273172424,0.0,38.76147542489373,36.59153897320343,29.519204579855,37.235576255773125
rustedHinge,43.080377300285896,44.61334725527683,40.283117916636556,42.65523790879895,44.15898765736875,38.021078095161954,38.76147542489373,0.0,16.59220323944469,38.672405682315606,37.2552394827733
hinge,40.002509060642126,39.42882501732763,36.51523450128471,41.05579560862695,42.476745991980124,36.20340231531613,36.59153897320343,16.59220323944469,0.0,36.37920668312493,37.56879289041929
trapezoid,39.79829060808458,44.18849642625564,35.380935634885724,37.255357244229515,27.032786406250743,32.84919947055404,29.519204579855,38.672405682315606,36.37920668312493,0.0,27.737678499427474
random,46.19229172656766,50.91842078473853,41.33499609490212,39.687197319662076,37.03909012387806,36.67167466811215,37.235576255773125,37.2552394827733,37.56879289041929,27.737678499427474,0.0
