,square,rectangle,parallelogram,losange,isoTrapezoid,kite,rightKite,rustedHinge,hinge,trapezoid,random
square,0.0,32.04635286573526,38.1042552110739,42.45958725232477,40.89743386232482,38.159277243717646,37.08944603487499,42.622226077941846,39.244282719735374,37.641371125684906,44.587425049251834
rectangle,32.04635286573526,0.0,33.85531121870606,40.84710671086419,44.29163062240506,40.734624231288564,41.358940183463744,39.80973890082122,34.663748416761145,38.54852262404546,44.905318569873366
parallelogram,38.1042552110739,33.85531121870606,0.0,21.878097380044046,41.33218239190628,36.88603039598663,38.09289753626932,36.60034132294549,32.892630370158315,32.114533445500946,37.566597710616925
losange,42.45958725232477,40.84710671086419,21.878097380044046,0.0,42.88234907010604,39.41611501753561,40.39034314566067,39.087501854501085,37.42763401500605,33.51614521403193,36.44555781771785
isoTrapezoid,40.89743386232482,44.29163062240506,41.33218239190628,42.88234907010604,0.0,30.841925547088817,26.453062327592416,39.98512071053828,38.24215624400459,25.155962030257907,34.16396270989995
kite,38.159277243717646,40.734624231288564,36.88603039598663,39.41611501753561,30.841925547088817,0.0,19.015123721986882,34.796286488813124,33.205731732587466,30.109344073612156,32.82043212500204
rightKite,37.08944603487499,41.358940183463744,38.09289753626932,40.39034314566067,26.453062327592416,19.015123721986882,0.0,35.2021612076454,33.42925780730725,27.16755245554306,34.0283094708031
rustedHinge,42.622226077941846,39.80973890082122,36.60034132294549,39.087501854501085,39.98512071053828,34.796286488813124,35.2021612076454,0.0,15.464208735151514,35.38660947083088,33.312442742766066
hinge,39.244282719735374,34.663748416761145,32.892630370158315,37.42763401500605,38.24215624400459,33.205731732587466,33.42925780730725,15.464208735151514,0.0,33.0104482676712,33.75717715299543
trapezoid,37.641371125684906,38.54852262404546,32.114533445500946,33.51614521403193,25.155962030257907,30.109344073612156,27.16755245554306,35.38660947083088,33.0104482676712,0.0,25.807873079017728
random,44.587425049251834,44.905318569873366,37.566597710616925,36.44555781771785,34.16396270989995,32.82043212500204,34.0283094708031,33.312442742766066,33.75717715299543,25.807873079017728,0.0
