,square,rectangle,parallelogram,losange,isoTrapezoid,kite,rightKite,rustedHinge,hinge,trapezoid,random
square,0.0,39.58199737149431,48.515489945978,53.40056254199529,24.988470164226516,33.40723318361901,32.97310756229445,44.095676448664825,44.04352450250129,25.546850919621654,40.234173970449355
rectangle,39.58199737149431,0.0,23.464386649727924,34.35049209672982,52.437095383600315,43.81495253929222,52.94328027484256,42.75980128977674,34.038846596862506,38.598893910671165,51.50421917682896
parallelogram,48.515489945978,23.464386649727924,0.0,22.15617400640931,57.53444884780166,51.63239493714654,59.73915924808182,46.25044080389412,37.418672381749744,39.64837060724384,50.77094400711697
losange,53.40056254199529,34.35049209672982,22.15617400640931,0.0,59.73612476836516,56.37816917103947,63.623685448705245,47.288692651039874,40.066089747672464,41.3494913255006,47.413395423858205
isoTrapezoid,24.988470164226516,52.437095383600315,57.53444884780166,59.73612476836516,0.0,35.25194715993272,33.45590514641812,50.33003002128661,52.792744873547896,31.16651742186486,41.98527548553571
kite,33.40723318361901,43.81495253929222,51.63239493714654,56.37816917103947,35.25194715993272,0.0,22.24376632316954,59.793792036847755,58.43179772377457,44.092821543844785,59.386447869437376
rightKite,32.97310756229445,52.94328027484256,59.73915924808182,63.623685448705245,33.45590514641812,22.24376632316954,0.0,63.703048351442256,64.13157185684558,43.345703246307764,60.36438178564711
rustedHinge,44.095676448664825,42.75980128977674,46.25044080389412,47.288692651039874,50.33003002128661,59.793792036847755,63.703048351442256,0.0,14.393215057649382,40.45291524379397,40.25031576790762
hinge,44.04352450250129,34.038846596862506,37.418672381749744,40.066089747672464,52.792744873547896,58.43179772377457,64.13157185684558,14.393215057649382,0.0,39.27654408294974,40.462504885419435
trapezoid,25.546850919621654,38.598893910671165,39.64837060724384,41.3494913255006,31.16651742186486,44.092821543844785,43.345703246307764,40.45291524379397,39.27654408294974,0.0,27.430210953651223
random,40.234173970449355,51.50421917682896,50.77094400711697,47.413395423858205,41.98527548553571,59.386447869437376,60.36438178564711,40.25031576790762,40.462504885419435,27.430210953651223,0.0
