,square,rectangle,parallelogram,losange,isoTrapezoid,kite,rightKite,rustedHinge,hinge,trapezoid,random
square,0.0,22.64026964861836,34.475567681222245,41.45612922388618,28.63113688938595,26.3214441394374,26.70996169040174,34.761349794701154,31.42739262882724,30.762340875792265,37.87939185412003
rectangle,22.64026964861836,0.0,25.246784771578522,35.766194658043695,37.54168184922042,32.317246452011084,33.43607243934653,32.687292145244555,26.67135711290157,34.14787143812258,41.59370162475486
parallelogram,34.475567681222245,25.246784771578522,0.0,20.90389026151206,40.578247420014264,38.7863661531527,37.64942285439049,36.851282262686645,31.6006059129371,30.489764619001598,37.718128607232565
losange,41.45612922388618,35.766194658043695,20.90389026151206,0.0,43.71203331497424,43.89557963876764,42.837371642695835,41.309771134748,38.03739004307406,32.30590940825599,35.646542736987925
isoTrapezoid,28.63113688938595,37.54168184922042,40.578247420014264,43.71203331497424,0.0,24.410163914229333,23.222910834209344,38.574811826904856,38.013646412532125,25.84616391238415,30.612166240326886
kite,26.3214441394374,32.317246452011084,38.7863661531527,43.89557963876764,24.410163914229333,0.0,18.127581985673853,36.96687836008976,35.28150738247561,34.06155996075666,38.53917943364956
rightKite,26.70996169040174,33.43607243934653,37.64942285439049,42.837371642695835,23.222910834209344,18.127581985673853,0.0,35.6187999544823,34.26268300574764,27.434512614100573,35.15054928987752
rustedHinge,34.761349794701154,32.687292145244555,36.851282262686645,41.309771134748,38.574811826904856,36.96687836008976,35.6187999544823,0.0,11.734069492470622,36.191167624844745,36.76315354456493
hinge,31.42739262882724,26.67135711290157,31.6006059129371,38.03739004307406,38.013646412532125,35.28150738247561,34.26268300574764,11.734069492470622,0.0,34.22777463466566,36.1894859379428
trapezoid,30.762340875792265,34.14787143812258,30.489764619001598,32.30590940825599,25.84616391238415,34.06155996075666,27.434512614100573,36.191167624844745,34.22777463466566,0.0,21.05387657934904
random,37.87939185412003,41.59370162475486,37.718128607232565,35.646542736987925,30.612166240326886,38.53917943364956,35.15054928987752,36.76315354456493,36.1894859379428,21.05387657934904,0.0
