,square,rectangle,parallelogram,losange,isoTrapezoid,kite,rightKite,rustedHinge,hinge,trapezoid,random
square,0.0,24.013330504005022,27.123934285178105,29.725619472519057,27.92878991815683,27.66769444176306,26.430110102649767,30.408044117097056,28.725688853745915,27.558476006607567,32.39248559805923
rectangle,24.013330504005022,0.0,26.219909664174025,31.291507108673144,31.47639885383124,31.287702331858632,30.561974080657254,30.669476587945496,27.314294683638387,28.876931920084534,34.31722815861548
parallelogram,27.123934285178105,26.219909664174025,0.0,15.68661775500562,27.931453993994584,27.348936421884808,27.225349491611365,26.87527861173392,24.769553372112995,22.71138767938329,27.350492811713966
losange,29.725619472519057,31.291507108673144,15.68661775500562,0.0,29.245252687610844,29.182585830219363,29.18376184637732,28.80870906110504,28.123224978789608,23.899990044891727,26.5208371372287
isoTrapezoid,27.92878991815683,31.47639885383124,27.931453993994584,29.245252687610844,0.0,21.73289889419487,19.002787483907788,28.05224063986967,26.813231993339226,17.80991955572718,23.863575650229404
kite,27.66769444176306,31.287702331858632,27.348936421884808,29.182585830219363,21.73289889419487,0.0,13.588116793457987,24.72212890403735,23.89840790299068,22.82791259355966,23.807904634706812
rightKite,26.430110102649767,30.561974080657254,27.225349491611365,29.18376184637732,19.002787483907788,13.588116793457987,0.0,24.09162979465799,22.887854570665233,20.147953286324793,24.14578451600231
rustedHinge,30.408044117097056,30.669476587945496,26.87527861173392,28.80870906110504,28.05224063986967,24.72212890403735,24.09162979465799,0.0,11.233419753361572,26.259582849410414,24.918404482127873
hinge,28.725688853745915,27.314294683638387,24.769553372112995,28.123224978789608,26.813231993339226,23.89840790299068,22.887854570665233,11.233419753361572,0.0,24.65930616459335,25.138014983014077
trapezoid,27.558476006607567,28.876931920084534,22.71138767938329,23.899990044891727,17.80991955572718,22.82791259355966,20.147953286324793,26.259582849410414,24.65930616459335,0.0,19.41482056613133
random,32.39248559805923,34.31722815861548,27.350492811713966,26.5208371372287,23.863575650229404,23.807904634706812,24.14578451600231,24.918404482127873,25.138014983014077,19.41482056613133,0.0
