,square,rectangle,parallelogram,losange,isoTrapezoid,kite,rightKite,rustedHinge,hinge,trapezoid,random
square,0.0,20.045646113320515,25.037481636362546,28.339484427374188,26.907180921046173,24.701753738768662,24.17400615462256,27.563382357891758,25.26632840519131,24.93580332359493,28.820254470277757
rectangle,20.045646113320515,0.0,22.724422767578112,28.24021575961031,28.90196992935974,26.78908432739521,26.804710191322282,26.68790694501885,23.162628531701007,25.45304802818607,29.447679786415954
parallelogram,25.037481636362546,22.724422767578112,0.0,15.818498052007403,27.515110503075682,25.55200836322691,25.705301452309207,25.527878490787877,22.823176600024293,21.56662624038377,25.591001385020366
losange,28.339484427374188,28.24021575961031,15.818498052007403,0.0,29.416664685243923,27.929419102775388,28.121589524324257,27.90347794055431,26.471964411096685,23.31229477569652,25.48188862566125
isoTrapezoid,26.907180921046173,28.90196992935974,27.515110503075682,29.416664685243923,0.0,20.36553909679433,17.86674091656897,26.540186586820905,24.792126817031924,16.971974744940542,22.379894221682356
kite,24.701753738768662,26.78908432739521,25.55200836322691,27.929419102775388,20.36553909679433,0.0,13.182439050603799,23.347874874695496,21.95380258251396,20.692940394392334,22.420467196627435
rightKite,24.17400615462256,26.804710191322282,25.705301452309207,28.121589524324257,17.86674091656897,13.182439050603799,0.0,22.802981981512676,20.980472968088975,18.343716902737995,22.515673336259237
rustedHinge,27.563382357891758,26.68790694501885,25.527878490787877,27.90347794055431,26.540186586820905,23.347874874695496,22.802981981512676,0.0,10.791703247483046,24.11019442439473,23.441387263489617
hinge,25.26632840519131,23.162628531701007,22.823176600024293,26.471964411096685,24.792126817031924,21.95380258251396,20.980472968088975,10.791703247483046,0.0,21.973900255989708,23.034368492357416
trapezoid,24.93580332359493,25.45304802818607,21.56662624038377,23.31229477569652,16.971974744940542,20.692940394392334,18.343716902737995,24.11019442439473,21.973900255989708,0.0,17.160064649072925
random,28.820254470277757,29.447679786415954,25.591001385020366,25.48188862566125,22.379894221682356,22.420467196627435,22.515673336259237,23.441387263489617,23.034368492357416,17.160064649072925,0.0
