,square,rectangle,parallelogram,losange,isoTrapezoid,kite,rightKite,rustedHinge,hinge,trapezoid,random
square,0.0,30.914237540909905,40.05674948268851,43.86859004324677,41.84775053666843,38.69175773279367,37.959854708645246,42.67019167698246,40.03959854170031,39.344700802425685,45.51794447347997
rectangle,30.914237540909905,0.0,36.11734701710686,43.260283732084964,46.152305834195595,42.224025642834185,42.012355881148586,40.80770905244782,35.57088290614748,41.28968652066438,47.360178126367856
parallelogram,40.05674948268851,36.11734701710686,0.0,21.61720371928288,42.259142368402664,39.6636267931173,39.56012642794568,38.025376531024804,35.04274857672978,33.11616684745502,38.7284832306532
losange,43.86859004324677,43.260283732084964,21.61720371928288,0.0,43.640030270170065,41.8954918166726,42.1704243686676,40.757013517348724,39.58537879515785,34.708069795531564,37.26389301599005
isoTrapezoid,41.84775053666843,46.152305834195595,42.259142368402664,43.640030270170065,0.0,28.27586496345751,25.30499326876967,39.74297476376018,39.06921861199234,25.335305933779416,31.926688285834693
kite,38.69175773279367,42.224025642834185,39.6636267931173,41.8954918166726,28.27586496345751,0.0,17.907218088302766,35.39161046567582,34.60876793547961,32.21003331083832,34.77339493373593
rightKite,37.959854708645246,42.012355881148586,39.56012642794568,42.1704243686676,25.30499326876967,17.907218088302766,0.0,34.73329706135874,33.66489927229249,27.803493754327864,33.98280438020428
rustedHinge,42.67019167698246,40.80770905244782,38.025376531024804,40.757013517348724,39.74297476376018,35.39161046567582,34.73329706135874,0.0,14.12376629430322,36.96120553877892,35.07158424010954
hinge,40.03959854170031,35.57088290614748,35.04274857672978,39.58537879515785,39.06921861199234,34.60876793547961,33.66489927229249,14.12376629430322,0.0,35.34383276450021,35.56783500800576
trapezoid,39.344700802425685,41.28968652066438,33.11616684745502,34.708069795531564,25.335305933779416,32.21003331083832,27.803493754327864,36.96120553877892,35.34383276450021,0.0,25.375749365271517
random,45.51794447347997,47.360178126367856,38.7284832306532,37.26389301599005,31.926688285834693,34.77339493373593,33.98280438020428,35.07158424010954,35.56783500800576,25.375749365271517,0.0
