,square,rectangle,parallelogram,losange,isoTrapezoid,kite,rightKite,rustedHinge,hinge,trapezoid,random
square,0.0,21.713754394504136,29.671066585363825,34.53618834519253,18.594188320406914,16.624603897484764,15.2009063529657,25.450680854299478,24.075559613030038,21.037275832755892,28.70946373348399
rectangle,21.713754394504136,0.0,20.846502283905288,28.677651429215235,29.43916664619918,24.563537585866367,24.551341658067056,21.23443369008801,17.34476998683077,26.136011313894578,32.97345271623791
parallelogram,29.671066585363825,20.846502283905288,0.0,17.57041072305579,32.58320304805498,31.809696792473662,29.010093387619246,26.01995780411896,22.49991115577343,23.685391320391137,29.759270942126026
losange,34.53618834519253,28.677651429215235,17.57041072305579,0.0,33.96764182816251,35.34602995966621,33.4367205030691,28.386908956046305,26.82180508685039,24.87191318431184,25.80282738519827
isoTrapezoid,18.594188320406914,29.43916664619918,32.58320304805498,33.96764182816251,0.0,18.390243022387434,17.922049525469316,30.455151185848248,30.227123693746595,20.781765527482495,24.94206071292259
kite,16.624603897484764,24.563537585866367,31.809696792473662,35.34602995966621,18.390243022387434,0.0,14.673662093850734,29.045252769830572,28.519456547326662,26.87219101523291,31.99578878456228
rightKite,15.2009063529657,24.551341658067056,29.010093387619246,33.4367205030691,17.922049525469316,14.673662093850734,0.0,29.33964418301627,28.371508883055533,20.197687603161302,29.14779227533995
rustedHinge,25.450680854299478,21.23443369008801,26.01995780411896,28.386908956046305,30.455151185848248,29.045252769830572,29.33964418301627,0.0,8.100515851770188,27.697687894721415,29.493106970175948
hinge,24.075559613030038,17.34476998683077,22.49991115577343,26.82180508685039,30.227123693746595,28.519456547326662,28.371508883055533,8.100515851770188,0.0,26.12564478735743,29.15522914409516
trapezoid,21.037275832755892,26.136011313894578,23.685391320391137,24.87191318431184,20.781765527482495,26.87219101523291,20.197687603161302,27.697687894721415,26.12564478735743,0.0,17.48304244919438
random,28.70946373348399,32.97345271623791,29.759270942126026,25.80282738519827,24.94206071292259,31.99578878456228,29.14779227533995,29.493106970175948,29.15522914409516,17.48304244919438,0.0
