,square,rectangle,parallelogram,losange,isoTrapezoid,kite,rightKite,rustedHinge,hinge,trapezoid,random
square,0.0,19.792200481339286,26.654941655901116,29.75651835600281,28.165185321579923,25.125874318482573,24.26455256807464,28.00260755932705,26.24432324500242,25.67737737513552,30.240149177769396
rectangle,19.792200481339286,0.0,24.513595491842718,30.17097428544579,31.8566748421971,28.55156547811412,28.117316619204235,27.73694196673038,24.36642292918151,28.044798558898865,32.39155370419069
parallelogram,26.654941655901116,24.513595491842718,0.0,15.873271819167943,30.211384263273583,27.728858620949953,27.207785631832714,26.901052408218277,24.28555107562483,23.01189131453871,27.49318967442968
losange,29.75651835600281,30.17097428544579,15.873271819167943,0.0,31.463231645000256,29.443025751380592,28.96556884825402,28.65811548176492,27.633505423775045,24.053856691396216,26.230595796546677
isoTrapezoid,28.165185321579923,31.8566748421971,30.211384263273583,31.463231645000256,0.0,21.930548310311153,19.535869014024613,28.7421163750238,28.068698997662167,18.479488551837115,24.07698174362845
kite,25.125874318482573,28.55156547811412,27.728858620949953,29.443025751380592,21.930548310311153,0.0,13.037109237656157,24.860363450465094,24.24749601685807,22.66020947253095,24.35275757968519
rightKite,24.26455256807464,28.117316619204235,27.207785631832714,28.96556884825402,19.535869014024613,13.037109237656157,0.0,23.818307918086898,22.988632155468036,19.396776965152437,23.842280960088367
rustedHinge,28.00260755932705,27.73694196673038,26.901052408218277,28.65811548176492,28.7421163750238,24.860363450465094,23.818307918086898,0.0,10.471897365619403,25.570021955299307,24.76909080271469
hinge,26.24432324500242,24.36642292918151,24.28555107562483,27.633505423775045,28.068698997662167,24.24749601685807,22.988632155468036,10.471897365619403,0.0,24.311141239119056,25.23658684913443
trapezoid,25.67737737513552,28.044798558898865,23.01189131453871,24.053856691396216,18.479488551837115,22.66020947253095,19.396776965152437,25.570021955299307,24.311141239119056,0.0,17.889185169271826
random,30.240149177769396,32.39155370419069,27.49318967442968,26.230595796546677,24.07698174362845,24.35275757968519,23.842280960088367,24.76909080271469,25.23658684913443,17.889185169271826,0.0
