,square,rectangle,parallelogram,losange,isoTrapezoid,kite,rightKite,rustedHinge,hinge,trapezoid,random
square,0.0,35.98834496053192,44.713759801182725,49.01525044962553,40.37957369646981,40.13854584080662,40.10940144308334,42.29865789048944,40.48328657101433,39.70638983220744,48.82381368550725
rectangle,35.98834496053192,0.0,41.70778086412626,49.37631008279004,56.79347080476718,50.95662010039014,54.71304497155467,47.5767602095753,43.082839815703174,48.13943359746232,58.05001708401438
parallelogram,44.713759801182725,41.70778086412626,0.0,22.48841918158436,51.658605243044775,45.387695411508375,48.80297092494075,43.511510450888224,37.59915582156344,36.76676801934343,45.52348559215229
losange,49.01525044962553,49.37631008279004,22.48841918158436,0.0,52.578033349901254,49.41941283521123,52.12240820956068,46.51757062912188,42.637306571868756,37.711779315563355,43.24737209511353
isoTrapezoid,40.37957369646981,56.79347080476718,51.658605243044775,52.578033349901254,0.0,33.99511034202065,28.151765276315444,44.91808315307347,44.3341506868917,28.577787939847145,38.01066983756631
kite,40.13854584080662,50.95662010039014,45.387695411508375,49.41941283521123,33.99511034202065,0.0,21.41722399317124,46.93391055121228,44.9798333368467,38.82326086398202,48.72925482812926
rightKite,40.10940144308334,54.71304497155467,48.80297092494075,52.12240820956068,28.151765276315444,21.41722399317124,0.0,48.50763389250351,47.092400090776145,35.676717773699025,47.70016553749699
rustedHinge,42.29865789048944,47.5767602095753,43.511510450888224,46.51757062912188,44.91808315307347,46.93391055121228,48.50763389250351,0.0,14.832257838955746,38.44422316410302,39.72652556652294
hinge,40.48328657101433,43.082839815703174,37.59915582156344,42.637306571868756,44.3341506868917,44.9798333368467,47.092400090776145,14.832257838955746,0.0,35.90925951531276,39.00505568145777
trapezoid,39.70638983220744,48.13943359746232,36.76676801934343,37.711779315563355,28.577787939847145,38.82326086398202,35.676717773699025,38.44422316410302,35.90925951531276,0.0,27.13752053003537
random,48.82381368550725,58.05001708401438,45.52348559215229,43.24737209511353,38.01066983756631,48.72925482812926,47.70016553749699,39.72652556652294,39.00505568145777,27.13752053003537,0.0
