,square,rectangle,parallelogram,losange,isoTrapezoid,kite,rightKite,rustedHinge,hinge,trapezoid,random
square,0.0,34.75430079287401,45.78287369998974,50.798962620465836,44.77620152691471,44.08868729006247,42.252745454764764,48.26411773714726,44.505642703982225,44.38810096495507,52.00719301148954
rectangle,34.75430079287401,0.0,40.456498109726596,49.70951782953769,50.20951719340095,49.50575873277333,48.60922480165273,47.32884945679639,40.733266297629164,46.987493063830875,55.015563006739036
parallelogram,45.78287369998974,40.456498109726596,0.0,24.942120915775067,45.06406204166661,45.633380069747645,44.223961427287946,41.75815414078033,37.46559190652578,36.62857931863613,43.97855923447851
losange,50.798962620465836,49.70951782953769,24.942120915775067,0.0,47.06531077928521,48.76609257069469,47.688295294662126,44.68441461956331,42.772482989512994,38.38636652649015,41.944782012925415
isoTrapezoid,44.77620152691471,50.20951719340095,45.06406204166661,47.06531077928521,0.0,32.453800906953546,29.183931209865996,42.563178823533846,41.45552675424139,28.149250385954353,36.173579595932566
kite,44.08868729006247,49.50575873277333,45.633380069747645,48.76609257069469,32.453800906953546,0.0,20.654513728899957,40.399454860077974,39.33581479931592,37.60713057515484,41.25061448154607
rightKite,42.252745454764764,48.60922480165273,44.223961427287946,47.688295294662126,29.183931209865996,20.654513728899957,0.0,37.98462097942037,36.66890088714483,31.17045514866634,38.737678192365976
rustedHinge,48.26411773714726,47.32884945679639,41.75815414078033,44.68441461956331,42.563178823533846,40.399454860077974,37.98462097942037,0.0,15.875418378899239,39.41571047794355,39.37836149658717
hinge,44.505642703982225,40.733266297629164,37.46559190652578,42.772482989512994,41.45552675424139,39.33581479931592,36.66890088714483,15.875418378899239,0.0,37.277024262794356,39.98642056958543
trapezoid,44.38810096495507,46.987493063830875,36.62857931863613,38.38636652649015,28.149250385954353,37.60713057515484,31.17045514866634,39.41571047794355,37.277024262794356,0.0,27.874497331755116
random,52.00719301148954,55.015563006739036,43.97855923447851,41.944782012925415,36.173579595932566,41.25061448154607,38.737678192365976,39.37836149658717,39.98642056958543,27.874497331755116,0.0
