,square,rectangle,parallelogram,losange,isoTrapezoid,kite,rightKite,rustedHinge,hinge,trapezoid,random
square,0.0,32.93719778655491,44.23455047889876,53.772900483500266,43.45259905099445,38.60810910303038,38.03717258155938,44.291747382652616,40.009651851546735,43.03277420184901,51.64713096560393
rectangle,32.93719778655491,0.0,40.1842514061055,52.47494245884705,53.28917578286766,47.17130753996216,47.782149990511016,44.025152168016845,37.94142103986842,47.2472080627398,56.436242258329884
parallelogram,44.23455047889876,40.1842514061055,0.0,27.164721552653162,47.10654318228748,44.903193504054215,43.54017761640707,41.19602728514536,36.93993464080828,33.21017904692973,43.60495507811766
losange,53.772900483500266,52.47494245884705,27.164721552653162,0.0,51.354505621272665,52.02136731049914,50.521046087469564,47.25502097358873,45.97042812841677,37.52525146311028,39.86736266012577
isoTrapezoid,43.45259905099445,53.28917578286766,47.10654318228748,51.354505621272665,0.0,32.15839761568706,26.711488809830332,47.879758222015916,45.74127564349175,29.314462108161166,39.892247415297646
kite,38.60810910303038,47.17130753996216,44.903193504054215,52.02136731049914,32.15839761568706,0.0,20.99040147078575,41.94884605063205,39.53335569948318,38.65377190615092,45.42640398723707
rightKite,38.03717258155938,47.782149990511016,43.54017761640707,50.521046087469564,26.711488809830332,20.99040147078575,0.0,42.414932854039776,39.74501879704017,32.498187036373636,42.98510927296304
rustedHinge,44.291747382652616,44.025152168016845,41.19602728514536,47.25502097358873,47.879758222015916,41.94884605063205,42.414932854039776,0.0,15.904808817667558,42.658687379372154,45.18088992361217
hinge,40.009651851546735,37.94142103986842,36.93993464080828,45.97042812841677,45.74127564349175,39.53335569948318,39.74501879704017,15.904808817667558,0.0,39.80962404527163,44.76746750405248
trapezoid,43.03277420184901,47.2472080627398,33.21017904692973,37.52525146311028,29.314462108161166,38.65377190615092,32.498187036373636,42.658687379372154,39.80962404527163,0.0,30.148790732876442
random,51.64713096560393,56.436242258329884,43.60495507811766,39.86736266012577,39.892247415297646,45.42640398723707,42.98510927296304,45.18088992361217,44.76746750405248,30.148790732876442,0.0
