,square,rectangle,parallelogram,losange,isoTrapezoid,kite,rightKite,rustedHinge,hinge,trapezoid,random
square,0.0,24.341449130567092,27.808616112463305,30.519910771642383,29.82182624848645,27.247013452625378,25.807330675007464,29.7580707562399,28.158216170518884,28.256164647872595,32.857417881936584
rectangle,24.341449130567092,0.0,26.171357138375736,31.532933606775348,33.091713794720235,31.117347153931984,30.827875094693642,29.749673692459574,26.404288324435566,30.060393659905717,34.62640756819383
parallelogram,27.808616112463305,26.171357138375736,0.0,15.895487937538423,30.460646472767543,27.865768303103568,27.72270740160884,26.477662337723732,24.080872565441968,24.0572901458895,28.25681638057219
losange,30.519910771642383,31.532933606775348,15.895487937538423,0.0,31.47566813285331,29.25237402717795,29.219987472334953,27.868772168881524,27.09488591434793,24.756449129470937,26.62727365010869
isoTrapezoid,29.82182624848645,33.091713794720235,30.460646472767543,31.47566813285331,0.0,21.944368349947993,19.515926544078916,28.779157200367695,27.666580335852608,18.0910559286461,24.87923974078412
kite,27.247013452625378,31.117347153931984,27.865768303103568,29.25237402717795,21.944368349947993,0.0,13.857150450841653,24.73114660133106,24.06705454292727,22.808885607559404,24.64619536355316
rightKite,25.807330675007464,30.827875094693642,27.72270740160884,29.219987472334953,19.515926544078916,13.857150450841653,0.0,24.36502232012582,23.29244717182318,20.024038886380822,24.953747846755494
rustedHinge,29.7580707562399,29.749673692459574,26.477662337723732,27.868772168881524,28.779157200367695,24.73114660133106,24.36502232012582,0.0,10.59739106526406,26.038165778364817,24.949345266379577
hinge,28.158216170518884,26.404288324435566,24.080872565441968,27.09488591434793,27.666580335852608,24.06705454292727,23.29244717182318,10.59739106526406,0.0,24.54868639697792,25.455381916192774
trapezoid,28.256164647872595,30.060393659905717,24.0572901458895,24.756449129470937,18.0910559286461,22.808885607559404,20.024038886380822,26.038165778364817,24.54868639697792,0.0,19.219780904499075
random,32.857417881936584,34.62640756819383,28.25681638057219,26.62727365010869,24.87923974078412,24.64619536355316,24.953747846755494,24.949345266379577,25.455381916192774,19.219780904499075,0.0
