,square,rectangle,parallelogram,losange,isoTrapezoid,kite,rightKite,rustedHinge,hinge,trapezoid,random
square,0.0,23.51769921080259,33.23000337434913,40.2029893924893,22.666087462978297,20.361045259753006,17.38290300663122,28.745972042710513,26.612508289776876,24.406128548995614,33.98499800961105
rectangle,23.51769921080259,0.0,22.243218049108165,34.38184937837483,36.77636437379362,29.23519460142632,28.020019797598664,26.020661961632364,20.609259514938888,29.651021129578055,40.665669536576964
parallelogram,33.23000337434913,22.243218049108165,0.0,19.885281179795797,40.34442355895208,37.489177840678856,33.72894973357138,29.934954394443977,24.821790712772042,26.33250046922257,36.04923690257626
losange,40.2029893924893,34.38184937837483,19.885281179795797,0.0,42.6302189910092,42.79788642462957,39.01431154070228,34.609592754910715,31.988922717047615,27.607156391477716,31.453800092019282
isoTrapezoid,22.666087462978297,36.77636437379362,40.34442355895208,42.6302189910092,0.0,22.058410482101845,19.923627447825403,37.13770162483507,36.39392766777338,24.706345039819457,29.15087905522293
kite,20.361045259753006,29.23519460142632,37.489177840678856,42.79788642462957,22.058410482101845,0.0,15.429100980148847,34.96092425210332,33.76645239815921,31.297787562627878,38.108101950451214
rightKite,17.38290300663122,28.020019797598664,33.72894973357138,39.01431154070228,19.923627447825403,15.429100980148847,0.0,32.94826190910064,31.44181180747609,23.20484930193202,33.49599111514008
rustedHinge,28.745972042710513,26.020661961632364,29.934954394443977,34.609592754910715,37.13770162483507,34.96092425210332,32.94826190910064,0.0,9.797068718092186,31.075801466471642,35.58763675999814
hinge,26.612508289776876,20.609259514938888,24.821790712772042,31.988922717047615,36.39392766777338,33.76645239815921,31.44181180747609,9.797068718092186,0.0,28.463855850956026,34.78770839966905
trapezoid,24.406128548995614,29.651021129578055,26.33250046922257,27.607156391477716,24.706345039819457,31.297787562627878,23.20484930193202,31.075801466471642,28.463855850956026,0.0,19.457815107501915
random,33.98499800961105,40.665669536576964,36.04923690257626,31.453800092019282,29.15087905522293,38.108101950451214,33.49599111514008,35.58763675999814,34.78770839966905,19.457815107501915,0.0
