,square,rectangle,parallelogram,losange,isoTrapezoid,kite,rightKite,rustedHinge,hinge,trapezoid,random
square,0.0,27.202473711710045,40.236989694449655,49.440848433238166,31.42014259423468,28.585306193115162,26.67301510746107,38.814920228228985,36.08537448863461,32.20611458701233,44.621537708862554
rectangle,27.202473711710045,0.0,29.23685356594662,43.967558414136434,45.44969254277138,36.96099188576816,36.12922787938699,35.807439928331426,29.973683947950637,37.79330004679388,51.12977536009378
parallelogram,40.236989694449655,29.23685356594662,0.0,23.83024490480797,47.69623291884687,44.07178918464802,40.414881718106635,37.80779556529105,32.098327757047834,32.16911869545632,43.11976468175892
losange,49.440848433238166,43.967558414136434,23.83024490480797,0.0,50.58765384596757,50.690310528271745,46.81856450248002,43.13769777778291,40.24271674688869,34.058582152300374,38.428138595274426
isoTrapezoid,31.42014259423468,45.44969254277138,47.69623291884687,50.58765384596757,0.0,27.455967209208968,24.573715686357385,45.25390240542207,44.02387343298417,29.682968971810382,34.99923790812835
kite,28.585306193115162,36.96099188576816,44.07178918464802,50.690310528271745,27.455967209208968,0.0,18.988650370483132,41.97245006498643,40.06571922311258,38.206875958922474,45.82918426277681
rightKite,26.67301510746107,36.12922787938699,40.414881718106635,46.81856450248002,24.573715686357385,18.988650370483132,0.0,40.23111736648148,38.07617172375488,28.885591052145017,40.439589170833635
rustedHinge,38.814920228228985,35.807439928331426,37.80779556529105,43.13769777778291,45.25390240542207,41.97245006498643,40.23111736648148,0.0,12.421850228542628,40.34548440126823,44.00044133967468
hinge,36.08537448863461,29.973683947950637,32.098327757047834,40.24271674688869,44.02387343298417,40.06571922311258,38.07617172375488,12.421850228542628,0.0,37.22235928181813,42.671373655630255
trapezoid,32.20611458701233,37.79330004679388,32.16911869545632,34.058582152300374,29.682968971810382,38.206875958922474,28.885591052145017,40.34548440126823,37.22235928181813,0.0,24.327370501607636
random,44.621537708862554,51.12977536009378,43.11976468175892,38.428138595274426,34.99923790812835,45.82918426277681,40.439589170833635,44.00044133967468,42.671373655630255,24.327370501607636,0.0
