,square,rectangle,parallelogram,losange,isoTrapezoid,kite,rightKite,rustedHinge,hinge,trapezoid,random
square,0.0,32.90604542167853,53.57708950070615,67.911927104953,44.06071504337248,39.622992397922815,38.470925832329954,52.05305868330235,48.24569949735869,45.83769590318535,60.276575190388925
rectangle,32.90604542167853,0.0,42.08372881011498,61.5389181610698,58.61041978584246,48.09331131613148,47.5977082717087,47.4744371546726,40.66770407146296,51.27430804568788,66.52458202728843
parallelogram,53.57708950070615,42.08372881011498,0.0,32.941101599010935,60.08468440237751,56.72415754043465,51.801551489378156,46.78520068924542,40.79312977464045,42.17267269211252,52.93475655251476
losange,67.911927104953,61.5389181610698,32.941101599010935,0.0,65.60250341091606,65.41423704716337,60.29585526706389,54.429096568527875,53.83701375206143,44.51722787633049,48.066790983692634
isoTrapezoid,44.06071504337248,58.61041978584246,60.08468440237751,65.60250341091606,0.0,35.62605213417079,30.82292905057029,57.46657688514471,55.728349912219244,38.94068281668144,44.34185432418451
kite,39.622992397922815,48.09331131613148,56.72415754043465,65.41423704716337,35.62605213417079,0.0,24.327991379027488,51.84649121323672,50.57085316553059,49.1798040009602,57.75461164913293
rightKite,38.470925832329954,47.5977082717087,51.801551489378156,60.29585526706389,30.82292905057029,24.327991379027488,0.0,50.32966798019994,48.328774472260356,36.91070341693323,50.145395111039136
rustedHinge,52.05305868330235,47.4744371546726,46.78520068924542,54.429096568527875,57.46657688514471,51.84649121323672,50.32966798019994,0.0,17.142984245811984,52.2262563076454,55.03105880069505
hinge,48.24569949735869,40.66770407146296,40.79312977464045,53.83701375206143,55.728349912219244,50.57085316553059,48.328774472260356,17.142984245811984,0.0,50.01977966112265,54.13305253732046
trapezoid,45.83769590318535,51.27430804568788,42.17267269211252,44.51722787633049,38.94068281668144,49.1798040009602,36.91070341693323,52.2262563076454,50.01977966112265,0.0,31.19884434222071
random,60.276575190388925,66.52458202728843,52.93475655251476,48.066790983692634,44.34185432418451,57.75461164913293,50.145395111039136,55.03105880069505,54.13305253732046,31.19884434222071,0.0
