,square,rectangle,parallelogram,losange,isoTrapezoid,kite,rightKite,rustedHinge,hinge,trapezoid,random
square,0.0,43.746542343164904,49.82001686310746,59.47340278429181,33.75702062937895,26.86725210304761,21.67531241302952,43.696439009563555,43.43058873806841,33.94443577136442,48.07059040237257
rectangle,43.746542343164904,0.0,31.209410872487318,46.33716200943521,60.50374225927087,46.92820386513792,45.55967642655253,32.58193102443243,25.749624906917273,46.32615864062737,58.94862273513136
parallelogram,49.82001686310746,31.209410872487318,0.0,32.003913414553814,59.54504820335784,51.922986798883564,48.344081274632096,38.523639105936425,33.60467561258753,44.4501907951002,55.24069504383819
losange,59.47340278429181,46.33716200943521,32.003913414553814,0.0,61.48116975266851,58.67091936573386,57.09107079208339,43.222595092056544,41.9806404826738,47.02410791483077,47.597297534284145
isoTrapezoid,33.75702062937895,60.50374225927087,59.54504820335784,61.48116975266851,0.0,34.996870728659054,33.332154932113276,57.09400678007036,58.52708250569468,37.95619369123419,44.89773644574617
kite,26.86725210304761,46.92820386513792,51.922986798883564,58.67091936573386,34.996870728659054,0.0,22.979981532375742,50.6048678263116,50.57565932844915,41.35510151807403,51.01127080557278
rightKite,21.67531241302952,45.55967642655253,48.344081274632096,57.09107079208339,33.332154932113276,22.979981532375742,0.0,47.489915521108045,47.195419754522774,32.7556475993137,49.57258707549914
rustedHinge,43.696439009563555,32.58193102443243,38.523639105936425,43.222595092056544,57.09400678007036,50.6048678263116,47.489915521108045,0.0,13.604366845647338,44.77528818289349,51.28137221607658
hinge,43.43058873806841,25.749624906917273,33.60467561258753,41.9806404826738,58.52708250569468,50.57565932844915,47.195419754522774,13.604366845647338,0.0,44.02223831039892,52.775483829470296
trapezoid,33.94443577136442,46.32615864062737,44.4501907951002,47.02410791483077,37.95619369123419,41.35510151807403,32.7556475993137,44.77528818289349,44.02223831039892,0.0,35.34725670414766
random,48.07059040237257,58.94862273513136,55.24069504383819,47.597297534284145,44.89773644574617,51.01127080557278,49.57258707549914,51.28137221607658,52.775483829470296,35.34725670414766,0.0
