,square,rectangle,parallelogram,losange,isoTrapezoid,kite,rightKite,rustedHinge,hinge,trapezoid,random
square,0.0,51.58956223692847,83.0195876021259,105.08671206065063,77.72534873779031,65.75513072316883,66.03495680992384,84.78153773776289,79.05558530644689,73.50600486461252,99.14605496214023
rectangle,51.58956223692847,0.0,68.21156541396783,97.34543271560452,96.43919011088985,78.31776797896713,79.34272281436579,79.20835905965984,68.40660918641825,82.67135626784221,107.21009140825537
parallelogram,83.0195876021259,68.21156541396783,0.0,52.16017180441638,92.50887134163084,84.40642076277865,80.94131009934856,73.31895914316785,66.34780014219201,66.68667814819551,84.10614851396667
losange,105.08671206065063,97.34543271560452,52.16017180441638,0.0,98.32635546230279,97.70870152897582,93.83620879000236,83.78304935883233,84.51176776360839,71.6136474349766,75.87459809718942
isoTrapezoid,77.72534873779031,96.43919011088985,92.50887134163084,98.32635546230279,0.0,58.08063438601006,52.734988749625245,88.53372813808213,88.66323607377079,60.22234957084329,69.04173679329666
kite,65.75513072316883,78.31776797896713,84.40642076277865,97.70870152897582,58.08063438601006,0.0,40.44448740403686,78.1234178787566,76.22741498996714,73.77509970761754,88.37349954493482
rightKite,66.03495680992384,79.34272281436579,80.94131009934856,93.83620879000236,52.734988749625245,40.44448740403686,0.0,77.13161996451184,74.231471408004,58.298033769104194,81.3886427723039
rustedHinge,84.78153773776289,79.20835905965984,73.31895914316785,83.78304935883233,88.53372813808213,78.1234178787566,77.13161996451184,0.0,28.386159903080916,80.76707662864725,86.459243930783
hinge,79.05558530644689,68.40660918641825,66.34780014219201,84.51176776360839,88.66323607377079,76.22741498996714,74.231471408004,28.386159903080916,0.0,78.36857948976214,87.91590569261015
trapezoid,73.50600486461252,82.67135626784221,66.68667814819551,71.6136474349766,60.22234957084329,73.77509970761754,58.298033769104194,80.76707662864725,78.36857948976214,0.0,53.383267508402625
random,99.14605496214023,107.21009140825537,84.10614851396667,75.87459809718942,69.04173679329666,88.37349954493482,81.3886427723039,86.459243930783,87.91590569261015,53.383267508402625,0.0
