,square,rectangle,parallelogram,losange,isoTrapezoid,kite,rightKite,rustedHinge,hinge,trapezoid,random
square,0.0,49.734975784563176,79.42253403508406,100.07991892464587,73.63114502755323,63.27023838607085,63.818098868806096,81.2233665023443,75.7968242781373,70.26455466938607,93.58635267758882
rectangle,49.734975784563176,0.0,65.17569160902187,92.80360953408633,91.83949517933412,75.05738314566197,76.12448198459647,75.87171096466234,65.4521083047843,78.97380062436142,101.69948295438711
parallelogram,79.42253403508406,65.17569160902187,0.0,49.56911001030958,88.23279978550353,81.16768757165124,77.30347101443688,70.4889661163514,63.46621126933577,63.43233961890929,79.50455268988895
losange,100.07991892464587,92.80360953408633,49.56911001030958,0.0,93.49585207894991,93.3965257160785,89.17554358022139,80.55137669679591,80.89516790980142,67.45068689005296,71.31868333431669
isoTrapezoid,73.63114502755323,91.83949517933412,88.23279978550353,93.49585207894991,0.0,55.674217233173664,49.965148758859684,84.33900944276057,84.30039275415075,57.73066256617399,65.95998399633727
kite,63.27023838607085,75.05738314566197,81.16768757165124,93.3965257160785,55.674217233173664,0.0,38.66411301228175,74.88026908927837,73.1878366868889,71.3640795392221,84.31858321156592
rightKite,63.818098868806096,76.12448198459647,77.30347101443688,89.17554358022139,49.965148758859684,38.66411301228175,0.0,73.64638032827082,70.96387441864039,56.23075402236431,76.8524986206078
rustedHinge,81.2233665023443,75.87171096466234,70.4889661163514,80.55137669679591,84.33900944276057,74.88026908927837,73.64638032827082,0.0,27.07680099617449,77.12267266517628,81.75717777767207
hinge,75.7968242781373,65.4521083047843,63.46621126933577,80.89516790980142,84.30039275415075,73.1878366868889,70.96387441864039,27.07680099617449,0.0,74.8107592335254,83.03043658198249
trapezoid,70.26455466938607,78.97380062436142,63.43233961890929,67.45068689005296,57.73066256617399,71.3640795392221,56.23075402236431,77.12267266517628,74.8107592335254,0.0,49.98622891211767
random,93.58635267758882,101.69948295438711,79.50455268988895,71.31868333431669,65.95998399633727,84.31858321156592,76.8524986206078,81.75717777767207,83.03043658198249,49.98622891211767,0.0
