,square,rectangle,parallelogram,losange,isoTrapezoid,kite,rightKite,rustedHinge,hinge,trapezoid,random
square,0.0,0.013489024501463609,0.02538351781826753,0.036924095183190064,0.008587559536019418,0.0070021093353642705,0.004207276373220714,0.016262712760793163,0.015285523838099557,0.010962651936356482,0.02426987824149629
rectangle,0.013489024501463609,2.220446049250313e-16,0.007779229444871638,0.021340591987336954,0.02769917507732167,0.017353717392231127,0.015940038059762407,0.011919468914007414,0.007455731052277037,0.016865879827039576,0.03339186008580508
parallelogram,0.02538351781826753,0.007779229444871638,0.0,0.006628297280188988,0.034138993925887595,0.02884137179463453,0.02494909238817511,0.015320420892633302,0.010198393079474233,0.015276336430405824,0.02647026878194969
losange,0.036924095183190064,0.021340591987336954,0.006628297280188988,0.0,0.03927277885847813,0.03858344200952357,0.03422592736439378,0.02110219228007526,0.017830366122106645,0.017905359514239882,0.018581152724141292
isoTrapezoid,0.008587559536019418,0.02769917507732167,0.034138993925887595,0.03927277885847813,0.0,0.009894834318830759,0.007435249375182362,0.02599355968896988,0.02685154532418288,0.011696673012336234,0.018196541245303566
kite,0.0070021093353642705,0.017353717392231127,0.02884137179463453,0.03858344200952357,0.009894834318830759,0.0,0.004247618053575319,0.024871957161475944,0.02430847973418182,0.019642037551555802,0.031306324331318636
rightKite,0.004207276373220714,0.015940038059762407,0.02494909238817511,0.03422592736439378,0.007435249375182362,0.004247618053575319,2.220446049250313e-16,0.02188616543433619,0.020836898571967688,0.010934162439840467,0.025197798321833442
rustedHinge,0.016262712760793163,0.011919468914007414,0.015320420892633302,0.02110219228007526,0.02599355968896988,0.024871957161475944,0.02188616543433619,2.220446049250313e-16,0.0013628987375523538,0.01661376828679917,0.023028127139514964
hinge,0.015285523838099557,0.007455731052277037,0.010198393079474233,0.017830366122106645,0.02685154532418288,0.02430847973418182,0.020836898571967688,0.0013628987375523538,0.0,0.014628188303013379,0.023615578415374205
trapezoid,0.010962651936356482,0.016865879827039576,0.015276336430405824,0.017905359514239882,0.011696673012336234,0.019642037551555802,0.010934162439840467,0.01661376828679917,0.014628188303013379,0.0,0.007826553787738777
random,0.02426987824149629,0.03339186008580508,0.02647026878194969,0.018581152724141292,0.018196541245303566,0.031306324331318636,0.025197798321833442,0.023028127139514964,0.023615578415374205,0.007826553787738777,2.220446049250313e-16
