,square,rectangle,parallelogram,losange,isoTrapezoid,kite,rightKite,rustedHinge,hinge,trapezoid,random
square,0.0,0.004431592721478306,0.008093528329879196,0.011892803750145009,0.002860088826963425,0.002232640436875988,0.001438829677557596,0.005403951866907231,0.005014168634484117,0.0036447417105306412,0.00791191841740646
rectangle,0.004431592721478306,0.0,0.00277413088800027,0.007107940628111709,0.008853354599568597,0.0057274619651511705,0.0053221778016177,0.0038154164384935907,0.002330624406724713,0.0056761226228351225,0.010710554474518075
parallelogram,0.008093528329879196,0.00277413088800027,0.0,0.0025034765312612617,0.010852298807593086,0.00943768953628299,0.008111413389175093,0.005298149646841721,0.0035841323346659237,0.005225890211211781,0.00878409998479035
losange,0.011892803750145009,0.007107940628111709,0.0025034765312612617,1.1102230246251565e-16,0.012560038673349316,0.01285522846936027,0.011439706751251388,0.007216293899613757,0.00610659914070788,0.006091712818579009,0.006434757646959777
isoTrapezoid,0.002860088826963425,0.008853354599568597,0.010852298807593086,0.012560038673349316,1.1102230246251565e-16,0.0031774175757903755,0.0025275683075955957,0.008550665570339011,0.008734047834738856,0.0038186104313369107,0.00595455288585478
kite,0.002232640436875988,0.0057274619651511705,0.00943768953628299,0.01285522846936027,0.0031774175757903755,0.0,0.0014890421105656637,0.00816987939289393,0.007922369958182296,0.0063565928817423956,0.010130510514332891
rightKite,0.001438829677557596,0.0053221778016177,0.008111413389175093,0.011439706751251388,0.0025275683075955957,0.0014890421105656637,0.0,0.0072430433006328565,0.0068787244861883146,0.003639904525878257,0.008279143903880515
rustedHinge,0.005403951866907231,0.0038154164384935907,0.005298149646841721,0.007216293899613757,0.008550665570339011,0.00816987939289393,0.0072430433006328565,0.0,0.0005333554034717691,0.005819345094250972,0.00789401579524407
hinge,0.005014168634484117,0.002330624406724713,0.0035841323346659237,0.00610659914070788,0.008734047834738856,0.007922369958182296,0.0068787244861883146,0.0005333554034717691,0.0,0.005115785125113126,0.007933178052346501
trapezoid,0.0036447417105306412,0.0056761226228351225,0.005225890211211781,0.006091712818579009,0.0038186104313369107,0.0063565928817423956,0.003639904525878257,0.005819345094250972,0.005115785125113126,0.0,0.0028439887405199427
random,0.00791191841740646,0.010710554474518075,0.00878409998479035,0.006434757646959777,0.00595455288585478,0.010130510514332891,0.008279143903880515,0.00789401579524407,0.007933178052346501,0.0028439887405199427,1.1102230246251565e-16
