,square,rectangle,parallelogram,losange,isoTrapezoid,kite,rightKite,rustedHinge,hinge,trapezoid,random
square,0.0,0.03223832832343276,0.06805920738683757,0.10948820316563446,0.05208202580021226,0.03630045728911635,0.02979783157678484,0.0734794545738916,0.05691382577290938,0.04631159963892695,0.09022368102219791
rectangle,0.03223832832343276,0.0,0.04754688375505456,0.1006306173770517,0.09542988617490467,0.06475426304354148,0.06129830945816883,0.07764056706611855,0.050186979283498245,0.06874629010852806,0.12145094686949631
parallelogram,0.06805920738683757,0.04754688375505456,0.0,0.032260107820760275,0.09634274123181241,0.08767592455261364,0.07408297203362768,0.06178508147985107,0.03790715387247012,0.0444295569683375,0.0834535202695057
losange,0.10948820316563446,0.1006306173770517,0.032260107820760275,1.1102230246251565e-16,0.10851810995257538,0.11860411873823151,0.1014239482895638,0.06987088017117404,0.060038719861629564,0.05320889888695002,0.06402933603699956
isoTrapezoid,0.05208202580021226,0.09542988617490467,0.09634274123181241,0.10851810995257538,0.0,0.044714942771348354,0.03045999643366426,0.07824914135766137,0.07530996171714677,0.0414147183343323,0.06237093827011364
kite,0.03630045728911635,0.06475426304354148,0.08767592455261364,0.11860411873823151,0.044714942771348354,0.0,0.015331151424031741,0.0904343670474188,0.08128661684934324,0.07368524247830543,0.10674369887213675
rightKite,0.02979783157678484,0.06129830945816883,0.07408297203362768,0.1014239482895638,0.03045999643366426,0.015331151424031741,1.1102230246251565e-16,0.07357718358823384,0.06691436522113325,0.0492661746317673,0.0860851553897608
rustedHinge,0.0734794545738916,0.07764056706611855,0.06178508147985107,0.06987088017117404,0.07824914135766137,0.0904343670474188,0.07357718358823384,0.0,0.010245028163860193,0.06068793659393801,0.07429725428112854
hinge,0.05691382577290938,0.050186979283498245,0.03790715387247012,0.060038719861629564,0.07530996171714677,0.08128661684934324,0.06691436522113325,0.010245028163860193,0.0,0.04691592003622114,0.07022948205950019
trapezoid,0.04631159963892695,0.06874629010852806,0.0444295569683375,0.05320889888695002,0.0414147183343323,0.07368524247830543,0.0492661746317673,0.06068793659393801,0.04691592003622114,1.1102230246251565e-16,0.025658377812259103
random,0.09022368102219791,0.12145094686949631,0.0834535202695057,0.06402933603699956,0.06237093827011364,0.10674369887213675,0.0860851553897608,0.07429725428112854,0.07022948205950019,0.025658377812259103,0.0
