,square,rectangle,parallelogram,losange,isoTrapezoid,kite,rightKite,rustedHinge,hinge,trapezoid,random
square,0.0,218.2479231839701,323.61665939999887,370.82192474067944,277.5820583301682,265.37037164207504,269.0815335297743,323.42052080864244,303.2467089101481,280.5565189009979,367.08289548702646
rectangle,218.2479231839701,0.0,232.0115003353052,311.9774423309605,350.28769359770416,312.6405410368839,323.37550013289587,317.6386267991221,280.9632260114775,307.01164132647835,399.5211608972602
parallelogram,323.61665939999887,232.0115003353052,0.0,177.11219944883265,361.4331300349026,356.8028317879394,349.21926527204624,324.31516722970014,292.4968195947336,269.3150874260979,357.618723229691
losange,370.82192474067944,311.9774423309605,177.11219944883265,0.0,381.82501704580824,395.2414653860101,384.67794460678317,354.8260853424424,336.2622610407496,281.86386283105765,334.10777232771744
isoTrapezoid,277.5820583301682,350.28769359770416,361.4331300349026,381.82501704580824,0.0,221.9453939012405,207.3459882635897,328.1941532318966,323.7009516377518,221.5685391850828,279.718885719439
kite,265.37037164207504,312.6405410368839,356.8028317879394,395.2414653860101,221.9453939012405,0.0,153.26667487963925,302.22744330741966,285.6336681773683,287.3172157753444,337.42182804736984
rightKite,269.0815335297743,323.37550013289587,349.21926527204624,384.67794460678317,207.3459882635897,153.26667487963925,0.0,294.1459689987528,279.4896639629664,239.20533032902063,305.000338625384
rustedHinge,323.42052080864244,317.6386267991221,324.31516722970014,354.8260853424424,328.1941532318966,302.22744330741966,294.1459689987528,0.0,112.4606585061531,304.50761328804055,322.25618429390653
hinge,303.2467089101481,280.9632260114775,292.4968195947336,336.2622610407496,323.7009516377518,285.6336681773683,279.4896639629664,112.4606585061531,0.0,285.05536909489217,315.83574488544343
trapezoid,280.5565189009979,307.01164132647835,269.3150874260979,281.86386283105765,221.5685391850828,287.3172157753444,239.20533032902063,304.50761328804055,285.05536909489217,0.0,209.25202189035068
random,367.08289548702646,399.5211608972602,357.618723229691,334.10777232771744,279.718885719439,337.42182804736984,305.000338625384,322.25618429390653,315.83574488544343,209.25202189035068,0.0
