,square,rectangle,parallelogram,losange,isoTrapezoid,kite,rightKite,rustedHinge,hinge,trapezoid,random
square,0.0,104.57170824183585,140.75721602361824,165.5139486355936,108.21726370753565,105.04074423603006,103.45600671154219,134.8982850747737,128.66954881101972,116.88240770883674,152.73928546109622
rectangle,104.57170824183585,0.0,94.81218414176732,138.54994373877602,153.0528095984314,134.21769156003188,135.70931606020963,127.18189881296858,109.54440080731048,132.13750724217607,171.9360766870894
parallelogram,140.75721602361824,94.81218414176732,0.0,73.71123805248568,155.0144050109536,149.0060312989707,142.55344973926466,130.42477372264045,114.35679098371247,110.81106539992975,148.0064506898664
losange,165.5139486355936,138.54994373877602,73.71123805248568,0.0,161.93546846379442,165.74238457325768,159.53856659068967,146.42065800521485,137.8856925929758,114.68816038746641,133.39870518763243
isoTrapezoid,108.21726370753565,153.0528095984314,155.0144050109536,161.93546846379442,0.0,93.26324050462624,83.38563586595647,143.33586473119334,144.78533870881498,94.1260736646125,114.43910782840854
kite,105.04074423603006,134.21769156003188,149.0060312989707,165.74238457325768,93.26324050462624,0.0,64.8296358154297,132.13376450283167,128.95471336863477,123.95659595180443,142.46995532610282
rightKite,103.45600671154219,135.70931606020963,142.55344973926466,159.53856659068967,83.38563586595647,64.8296358154297,0.0,128.294342319414,125.51540175220896,97.4678992941974,128.44333074898012
rustedHinge,134.8982850747737,127.18189881296858,130.42477372264045,146.42065800521485,143.33586473119334,132.13376450283167,128.294342319414,0.0,43.280491688366006,128.16926120959633,137.297240296229
hinge,128.66954881101972,109.54440080731048,114.35679098371247,137.8856925929758,144.78533870881498,128.95471336863477,125.51540175220896,43.280491688366006,0.0,122.3078347895567,137.20480691356602
trapezoid,116.88240770883674,132.13750724217607,110.81106539992975,114.68816038746641,94.1260736646125,123.95659595180443,97.4678992941974,128.16926120959633,122.3078347895567,0.0,84.96758330131662
random,152.73928546109622,171.9360766870894,148.0064506898664,133.39870518763243,114.43910782840854,142.46995532610282,128.44333074898012,137.297240296229,137.20480691356602,84.96758330131662,0.0
