,square,rectangle,parallelogram,losange,isoTrapezoid,kite,rightKite,rustedHinge,hinge,trapezoid,random
square,0.0,62.442871063321036,74.99358607080106,89.57836277278814,49.12465450022227,39.32441261236807,34.24306664884577,64.84585496748754,62.932613309576396,50.92083249971763,70.72323754821515
rectangle,62.442871063321036,0.0,45.63283642502347,65.9180746577856,81.38807902521103,65.40109467434087,64.6139275808817,48.825179454285205,38.29954238656838,66.79224848065427,81.91591129988191
parallelogram,74.99358607080106,45.63283642502347,0.0,49.04863108553124,85.23950539323603,77.45041397703834,71.94824549960974,59.49069951629554,50.617229687619925,65.12967576867452,79.80905928570422
losange,89.57836277278814,65.9180746577856,49.04863108553124,0.0,89.23693514412636,88.43225227584936,85.50592938309558,65.35668084636931,62.22253187569999,68.97752320468686,69.8594799696238
isoTrapezoid,49.12465450022227,81.38807902521103,85.23950539323603,89.23693514412636,0.0,49.083006976825054,47.65644713576547,81.29744619406729,81.11775818238374,51.77742343644069,62.400946487670254
kite,39.32441261236807,65.40109467434087,77.45041397703834,88.43225227584936,49.083006976825054,0.0,34.643319549278,72.58907307616298,71.49587240847079,62.93967691043122,75.72264195264874
rightKite,34.24306664884577,64.6139275808817,71.94824549960974,85.50592938309558,47.65644713576547,34.643319549278,0.0,70.28492243664844,68.52093578283592,48.90909681819557,72.20746969211555
rustedHinge,64.84585496748754,48.825179454285205,59.49069951629554,65.35668084636931,81.29744619406729,72.58907307616298,70.28492243664844,0.0,21.065867128260404,68.3326395034732,74.42042106649552
hinge,62.932613309576396,38.29954238656838,50.617229687619925,62.22253187569999,81.11775818238374,71.49587240847079,68.52093578283592,21.065867128260404,0.0,65.46224689826792,74.69476423343306
trapezoid,50.92083249971763,66.79224848065427,65.12967576867452,68.97752320468686,51.77742343644069,62.93967691043122,48.90909681819557,68.3326395034732,65.46224689826792,0.0,49.925953543115206
random,70.72323754821515,81.91591129988191,79.80905928570422,69.8594799696238,62.400946487670254,75.72264195264874,72.20746969211555,74.42042106649552,74.69476423343306,49.925953543115206,0.0
