,square,rectangle,parallelogram,losange,isoTrapezoid,kite,rightKite,rustedHinge,hinge,trapezoid,random
square,0.0,46.54612173159989,56.75600215336081,67.3844047097789,36.845987463396376,30.000485461878213,25.945535605966203,48.44548651605664,46.884733675429366,40.23620022199981,56.14867475991502
rectangle,46.54612173159989,0.0,34.2638790984139,52.29923901743095,61.726460636243786,49.43191098228248,48.31233306105835,38.43961153879101,30.3997962416395,50.590386684503095,65.80480249863818
parallelogram,56.75600215336081,34.2638790984139,0.0,34.989016781421846,64.38462546389583,58.875009369251316,54.406030840063444,44.87166844997701,37.71624979980643,46.82757945744818,60.498100668202845
losange,67.3844047097789,52.29923901743095,34.989016781421846,0.0,66.90061168957749,67.31290610817238,63.998480351864615,52.19228325659882,48.854099179336956,49.07029152153753,52.01989388212283
isoTrapezoid,36.845987463396376,61.726460636243786,64.38462546389583,66.90061168957749,0.0,37.16284811632138,34.2981161434557,59.55109560675043,59.961790643289255,39.111098521068214,47.70528803751612
kite,30.000485461878213,49.43191098228248,58.875009369251316,67.31290610817238,37.16284811632138,0.0,26.052556250616735,54.34146188012299,53.660233582678174,49.40973180523998,60.21333930329591
rightKite,25.945535605966203,48.31233306105835,54.406030840063444,63.998480351864615,34.2981161434557,26.052556250616735,0.0,51.608243008138885,50.518877562189914,37.907257414782364,55.47513150412001
rustedHinge,48.44548651605664,38.43961153879101,44.87166844997701,52.19228325659882,59.55109560675043,54.34146188012299,51.608243008138885,0.0,15.859188171426538,50.08152511428237,57.43369276442545
hinge,46.884733675429366,30.3997962416395,37.71624979980643,48.854099179336956,59.961790643289255,53.660233582678174,50.518877562189914,15.859188171426538,0.0,47.672872847402914,57.66674172828034
trapezoid,40.23620022199981,50.590386684503095,46.82757945744818,49.07029152153753,39.111098521068214,49.40973180523998,37.907257414782364,50.08152511428237,47.672872847402914,0.0,36.28934742353805
random,56.14867475991502,65.80480249863818,60.498100668202845,52.01989388212283,47.70528803751612,60.21333930329591,55.47513150412001,57.43369276442545,57.66674172828034,36.28934742353805,0.0
