,square,rectangle,parallelogram,losange,isoTrapezoid,kite,rightKite,rustedHinge,hinge,trapezoid,random
square,0.0,6.329076858454412,8.751207539463215,10.501224310116456,5.425822434106616,4.836583260011221,4.2277689989235325,7.288783274226482,6.899428806882619,6.152141868184907,8.462338769966665
rectangle,6.329076858454412,0.0,5.748012949256083,8.569125210091187,9.156279210621886,7.401001263474318,7.1978511554950995,6.229944243498904,4.948084512086691,7.645929854078526,10.008584442599238
parallelogram,8.751207539463215,5.748012949256083,0.0,5.327642365291248,10.118509021409697,9.607257865259276,8.71244610505798,7.6872341295105855,6.4893602297543715,7.175673662995379,9.23095147258012
losange,10.501224310116456,8.569125210091187,5.327642365291248,0.0,10.777968323891315,10.992825538740455,10.224109393354425,8.695895186703076,8.147180653958976,7.542921025773344,8.030333322273584
isoTrapezoid,5.425822434106616,9.156279210621886,10.118509021409697,10.777968323891315,0.0,5.709623215309615,5.298282281913994,9.404115487455911,9.302456033445013,6.2667891760584835,7.517945533341324
kite,4.836583260011221,7.401001263474318,9.607257865259276,10.992825538740455,5.709623215309615,0.0,4.158470433260921,8.900490180314412,8.719855452418233,8.056826111320989,9.742578252809428
rightKite,4.2277689989235325,7.1978511554950995,8.71244610505798,10.224109393354425,5.298282281913994,4.158470433260921,0.0,8.621232019217553,8.316563058240307,6.02787454527792,8.743902239311732
rustedHinge,7.288783274226482,6.229944243498904,7.6872341295105855,8.695895186703076,9.404115487455911,8.900490180314412,8.621232019217553,0.0,2.4595218900021574,8.124042758197664,8.938758611532824
hinge,6.899428806882619,4.948084512086691,6.4893602297543715,8.147180653958976,9.302456033445013,8.719855452418233,8.316563058240307,2.4595218900021574,0.0,7.60175323611265,8.8469391522728
trapezoid,6.152141868184907,7.645929854078526,7.175673662995379,7.542921025773344,6.2667891760584835,8.056826111320989,6.02787454527792,8.124042758197664,7.60175323611265,0.0,5.130246545891122
random,8.462338769966665,10.008584442599238,9.23095147258012,8.030333322273584,7.517945533341324,9.742578252809428,8.743902239311732,8.938758611532824,8.8469391522728,5.130246545891122,0.0
