,square,rectangle,parallelogram,losange,isoTrapezoid,kite,rightKite,rustedHinge,hinge,trapezoid,random
square,0.0,94.97576575824355,139.14153856337302,245.3595156216298,181.99016895944362,66.8199915218909,117.62066847293575,118.07505248224297,115.62598171796958,228.3240979050875,246.4591275290204
rectangle,94.97576575824355,0.0,138.67733415587867,252.40263988311182,219.9311459815279,84.96868608464013,143.1390245235726,63.98478128732447,53.69448011853746,255.9771575520955,275.074711937634
parallelogram,139.14153856337302,138.67733415587867,0.0,123.19730991373466,115.53836645472717,118.26276258460537,69.42002462026498,139.41614350686166,127.10195729030133,132.95746808154666,150.0624733529726
losange,245.3595156216298,252.40263988311182,123.19730991373466,0.0,109.76493911335929,227.10535470220816,152.61565173949012,245.95968621260806,234.32802464105242,72.26314969051869,81.26690366604795
isoTrapezoid,181.99016895944362,219.9311459815279,115.53836645472717,109.76493911335929,0.0,175.28530860881574,105.08894583455455,220.16314924779314,209.9744491152306,63.469762264094136,87.35358098753679
kite,66.8199915218909,84.96868608464013,118.26276258460537,227.10535470220816,175.28530860881574,0.0,89.05878183195092,90.42031352812117,88.93799190166452,218.28890539700055,233.6929059073166
rightKite,117.62066847293575,143.1390245235726,69.42002462026498,152.61565173949012,105.08894583455455,89.05878183195092,0.0,139.95305622280137,132.94676149239183,138.43173416855325,153.35337982075112
rustedHinge,118.07505248224297,63.98478128732447,139.41614350686166,245.95968621260806,220.16314924779314,90.42031352812117,139.95305622280137,0.0,31.695944769875226,253.21116658284137,268.46170365165096
hinge,115.62598171796958,53.69448011853746,127.10195729030133,234.32802464105242,209.9744491152306,88.93799190166452,132.94676149239183,31.695944769875226,0.0,242.00421433289077,258.1268439107448
trapezoid,228.3240979050875,255.9771575520955,132.95746808154666,72.26314969051869,63.469762264094136,218.28890539700055,138.43173416855325,253.21116658284137,242.00421433289077,0.0,44.55510950142603
random,246.4591275290204,275.074711937634,150.0624733529726,81.26690366604795,87.35358098753679,233.6929059073166,153.35337982075112,268.46170365165096,258.1268439107448,44.55510950142603,0.0
