,square,rectangle,parallelogram,losange,isoTrapezoid,kite,rightKite,rustedHinge,hinge,trapezoid,random
square,0.0,9.578715660572295,10.991183592768923,12.835213759731714,7.712601601389042,6.167992348701986,5.708385894921004,9.53367427221366,9.463166964026408,7.553673908818107,10.363958074219145
rectangle,9.578715660572295,0.0,7.2388489813059635,10.00361832106066,12.32707243941132,10.114993429288704,9.741853019405623,7.370039501493122,6.166783888821775,9.96414169097236,12.301656745287557
parallelogram,10.991183592768923,7.2388489813059635,0.0,7.134110320922714,12.510013596856206,11.391890811075847,10.697988581477937,8.725838978985589,7.719839809208258,10.018069029151137,11.88405288293781
losange,12.835213759731714,10.00361832106066,7.134110320922714,0.0,12.955146069956964,12.771034790338295,12.389763883283768,9.482488414932453,9.1510415956968,10.37978031587525,10.385075602046125
isoTrapezoid,7.712601601389042,12.32707243941132,12.510013596856206,12.955146069956964,0.0,7.6730135614991966,7.349616674200816,11.75555125317069,12.003223457558693,8.311658599110537,9.687625989773576
kite,6.167992348701986,10.114993429288704,11.391890811075847,12.771034790338295,7.6730135614991966,0.0,5.421609486907148,10.844142959066698,10.810654679818875,9.055700736438558,11.055691292599404
rightKite,5.708385894921004,9.741853019405623,10.697988581477937,12.389763883283768,7.349616674200816,5.421609486907148,0.0,10.2170344980124,10.138372240132773,7.469468997960625,10.655083174119747
rustedHinge,9.53367427221366,7.370039501493122,8.725838978985589,9.482488414932453,11.75555125317069,10.844142959066698,10.2170344980124,0.0,3.8669585512987146,9.658900102531252,10.83443121467395
hinge,9.463166964026408,6.166783888821775,7.719839809208258,9.1510415956968,12.003223457558693,10.810654679818875,10.138372240132773,3.8669585512987146,0.0,9.536641474023948,11.104555423683282
trapezoid,7.553673908818107,9.96414169097236,10.018069029151137,10.37978031587525,8.311658599110537,9.055700736438558,7.469468997960625,9.658900102531252,9.536641474023948,0.0,7.8155178259817095
random,10.363958074219145,12.301656745287557,11.88405288293781,10.385075602046125,9.687625989773576,11.055691292599404,10.655083174119747,10.83443121467395,11.104555423683282,7.8155178259817095,0.0
