,square,rectangle,parallelogram,losange,isoTrapezoid,kite,rightKite,rustedHinge,hinge,trapezoid,random
square,0.0,14.013244203181019,20.950240555697956,25.708033366518645,14.475291491534094,13.97152736302675,13.317062714265978,18.976312359146103,17.912525367485003,16.36927861084129,22.172940823272242
rectangle,14.013244203181019,0.0,14.868287462495301,22.11250152084756,21.86390803736409,18.582161136037147,18.398752204387115,17.219725245608423,14.687794492094726,19.258609917255534,25.267576027262418
parallelogram,20.950240555697956,14.868287462495301,0.0,12.92145987002668,23.637786669233034,23.58132214562327,21.40930737328033,20.371049254255702,17.871637040348386,17.017429985689787,22.41989878727775
losange,25.708033366518645,22.11250152084756,12.92145987002668,0.0,25.49962766348031,27.1509239459971,24.883281349554924,23.17239510767353,21.892210534665814,17.685566988539126,19.63949056674171
isoTrapezoid,14.475291491534094,21.86390803736409,23.637786669233034,25.49962766348031,0.0,14.692112529039077,13.791783437568004,23.103841067698934,22.757890185956857,14.763478898324523,18.123601685485074
kite,13.97152736302675,18.582161136037147,23.58132214562327,27.1509239459971,14.692112529039077,0.0,10.315207847428994,21.512929515228322,20.96777844972542,20.650408741221888,23.985849957077104
rightKite,13.317062714265978,18.398752204387115,21.40930737328033,24.883281349554924,13.791783437568004,10.315207847428994,0.0,21.176585084428158,20.367395532454452,15.617673425609587,20.975876888373726
rustedHinge,18.976312359146103,17.219725245608423,20.371049254255702,23.17239510767353,23.103841067698934,21.512929515228322,21.176585084428158,0.0,6.366174371040742,21.41621683273009,22.43216747785238
hinge,17.912525367485003,14.687794492094726,17.871637040348386,21.892210534665814,22.757890185956857,20.96777844972542,20.367395532454452,6.366174371040742,0.0,20.188802245937463,21.821410968082418
trapezoid,16.36927861084129,19.258609917255534,17.017429985689787,17.685566988539126,14.763478898324523,20.650408741221888,15.617673425609587,21.41621683273009,20.188802245937463,0.0,12.660080977560707
random,22.172940823272242,25.267576027262418,22.41989878727775,19.63949056674171,18.123601685485074,23.985849957077104,20.975876888373726,22.43216747785238,21.821410968082418,12.660080977560707,0.0
