,square,rectangle,parallelogram,losange,isoTrapezoid,kite,rightKite,rustedHinge,hinge,trapezoid,random
square,0.0,4.002133668297386,5.1133218320426295,6.094544428781865,3.1165257306536973,2.6867425572319568,2.24216808748597,4.271745157659842,4.131954396736511,3.4518249231363813,4.82548343317601
rectangle,4.002133668297386,0.0,3.172448900922861,4.749100084677008,5.473070351217614,4.450652176642515,4.312144151621878,3.437474903544952,2.7381434237645124,4.476070645207528,5.702465710120048
parallelogram,5.1133218320426295,3.172448900922861,0.0,3.2312083024700273,5.851975171753747,5.465380603985657,5.060520368666021,4.184850596188785,3.559828946862306,4.451197795903015,5.474616930429012
losange,6.094544428781865,4.749100084677008,3.2312083024700273,0.0,6.181875367355254,6.228185748725548,5.945581680991741,4.631546869625952,4.396778551237214,4.664263638914789,4.710084926944785
isoTrapezoid,3.1165257306536973,5.473070351217614,5.851975171753747,6.181875367355254,0.0,3.333565744199192,3.103181035696767,5.396364596441153,5.410763747799215,3.6192057658981542,4.411711678928935
kite,2.6867425572319568,4.450652176642515,5.465380603985657,6.228185748725548,3.333565744199192,0.0,2.314172177770518,5.087814752624801,5.016776322365175,4.408898979313498,5.41763243268368
rightKite,2.24216808748597,4.312144151621878,5.060520368666021,5.945581680991741,3.103181035696767,2.314172177770518,0.0,4.824822456087634,4.704825048773248,3.420757890853777,5.049174463539346
rustedHinge,4.271745157659842,3.437474903544952,4.184850596188785,4.631546869625952,5.396364596441153,5.087814752624801,4.824822456087634,0.0,1.3690299118669238,4.54356412986545,4.997666747186126
hinge,4.131954396736511,2.7381434237645124,3.559828946862306,4.396778551237214,5.410763747799215,5.016776322365175,4.704825048773248,1.3690299118669238,0.0,4.346076724898473,5.049228384457103
trapezoid,3.4518249231363813,4.476070645207528,4.451197795903015,4.664263638914789,3.6192057658981542,4.408898979313498,3.420757890853777,4.54356412986545,4.346076724898473,0.0,3.27552906025547
random,4.82548343317601,5.702465710120048,5.474616930429012,4.710084926944785,4.411711678928935,5.41763243268368,5.049174463539346,4.997666747186126,5.049228384457103,3.27552906025547,0.0
