,square,rectangle,parallelogram,losange,isoTrapezoid,kite,rightKite,rustedHinge,hinge,trapezoid,random
square,0.0,4.029941938716604,5.059555462110466,6.010947962287873,3.188856083982049,2.7174152759780337,2.2884310730173687,4.242692437956133,4.13040449374549,3.4538020793625077,4.850243539967909
rectangle,4.029941938716604,0.0,3.17291740725653,4.717362661793595,5.505352741458227,4.5047685906707615,4.32550770079231,3.4006833023807372,2.73194401656441,4.490709880086059,5.715644479298898
parallelogram,5.059555462110466,3.17291740725653,0.0,3.216448848039112,5.814976710103722,5.445159757004655,5.01276898939375,4.124915065355268,3.5228158691665263,4.459265921161647,5.479786339899301
losange,6.010947962287873,4.717362661793595,3.216448848039112,0.0,6.102380974005991,6.1720924372682315,5.875289302354604,4.551537523726919,4.329609738529534,4.641577481351736,4.668510610419657
isoTrapezoid,3.188856083982049,5.505352741458227,5.814976710103722,6.102380974005991,0.0,3.373216395059093,3.141108692908101,5.3857576476026,5.4254423124232085,3.6554975983878113,4.4547820453999
kite,2.7174152759780337,4.5047685906707615,5.445159757004655,6.1720924372682315,3.373216395059093,0.0,2.355400458000904,5.09369173625062,5.04194686702651,4.394930078990989,5.421025957650604
rightKite,2.2884310730173687,4.32550770079231,5.01276898939375,5.875289302354604,3.141108692908101,2.355400458000904,0.0,4.784661836538447,4.683094403937824,3.4422977326446653,5.072906618906062
rustedHinge,4.242692437956133,3.4006833023807372,4.124915065355268,4.551537523726919,5.3857576476026,5.09369173625062,4.784661836538447,0.0,1.4230142204515126,4.501084850700126,5.0023869273194554
hinge,4.13040449374549,2.73194401656441,3.5228158691665263,4.329609738529534,5.4254423124232085,5.04194686702651,4.683094403937824,1.4230142204515126,0.0,4.3310770484835555,5.0718962985457186
trapezoid,3.4538020793625077,4.490709880086059,4.459265921161647,4.641577481351736,3.6554975983878113,4.394930078990989,3.4422977326446653,4.501084850700126,4.3310770484835555,0.0,3.3379268278635803
random,4.850243539967909,5.715644479298898,5.479786339899301,4.668510610419657,4.4547820453999,5.421025957650604,5.072906618906062,5.0023869273194554,5.0718962985457186,3.3379268278635803,0.0
