,square,rectangle,parallelogram,losange,isoTrapezoid,kite,rightKite,rustedHinge,hinge,trapezoid,random
square,0.0,9.954664470604499,14.33744635168151,17.437370409927833,9.268864661764908,8.770357363207465,8.130000784252,12.758789769330038,11.940239900565526,10.431955883302392,14.357606252813301
rectangle,9.954664470604499,0.0,9.878802689799148,14.688355531763222,14.90230893783135,12.366048636943308,12.15223542117602,11.336113074904327,9.306154990663142,12.674746134564845,16.71228753610407
parallelogram,14.33744635168151,9.878802689799148,0.0,8.773038151276504,16.39507547342278,15.911006895599797,14.447564967617533,13.526093407158948,11.582515151669822,11.547267524202441,15.022747028462094
losange,17.437370409927833,14.688355531763222,8.773038151276504,0.0,17.643396706744625,18.20469250885761,16.870207615167903,15.192109384707113,14.241485375313903,12.268026217547572,13.226785450548537
isoTrapezoid,9.268864661764908,14.90230893783135,16.39507547342278,17.643396706744625,0.0,9.663474981858565,9.14247163731949,15.777225881576777,15.527332034563665,10.160949257087129,12.306015051638756
kite,8.770357363207465,12.366048636943308,15.911006895599797,18.20469250885761,9.663474981858565,0.0,6.901781160700893,14.887965154172662,14.501721163182692,13.509546161003357,16.072836858628396
rightKite,8.130000784252,12.15223542117602,14.447564967617533,16.870207615167903,9.14247163731949,6.901781160700893,0.0,14.621377541813398,14.032203106746845,10.206809240245725,14.325280864275356
rustedHinge,12.758789769330038,11.336113074904327,13.526093407158948,15.192109384707113,15.777225881576777,14.887965154172662,14.621377541813398,0.0,4.275780760460948,14.053318199956195,14.950462829964701
hinge,11.940239900565526,9.306154990663142,11.582515151669822,14.241485375313903,15.527332034563665,14.501721163182692,14.032203106746845,4.275780760460948,0.0,13.13463932606774,14.644382208385018
trapezoid,10.431955883302392,12.674746134564845,11.547267524202441,12.268026217547572,10.160949257087129,13.509546161003357,10.206809240245725,14.053318199956195,13.13463932606774,0.0,8.383859378780384
random,14.357606252813301,16.71228753610407,15.022747028462094,13.226785450548537,12.306015051638756,16.072836858628396,14.325280864275356,14.950462829964701,14.644382208385018,8.383859378780384,0.0
