,square,rectangle,parallelogram,losange,isoTrapezoid,kite,rightKite,rustedHinge,hinge,trapezoid,random
square,0.0,0.0684209067695023,0.11647656543959595,0.13800539076726603,0.14511660348153732,0.13251225470869987,0.12702008789983765,0.20105613921181575,0.18138430379359427,0.12598916651662495,0.18308724517066932
rectangle,0.0684209067695023,2.220446049250313e-16,0.14064061511952464,0.18164643534755354,0.179095466165332,0.16159636715821013,0.15424613605078996,0.20170418381697985,0.17180148935829187,0.1491540359221949,0.20645081137884358
parallelogram,0.11647656543959595,0.14064061511952464,2.220446049250313e-16,0.028370942059895654,0.12683199005219636,0.1026124765753672,0.11672811936551686,0.1726245120258617,0.15207246082363735,0.0625833445589592,0.12466289562796107
losange,0.13800539076726603,0.18164643534755354,0.028370942059895654,2.220446049250313e-16,0.13849706298455655,0.11689686906230756,0.1305032008254554,0.18224056486000617,0.16899877065945568,0.07590519588993883,0.12217028046938039
isoTrapezoid,0.14511660348153732,0.179095466165332,0.12683199005219636,0.13849706298455655,0.0,0.07830616993090422,0.06412179625027148,0.12172672857307754,0.11650884960027308,0.06691218983616465,0.07610566995409795
kite,0.13251225470869987,0.16159636715821013,0.1026124765753672,0.11689686906230756,0.07830616993090422,0.0,0.02250240936372505,0.12266067702414685,0.1038897584722831,0.07043011542027922,0.07704253868591349
rightKite,0.12702008789983765,0.15424613605078996,0.11672811936551686,0.1305032008254554,0.06412179625027148,0.02250240936372505,0.0,0.11052923479961396,0.0973918629750733,0.0656384110404884,0.08218838102144754
rustedHinge,0.20105613921181575,0.20170418381697985,0.1726245120258617,0.18224056486000617,0.12172672857307754,0.12266067702414685,0.11052923479961396,0.0,0.020393797027627225,0.15018999257115406,0.12517427201509035
hinge,0.18138430379359427,0.17180148935829187,0.15207246082363735,0.16899877065945568,0.11650884960027308,0.1038897584722831,0.0973918629750733,0.020393797027627225,0.0,0.1348101640128162,0.11833943700730498
trapezoid,0.12598916651662495,0.1491540359221949,0.0625833445589592,0.07590519588993883,0.06691218983616465,0.07043011542027922,0.0656384110404884,0.15018999257115406,0.1348101640128162,0.0,0.05802718890321723
random,0.18308724517066932,0.20645081137884358,0.12466289562796107,0.12217028046938039,0.07610566995409795,0.07704253868591349,0.08218838102144754,0.12517427201509035,0.11833943700730498,0.05802718890321723,0.0
