,square,rectangle,parallelogram,losange,isoTrapezoid,kite,rightKite,rustedHinge,hinge,trapezoid,random
square,0.0,0.004654147171516687,0.008599002614878892,0.012807407714358288,0.0028226953049661496,0.002321015061804488,0.0013333457707239704,0.005516358323818804,0.005087608644376851,0.0036722121188066392,0.008073802197448243
rectangle,0.004654147171516687,0.0,0.0029081515295551474,0.007360495079516416,0.008753014653625213,0.005657164943982718,0.005300570979521857,0.0039051605956876845,0.0024648905983767344,0.005735292670665637,0.010574078331313963
parallelogram,0.008599002614878892,0.0029081515295551474,0.0,0.0025225619508855157,0.010955953100502125,0.00952952492083503,0.008314303521929967,0.005021419144209838,0.003470982489196972,0.005334737415550794,0.00862728470470564
losange,0.012807407714358288,0.007360495079516416,0.0025225619508855157,1.1102230246251565e-16,0.01304116781778375,0.012927416404417635,0.011925559564250343,0.006836852237335989,0.006046836524690069,0.006719639571016955,0.006479922027233576
isoTrapezoid,0.0028226953049661496,0.008753014653625213,0.010955953100502125,0.01304116781778375,0.0,0.0032290201082254555,0.0024287561282410053,0.008238630213971865,0.008315219810740015,0.003934542077413061,0.006201062887947528
kite,0.002321015061804488,0.005657164943982718,0.00952952492083503,0.012927416404417635,0.0032290201082254555,0.0,0.0014789799946937077,0.007868814960722115,0.007609194572181011,0.006413888051669536,0.009957564429180388
rightKite,0.0013333457707239704,0.005300570979521857,0.008314303521929967,0.011925559564250343,0.0024287561282410053,0.0014789799946937077,0.0,0.0069498762686122095,0.00652959787024987,0.003619912213633336,0.008307048800050176
rustedHinge,0.005516358323818804,0.0039051605956876845,0.005021419144209838,0.006836852237335989,0.008238630213971865,0.007868814960722115,0.0069498762686122095,0.0,0.00048396694348828984,0.0055204809408860855,0.007173276685744634
hinge,0.005087608644376851,0.0024648905983767344,0.003470982489196972,0.006046836524690069,0.008315219810740015,0.007609194572181011,0.00652959787024987,0.00048396694348828984,0.0,0.004915657235762372,0.007445769190775997
trapezoid,0.0036722121188066392,0.005735292670665637,0.005334737415550794,0.006719639571016955,0.003934542077413061,0.006413888051669536,0.003619912213633336,0.0055204809408860855,0.004915657235762372,0.0,0.002905793086032782
random,0.008073802197448243,0.010574078331313963,0.00862728470470564,0.006479922027233576,0.006201062887947528,0.009957564429180388,0.008307048800050176,0.007173276685744634,0.007445769190775997,0.002905793086032782,0.0
