,square,rectangle,parallelogram,losange,isoTrapezoid,kite,rightKite,rustedHinge,hinge,trapezoid,random
square,0.0,370.826950305878,691.995860146,866.4331137303891,610.5676845978576,471.97445375173805,449.23785905853435,650.5978719688093,576.7940608486666,609.0872692405446,795.1977056366571
rectangle,370.826950305878,0.0,586.0886995768699,832.5456901147436,733.7547011062535,557.2540024159856,554.2159097352741,621.4012245717288,510.34571145543777,682.926642573016,874.8974140367055
parallelogram,691.995860146,586.0886995768699,0.0,522.6102806528132,785.4195723655833,718.4763091435643,662.898304516801,714.5607807976794,642.7124271588071,575.4049712526555,789.1013816928851
losange,866.4331137303891,832.5456901147436,522.6102806528132,0.0,829.4925970147711,827.0331351418196,798.130626806562,811.5927206846271,803.4863275368126,609.4604425264392,699.282013364032
isoTrapezoid,610.5676845978576,733.7547011062535,785.4195723655833,829.4925970147711,0.0,540.1018828948667,487.2200206655206,796.7291109219135,776.8108022119283,484.5822346983646,582.8442822200043
kite,471.97445375173805,557.2540024159856,718.4763091435643,827.0331351418196,540.1018828948667,0.0,305.7872868115902,708.6504742565953,675.4181716277917,653.0796522754371,779.1267322594791
rightKite,449.23785905853435,554.2159097352741,662.898304516801,798.130626806562,487.2200206655206,305.7872868115902,0.0,696.9303143871563,667.474609020931,526.796865542108,734.7353246084816
rustedHinge,650.5978719688093,621.4012245717288,714.5607807976794,811.5927206846271,796.7291109219135,708.6504742565953,696.9303143871563,0.0,221.6432876348715,735.7758909435964,768.579728155656
hinge,576.7940608486666,510.34571145543777,642.7124271588071,803.4863275368126,776.8108022119283,675.4181716277917,667.474609020931,221.6432876348715,0.0,708.5880257603972,781.4134320627144
trapezoid,609.0872692405446,682.926642573016,575.4049712526555,609.4604425264392,484.5822346983646,653.0796522754371,526.796865542108,735.7758909435964,708.5880257603972,0.0,464.78744472033003
random,795.1977056366571,874.8974140367055,789.1013816928851,699.282013364032,582.8442822200043,779.1267322594791,734.7353246084816,768.579728155656,781.4134320627144,464.78744472033003,0.0
