,square,rectangle,parallelogram,losange,isoTrapezoid,kite,rightKite,rustedHinge,hinge,trapezoid,random
square,0.0,881.7605194821234,1040.9464246120801,1250.4993342672499,638.9879365082871,555.4617112880662,455.36007724442356,886.684579895412,876.7697459949944,690.4222855373048,923.6561897263044
rectangle,881.7605194821234,0.0,637.7093895959133,900.7468328445042,1087.3434535129663,922.5835851683577,903.4434650100294,624.6484852178825,506.04431470125115,911.6036610929032,1034.8459612100335
parallelogram,1040.9464246120801,637.7093895959133,0.0,681.6448945346189,1114.1443693774713,1065.3055861969783,1003.7891830144204,758.710188203624,666.8863645018428,943.8282481939066,1050.5982328503433
losange,1250.4993342672499,900.7468328445042,681.6448945346189,0.0,1193.6979839700796,1200.6359555396193,1207.0697904404267,822.6861270397343,807.6564150361651,1070.830755947497,978.6796676827963
isoTrapezoid,638.9879365082871,1087.3434535129663,1114.1443693774713,1193.6979839700796,0.0,689.6631600939395,651.4993898100637,1041.1627083609867,1056.6182410607892,750.6779553681063,891.0917331454067
kite,555.4617112880662,922.5835851683577,1065.3055861969783,1200.6359555396193,689.6631600939395,0.0,473.37020816130934,960.2635320850462,962.8748254673435,844.602186471562,963.4057002494222
rightKite,455.36007724442356,903.4434650100294,1003.7891830144204,1207.0697904404267,651.4993898100637,473.37020816130934,0.0,911.8945182852524,905.6543303553067,701.28351550556,980.2150709635856
rustedHinge,886.684579895412,624.6484852178825,758.710188203624,822.6861270397343,1041.1627083609867,960.2635320850462,911.8945182852524,0.0,252.7939084144393,889.6394177247136,898.921567286268
hinge,876.7697459949944,506.04431470125115,666.8863645018428,807.6564150361651,1056.6182410607892,962.8748254673435,905.6543303553067,252.7939084144393,0.0,875.8563386074574,929.6960201618017
trapezoid,690.4222855373048,911.6036610929032,943.8282481939066,1070.830755947497,750.6779553681063,844.602186471562,701.28351550556,889.6394177247136,875.8563386074574,0.0,726.3113445644468
random,923.6561897263044,1034.8459612100335,1050.5982328503433,978.6796676827963,891.0917331454067,963.4057002494222,980.2150709635856,898.921567286268,929.6960201618017,726.3113445644468,0.0
