,square,rectangle,parallelogram,losange,isoTrapezoid,kite,rightKite,rustedHinge,hinge,trapezoid,random
square,0.0,1638.6419072941567,2209.1514520623805,2648.941463573581,1284.3455920136848,1159.126004435491,905.9830721171245,1775.6472013935997,1716.7442125719933,1474.3839930023703,2120.9891147182943
rectangle,1638.6419072941567,0.0,1246.137551995689,2007.5384385027903,2325.13334727159,1857.7494345683822,1785.4453331790896,1518.9885839335684,1196.0492532217872,1845.8755712244827,2513.91960527901
parallelogram,2209.1514520623805,1246.137551995689,0.0,1178.3313814697576,2575.58445664043,2376.7884999195176,2196.9378589593043,1729.3961689559335,1414.3528031140581,1756.4655288750805,2311.307336496842
losange,2648.941463573581,2007.5384385027903,1178.3313814697576,0.0,2745.769390317634,2726.031902374464,2566.3592023801734,1983.0214621158823,1833.9322234526794,1876.1618510468493,1948.6988181326692
isoTrapezoid,1284.3455920136848,2325.13334727159,2575.58445664043,2745.769390317634,0.0,1382.1878214045269,1202.9200074065545,2244.7264241922207,2275.432492060323,1534.061981574812,1878.8928936631728
kite,1159.126004435491,1857.7494345683822,2376.7884999195176,2726.031902374464,1382.1878214045269,0.0,938.9207306148732,2190.477330184562,2162.4218883771764,1970.6282659713454,2429.9168046367413
rightKite,905.9830721171245,1785.4453331790896,2196.9378589593043,2566.3592023801734,1202.9200074065545,938.9207306148732,0.0,2032.9815582702363,1984.7423980477593,1472.136510877592,2187.6580186598608
rustedHinge,1775.6472013935997,1518.9885839335684,1729.3961689559335,1983.0214621158823,2244.7264241922207,2190.477330184562,2032.9815582702363,0.0,531.3585089420667,1794.0927003108357,2054.5999572280575
hinge,1716.7442125719933,1196.0492532217872,1414.3528031140581,1833.9322234526794,2275.432492060323,2162.4218883771764,1984.7423980477593,531.3585089420667,0.0,1695.9361755894254,2095.5999199100306
trapezoid,1474.3839930023703,1845.8755712244827,1756.4655288750805,1876.1618510468493,1534.061981574812,1970.6282659713454,1472.136510877592,1794.0927003108357,1695.9361755894254,0.0,1242.1812413887833
random,2120.9891147182943,2513.91960527901,2311.307336496842,1948.6988181326692,1878.8928936631728,2429.9168046367413,2187.6580186598608,2054.5999572280575,2095.5999199100306,1242.1812413887833,0.0
