,square,rectangle,parallelogram,losange,isoTrapezoid,kite,rightKite,rustedHinge,hinge,trapezoid,random
square,0.0,11.59255466255032,13.828353072373133,16.374624801067814,8.553930608942448,6.958709624298522,5.814626179005398,11.584173402490045,11.480305427530645,8.919956489163098,12.563653955888288
rectangle,11.59255466255032,0.0,7.913071005751269,11.638409735405896,14.434340840028064,11.941855124459611,11.768261107937837,8.518818851586293,6.759329677715899,11.995535131690016,14.582782065148383
parallelogram,13.828353072373133,7.913071005751269,0.0,8.255857996861572,15.383646462811129,14.043124939101936,13.347511426769705,10.20995285383439,8.688367074908024,12.130323110181504,14.355839170545432
losange,16.374624801067814,11.638409735405896,8.255857996861572,0.0,16.17078787852141,16.031704832905543,15.683340177357945,11.390636339201539,10.777249825142121,12.947516752997858,12.71284701455673
isoTrapezoid,8.553930608942448,14.434340840028064,15.383646462811129,16.17078787852141,0.0,8.621127361237022,8.205034858757331,13.922665966402274,14.145858855496709,9.274144644949622,11.099123695140337
kite,6.958709624298522,11.941855124459611,14.043124939101936,16.031704832905543,8.621127361237022,0.0,6.036992270918199,12.930590809704814,12.847758829926208,11.02806015621962,13.373905348914807
rightKite,5.814626179005398,11.768261107937837,13.347511426769705,15.683340177357945,8.205034858757331,6.036992270918199,0.0,12.338335002500667,12.205698497380954,8.677096392531233,12.845992604731336
rustedHinge,11.584173402490045,8.518818851586293,10.20995285383439,11.390636339201539,13.922665966402274,12.930590809704814,12.338335002500667,0.0,3.7823678830464007,11.70294489454323,12.784531267140801
hinge,11.480305427530645,6.759329677715899,8.688367074908024,10.777249825142121,14.145858855496709,12.847758829926208,12.205698497380954,3.7823678830464007,0.0,11.404347476211473,13.006388970652244
trapezoid,8.919956489163098,11.995535131690016,12.130323110181504,12.947516752997858,9.274144644949622,11.02806015621962,8.677096392531233,11.70294489454323,11.404347476211473,0.0,8.971170062303182
random,12.563653955888288,14.582782065148383,14.355839170545432,12.71284701455673,11.099123695140337,13.373905348914807,12.845992604731336,12.784531267140801,13.006388970652244,8.971170062303182,0.0
