,square,rectangle,parallelogram,losange,isoTrapezoid,kite,rightKite,rustedHinge,hinge,trapezoid,random
square,0.0,44.60919798897344,53.02869252393306,57.244863794697295,58.5182094341177,48.9542223497878,50.671105621715625,52.60917817965869,50.26564416071406,54.43562797218021,58.724267245499924
rectangle,44.60919798897344,0.0,45.86397483692727,52.157325372444554,55.6056254050823,49.02532988388181,49.31982734906842,47.70098879699348,44.00641676037118,49.68252881499266,55.62839413504723
parallelogram,53.02869252393306,45.86397483692727,0.0,26.724497835674118,51.31794080102187,44.745074643114194,45.46977624090789,41.34319456450483,39.241389950282326,40.377708848336525,44.69554929550466
losange,57.244863794697295,52.157325372444554,26.724497835674118,0.0,52.99048540335526,47.426288109327174,48.35778708770533,44.48049181736774,43.95500039048857,41.747333307152836,42.3580991296834
isoTrapezoid,58.5182094341177,55.6056254050823,51.31794080102187,52.99048540335526,0.0,37.94401398185428,30.457825621996726,47.0654795480582,47.33350533231165,31.408222986299695,39.42566350132206
kite,48.9542223497878,49.02532988388181,44.745074643114194,47.426288109327174,37.94401398185428,0.0,24.475965459656685,40.48417578568368,40.14848393769223,36.699232614348986,40.69421062804655
rightKite,50.671105621715625,49.31982734906842,45.46977624090789,48.35778708770533,30.457825621996726,24.475965459656685,0.0,40.905574166228114,40.455423043560906,30.923781800568324,39.408208553243206
rustedHinge,52.60917817965869,47.70098879699348,41.34319456450483,44.48049181736774,47.0654795480582,40.48417578568368,40.905574166228114,0.0,19.033481669704408,41.280930521844255,41.48538961330929
hinge,50.26564416071406,44.00641676037118,39.241389950282326,43.95500039048857,47.33350533231165,40.14848393769223,40.455423043560906,19.033481669704408,0.0,40.89477783033887,42.55601141899456
trapezoid,54.43562797218021,49.68252881499266,40.377708848336525,41.747333307152836,31.408222986299695,36.699232614348986,30.923781800568324,41.280930521844255,40.89477783033887,0.0,30.281680048442276
random,58.724267245499924,55.62839413504723,44.69554929550466,42.3580991296834,39.42566350132206,40.69421062804655,39.408208553243206,41.48538961330929,42.55601141899456,30.281680048442276,0.0
