,square,rectangle,parallelogram,losange,isoTrapezoid,kite,rightKite,rustedHinge,hinge,trapezoid,random
square,0.0,25.778435445176857,35.74435293171551,39.039731636587284,37.80608893851417,31.37634573858401,31.244522342475083,33.02177649771365,30.778501234284132,35.499269615342996,38.577369876498096
rectangle,25.778435445176857,0.0,32.884750973754315,37.496197643443274,39.845106636086456,33.699035105535636,34.55151339555847,31.973006175741617,28.305330570803616,35.91506770244006,38.19082613088214
parallelogram,35.74435293171551,32.884750973754315,0.0,21.419236869310353,40.72535839639276,34.87913265331885,36.19848857856006,33.311258957100094,30.687061685269406,33.13169241044864,34.784297983013595
losange,39.039731636587284,37.496197643443274,21.419236869310353,0.0,41.11384794004275,36.22210423493578,37.659470269419515,34.31792904139057,32.92629765396579,34.12313050316672,32.0963510231155
isoTrapezoid,37.80608893851417,39.845106636086456,40.72535839639276,41.11384794004275,0.0,27.333747980426498,25.215390633485306,35.30608184550198,35.00853271711416,26.632063207509212,30.993718693392797
kite,31.37634573858401,33.699035105535636,34.87913265331885,36.22210423493578,27.333747980426498,0.0,17.498289898219063,28.943655921907496,27.96148279581025,30.051907773161904,30.52251416845724
rightKite,31.244522342475083,34.55151339555847,36.19848857856006,37.659470269419515,25.215390633485306,17.498289898219063,0.0,30.111460274035842,29.04986104027672,26.442582264854664,30.917224698488273
rustedHinge,33.02177649771365,31.973006175741617,33.311258957100094,34.31792904139057,35.30608184550198,28.943655921907496,30.111460274035842,0.0,12.33117704755461,33.975445034909754,30.17014727816135
hinge,30.778501234284132,28.305330570803616,30.687061685269406,32.92629765396579,35.00853271711416,27.96148279581025,29.04986104027672,12.33117704755461,0.0,32.20933749328473,30.074154671582342
trapezoid,35.499269615342996,35.91506770244006,33.13169241044864,34.12313050316672,26.632063207509212,30.051907773161904,26.442582264854664,33.975445034909754,32.20933749328473,0.0,24.3764055647908
random,38.577369876498096,38.19082613088214,34.784297983013595,32.0963510231155,30.993718693392797,30.52251416845724,30.917224698488273,30.17014727816135,30.074154671582342,24.3764055647908,0.0
