,square,rectangle,parallelogram,losange,isoTrapezoid,kite,rightKite,rustedHinge,hinge,trapezoid,random
square,0.0,23.02762866109363,26.722674445259887,29.529082189753716,29.942867521707328,25.40211381324432,26.025956158667906,27.29881551963558,25.80053809615042,27.597174459318833,30.815171173114525
rectangle,23.02762866109363,0.0,23.878310005873708,28.57059564009104,29.582545754539197,26.910082843512118,27.164053511658043,26.402467652299507,23.620930450122913,25.988901387345955,30.415874703120146
parallelogram,26.722674445259887,23.878310005873708,0.0,14.985143707318722,27.435091519629946,23.568872939182903,24.334876369377103,23.045151949912363,21.090725194813487,20.872293982716236,24.141390804598846
losange,29.529082189753716,28.57059564009104,14.985143707318722,0.0,29.141574442717133,24.874851796149258,26.331157996140668,24.73033917586814,23.91510080300483,22.892209451703042,23.359485861282213
isoTrapezoid,29.942867521707328,29.582545754539197,27.435091519629946,29.141574442717133,0.0,19.75981944728048,16.60467968221948,25.72233632512841,25.3993039694402,16.14489753423594,20.330092356651882
kite,25.40211381324432,26.910082843512118,23.568872939182903,24.874851796149258,19.75981944728048,0.0,12.832370063764204,21.231495187196536,20.976281804565797,19.312198773417105,20.868156456023026
rightKite,26.025956158667906,27.164053511658043,24.334876369377103,26.331157996140668,16.60467968221948,12.832370063764204,0.0,22.371819348834954,21.793251587060162,16.57490457376854,21.205070944028005
rustedHinge,27.29881551963558,26.402467652299507,23.045151949912363,24.73033917586814,25.72233632512841,21.231495187196536,22.371819348834954,0.0,9.60316230481846,22.54985006311159,21.770958652905662
hinge,25.80053809615042,23.620930450122913,21.090725194813487,23.91510080300483,25.3993039694402,20.976281804565797,21.793251587060162,9.60316230481846,0.0,21.551990409739375,21.998238141154296
trapezoid,27.597174459318833,25.988901387345955,20.872293982716236,22.892209451703042,16.14489753423594,19.312198773417105,16.57490457376854,22.54985006311159,21.551990409739375,0.0,16.044986653049225
random,30.815171173114525,30.415874703120146,24.141390804598846,23.359485861282213,20.330092356651882,20.868156456023026,21.205070944028005,21.770958652905662,21.998238141154296,16.044986653049225,0.0
