,square,rectangle,parallelogram,losange,isoTrapezoid,kite,rightKite,rustedHinge,hinge,trapezoid,random
square,0.0,12.385615119323006,16.024302428217943,19.15404888445181,10.225560726090679,8.5559701431455,7.19457150982662,13.168909807980567,12.623199910943406,11.058669509877202,15.1620489196786
rectangle,12.385615119323006,0.0,10.357995781458387,14.961217849026012,16.523459028045917,13.720208567496085,13.145007896147828,10.61320206450008,8.33354827972184,13.907233360983911,17.66126311070713
parallelogram,16.024302428217943,10.357995781458387,0.0,9.657115567837291,17.923877487048237,16.933194306923276,15.50642654544587,13.184298384276802,11.302022790921233,13.234551902501641,16.621378309841717
losange,19.15404888445181,14.961217849026012,9.657115567837291,0.0,18.967899176873733,19.32990222551971,18.343080148246376,15.015121607454644,14.224986860238417,14.119016463293992,14.724963394004389
isoTrapezoid,10.225560726090679,16.523459028045917,17.923877487048237,18.967899176873733,0.0,10.155997563528768,9.66988158666851,16.345914861845582,16.331793127429542,11.187158269692365,13.102534607511616
kite,8.5559701431455,13.720208567496085,16.933194306923276,19.32990222551971,10.155997563528768,0.0,7.511842943190675,15.25257438193158,15.085645061204477,13.999409603482544,16.650400720517748
rightKite,7.19457150982662,13.145007896147828,15.50642654544587,18.343080148246376,9.66988158666851,7.511842943190675,0.0,14.446074802359082,14.073724807795873,10.64613961273969,15.156020286456036
rustedHinge,13.168909807980567,10.61320206450008,13.184298384276802,15.015121607454644,16.345914861845582,15.25257438193158,14.446074802359082,0.0,4.505098402790752,14.032910152809484,15.595782018312322
hinge,12.623199910943406,8.33354827972184,11.302022790921233,14.224986860238417,16.331793127429542,15.085645061204477,14.073724807795873,4.505098402790752,0.0,13.317700805091906,15.644514476421698
trapezoid,11.058669509877202,13.907233360983911,13.234551902501641,14.119016463293992,11.187158269692365,13.999409603482544,10.64613961273969,14.032910152809484,13.317700805091906,0.0,9.706720125346271
random,15.1620489196786,17.66126311070713,16.621378309841717,14.724963394004389,13.102534607511616,16.650400720517748,15.156020286456036,15.595782018312322,15.644514476421698,9.706720125346271,0.0
