,square,rectangle,parallelogram,losange,isoTrapezoid,kite,rightKite,rustedHinge,hinge,trapezoid,random
square,0.0,33.77463611932444,32.76452261190016,35.47096683530693,32.45588995781371,28.085631877063623,27.852841409383398,33.647903951271225,31.590090413372245,31.22030953223052,33.07952069105083
rectangle,33.77463611932444,0.0,32.77294892001735,36.81028408989856,35.910434300903454,33.06061063006809,34.622231660610844,34.267985305815756,30.297237938738988,31.87781448638233,35.93197892151691
parallelogram,32.76452261190016,32.77294892001735,0.0,19.134877947477975,31.1512912265227,28.003383295523186,28.919173713009663,28.95673739225574,26.53822862635765,25.12048142434054,27.784011421099315
losange,35.47096683530693,36.81028408989856,19.134877947477975,0.0,31.873154830120622,29.47067444764358,30.596740771669335,30.51534408453569,29.707859032193138,26.928735431723595,26.791899639484033
isoTrapezoid,32.45588995781371,35.910434300903454,31.1512912265227,31.873154830120622,0.0,21.6260009160178,20.424570902972473,27.680938653470744,27.67245483050319,20.530509318030177,23.71883742324746
kite,28.085631877063623,33.06061063006809,28.003383295523186,29.47067444764358,21.6260009160178,0.0,15.938469811474407,25.54593706323866,24.407485489276933,22.66125149173551,23.73948146082185
rightKite,27.852841409383398,34.622231660610844,28.919173713009663,30.596740771669335,20.424570902972473,15.938469811474407,0.0,26.94379994085045,26.261007454567302,21.493966254757243,25.388377931647344
rustedHinge,33.647903951271225,34.267985305815756,28.95673739225574,30.51534408453569,27.680938653470744,25.54593706323866,26.94379994085045,0.0,13.707100848293447,27.0261676437304,24.428113672716805
hinge,31.590090413372245,30.297237938738988,26.53822862635765,29.707859032193138,27.67245483050319,24.407485489276933,26.261007454567302,13.707100848293447,0.0,25.678424770768952,24.967751804889605
trapezoid,31.22030953223052,31.87781448638233,25.12048142434054,26.928735431723595,20.530509318030177,22.66125149173551,21.493966254757243,27.0261676437304,25.678424770768952,0.0,20.516244647610666
random,33.07952069105083,35.93197892151691,27.784011421099315,26.791899639484033,23.71883742324746,23.73948146082185,25.388377931647344,24.428113672716805,24.967751804889605,20.516244647610666,0.0
