,square,rectangle,parallelogram,losange,isoTrapezoid,kite,rightKite,rustedHinge,hinge,trapezoid,random
square,0.0,0.005867516364316927,0.00924856907219529,0.013642693211420975,0.00367106283997809,0.0025516669165417394,0.0018293653874180693,0.006785341275952206,0.006349525997025207,0.00438836299368961,0.008691475495784085
rectangle,0.005867516364316927,0.0,0.0035310108161795695,0.008158398018494606,0.0105957003930639,0.00703367273470068,0.0067423912328713476,0.004259785699044394,0.002659392750956391,0.0073130499034529395,0.011790932156939826
parallelogram,0.00924856907219529,0.0035310108161795695,0.0,0.004132643288692894,0.012207711836180524,0.010509696102999455,0.0089960526281887,0.006132239636852721,0.0043851999917734474,0.007170925201103295,0.011045272414749951
losange,0.013642693211420975,0.008158398018494606,0.004132643288692894,0.0,0.013836167007232891,0.014106319676456147,0.012974718424974774,0.007443587500867044,0.006733656699702495,0.008150560447992339,0.00810246562224326
isoTrapezoid,0.00367106283997809,0.0105957003930639,0.012207711836180524,0.013836167007232891,0.0,0.003958116271363887,0.0035420702045123598,0.010546900235966938,0.010613976719208496,0.004684702769493176,0.00720387337555739
kite,0.0025516669165417394,0.00703367273470068,0.010509696102999455,0.014106319676456147,0.003958116271363887,2.220446049250313e-16,0.001937245590235781,0.00934130513240683,0.009042721912599583,0.00704907853473713,0.010721852299860224
rightKite,0.0018293653874180693,0.0067423912328713476,0.0089960526281887,0.012974718424974774,0.0035420702045123598,0.001937245590235781,0.0,0.008502519884385773,0.008070527225858548,0.004317957563122254,0.009506765447749754
rustedHinge,0.006785341275952206,0.004259785699044394,0.006132239636852721,0.007443587500867044,0.010546900235966938,0.00934130513240683,0.008502519884385773,0.0,0.0007317491835324708,0.007525769803687465,0.009077870690315515
hinge,0.006349525997025207,0.002659392750956391,0.0043851999917734474,0.006733656699702495,0.010613976719208496,0.009042721912599583,0.008070527225858548,0.0007317491835324708,0.0,0.006903784012996961,0.009333404935202738
trapezoid,0.00438836299368961,0.0073130499034529395,0.007170925201103295,0.008150560447992339,0.004684702769493176,0.00704907853473713,0.004317957563122254,0.007525769803687465,0.006903784012996961,2.220446049250313e-16,0.004251012846252955
random,0.008691475495784085,0.011790932156939826,0.011045272414749951,0.00810246562224326,0.00720387337555739,0.010721852299860224,0.009506765447749754,0.009077870690315515,0.009333404935202738,0.004251012846252955,0.0
