,square,rectangle,parallelogram,losange,isoTrapezoid,kite,rightKite,rustedHinge,hinge,trapezoid,random
square,1.1102230246251565e-16,0.00998389313905812,0.017070174920528203,0.02357603590588253,0.005579318012844392,0.00403075614228765,0.0024332979735091076,0.010989559571077279,0.010652256999410303,0.006753397696401153,0.015492964643221918
rectangle,0.00998389313905812,0.0,0.004618614002214527,0.013233307412913842,0.019903174100087906,0.012092016339462996,0.011343696344117915,0.007564980743676397,0.004660840859614268,0.01177149031982383,0.023298488580474563
parallelogram,0.017070174920528203,0.004618614002214527,0.0,0.004728108564769795,0.024297019620393545,0.01915539924447729,0.01684277495534592,0.009645854846216384,0.006381692150451257,0.011559396346279893,0.020076239081562086
losange,0.02357603590588253,0.013233307412913842,0.004728108564769795,0.0,0.02623504078366301,0.025297740782747158,0.022343439556528066,0.012726101204649343,0.010716420411221894,0.012064307428690246,0.01340404981635468
isoTrapezoid,0.005579318012844392,0.019903174100087906,0.024297019620393545,0.02623504078366301,0.0,0.0062523215696103085,0.004874471212387599,0.018211114174769727,0.019120707883610755,0.007509474859607512,0.011538443734987691
kite,0.00403075614228765,0.012092016339462996,0.01915539924447729,0.025297740782747158,0.0062523215696103085,0.0,0.0026061239187673557,0.016923098718603424,0.016554304339515435,0.011859432182587115,0.020041505357276
rightKite,0.0024332979735091076,0.011343696344117915,0.01684277495534592,0.022343439556528066,0.004874471212387599,0.0026061239187673557,0.0,0.014664265822025957,0.014194076215469753,0.006634852341444564,0.01621580578398485
rustedHinge,0.010989559571077279,0.007564980743676397,0.009645854846216384,0.012726101204649343,0.018211114174769727,0.016923098718603424,0.014664265822025957,0.0,0.0009293448230778267,0.01100290549192462,0.01619669364983889
hinge,0.010652256999410303,0.004660840859614268,0.006381692150451257,0.010716420411221894,0.019120707883610755,0.016554304339515435,0.014194076215469753,0.0009293448230778267,0.0,0.009993146923130802,0.016754851971812368
trapezoid,0.006753397696401153,0.01177149031982383,0.011559396346279893,0.012064307428690246,0.007509474859607512,0.011859432182587115,0.006634852341444564,0.01100290549192462,0.009993146923130802,1.1102230246251565e-16,0.005616471943780232
random,0.015492964643221918,0.023298488580474563,0.020076239081562086,0.01340404981635468,0.011538443734987691,0.020041505357276,0.01621580578398485,0.01619669364983889,0.016754851971812368,0.005616471943780232,0.0
