,square,rectangle,parallelogram,losange,isoTrapezoid,kite,rightKite,rustedHinge,hinge,trapezoid,random
square,0.0,0.08120817395756297,0.22340037559529902,0.3583643499417357,0.1588962425745033,0.13240249913539281,0.08899642592905621,0.19914200060599552,0.16635553521626,0.15998895504644484,0.2730885848489545
rectangle,0.08120817395756297,0.0,0.17378401481679528,0.33622013186623545,0.2576951655623345,0.1907820776552972,0.1574853330578535,0.19780472110902203,0.148343001952433,0.20782118325586418,0.3269587264009811
parallelogram,0.22340037559529902,0.17378401481679528,0.0,0.12719113170345187,0.2623324692507566,0.2555505855642922,0.21110790683369474,0.2234636202680056,0.1922598665300772,0.14116209190276108,0.23475741908332726
losange,0.3583643499417357,0.33622013186623545,0.12719113170345187,2.220446049250313e-16,0.317463691259088,0.3525496649804909,0.31927157364722947,0.31759289302847415,0.31784737372913874,0.18818882921877067,0.20621997273194037
isoTrapezoid,0.1588962425745033,0.2576951655623345,0.2623324692507566,0.317463691259088,1.1102230246251565e-16,0.12818843831197035,0.09391102730549195,0.22965071713090757,0.22648082452500984,0.11203833189526491,0.16213814002782856
kite,0.13240249913539281,0.1907820776552972,0.2555505855642922,0.3525496649804909,0.12818843831197035,0.0,0.060198879075449185,0.20743464230692754,0.18970920341931163,0.19784120606815114,0.2579190751122469
rightKite,0.08899642592905621,0.1574853330578535,0.21110790683369474,0.31927157364722947,0.09391102730549195,0.060198879075449185,0.0,0.2016076184693798,0.18779799047060386,0.12596366803888837,0.22845359083356598
rustedHinge,0.19914200060599552,0.19780472110902203,0.2234636202680056,0.31759289302847415,0.22965071713090757,0.20743464230692754,0.2016076184693798,0.0,0.022579721436233213,0.2072247529045932,0.22393891249062037
hinge,0.16635553521626,0.148343001952433,0.1922598665300772,0.31784737372913874,0.22648082452500984,0.18970920341931163,0.18779799047060386,0.022579721436233213,0.0,0.19612935731755932,0.22946891999939178
trapezoid,0.15998895504644484,0.20782118325586418,0.14116209190276108,0.18818882921877067,0.11203833189526491,0.19784120606815114,0.12596366803888837,0.2072247529045932,0.19612935731755932,0.0,0.09098346825201598
random,0.2730885848489545,0.3269587264009811,0.23475741908332726,0.20621997273194037,0.16213814002782856,0.2579190751122469,0.22845359083356598,0.22393891249062037,0.22946891999939178,0.09098346825201598,0.0
