,square,rectangle,parallelogram,losange,isoTrapezoid,kite,rightKite,rustedHinge,hinge,trapezoid,random
square,0.0,25.971437145610984,39.968815943228456,49.86568153053127,26.75682379409785,25.617718089343306,21.46352542714013,34.418287513771524,31.422291702611567,31.399714436710536,42.4080702326876
rectangle,25.971437145610984,0.0,29.682276766596992,43.6946735525599,39.555019115170744,33.705020254763035,31.812528452479647,30.52138157443784,24.301687303192104,35.685852997340135,46.842013640369764
parallelogram,39.968815943228456,29.682276766596992,0.0,26.654053399747298,45.41070125930831,45.74812235545447,40.664350376496756,37.40629504790754,31.436570735324604,32.03149779003606,41.44741656646647
losange,49.86568153053127,43.6946735525599,26.654053399747298,0.0,50.12984062429599,53.005978734034954,48.6702049703307,44.255086192396966,41.46690478633518,35.30400478161875,38.239789311525165
isoTrapezoid,26.75682379409785,39.555019115170744,45.41070125930831,50.12984062429599,0.0,27.226722143125897,24.08542762202624,42.92963734939151,41.71345158004446,30.50908944480893,37.2643336021432
kite,25.617718089343306,33.705020254763035,45.74812235545447,53.005978734034954,27.226722143125897,0.0,20.675675252370407,42.2214148221651,41.03916722604793,41.0795321474496,48.02750400034167
rightKite,21.46352542714013,31.812528452479647,40.664350376496756,48.6702049703307,24.08542762202624,20.675675252370407,0.0,40.65658039903558,38.67627753359678,31.083040567972414,42.6040643905013
rustedHinge,34.418287513771524,30.52138157443784,37.40629504790754,44.255086192396966,42.92963734939151,42.2214148221651,40.65658039903558,0.0,12.26167261304959,38.69969654692157,42.75211821511288
hinge,31.422291702611567,24.301687303192104,31.436570735324604,41.46690478633518,41.71345158004446,41.03916722604793,38.67627753359678,12.26167261304959,0.0,35.38345113271009,41.371308670436925
trapezoid,31.399714436710536,35.685852997340135,32.03149779003606,35.30400478161875,30.50908944480893,41.0795321474496,31.083040567972414,38.69969654692157,35.38345113271009,0.0,23.98562709781817
random,42.4080702326876,46.842013640369764,41.44741656646647,38.239789311525165,37.2643336021432,48.02750400034167,42.6040643905013,42.75211821511288,41.371308670436925,23.98562709781817,0.0
