,square,rectangle,parallelogram,losange,isoTrapezoid,kite,rightKite,rustedHinge,hinge,trapezoid,random
square,0.0,48.46972092719527,79.1631245342079,102.09474487625586,56.36430134197209,53.78009502486645,45.82011962157278,70.38317601886342,61.14637194802336,63.745262879897275,87.99946606121834
rectangle,48.46972092719527,0.0,62.65206169083271,94.40618023152477,81.18399405152684,70.55440618087286,66.90230411203238,68.22194906187634,52.57912141348354,74.87076425099877,98.48417459383471
parallelogram,79.1631245342079,62.65206169083271,0.0,53.59157193199331,90.41594524685736,90.77310519185694,82.44877544804957,74.98822658918485,63.25772284811753,64.42182716318852,86.6849945377468
losange,102.09474487625586,94.40618023152477,53.59157193199331,0.0,99.68668086367451,106.51111695338572,99.64875672779117,88.30430515555645,84.52515134071578,71.50247832965609,79.28548422289276
isoTrapezoid,56.36430134197209,81.18399405152684,90.41594524685736,99.68668086367451,0.0,53.745824547157326,47.73183328100686,84.24840903171676,81.18420626439719,57.5916552289556,73.45046216691989
kite,53.78009502486645,70.55440618087286,90.77310519185694,106.51111695338572,53.745824547157326,0.0,38.23585603115469,84.4093856739758,80.91487302271229,79.78020540337393,97.10670553176531
rightKite,45.82011962157278,66.90230411203238,82.44877544804957,99.64875672779117,47.73183328100686,38.23585603115469,0.0,80.39475293425437,76.32581850094338,62.591980905857774,86.11406828369883
rustedHinge,70.38317601886342,68.22194906187634,74.98822658918485,88.30430515555645,84.24840903171676,84.4093856739758,80.39475293425437,0.0,26.963495307066008,74.37148984999567,81.67754953553094
hinge,61.14637194802336,52.57912141348354,63.25772284811753,84.52515134071578,81.18420626439719,80.91487302271229,76.32581850094338,26.963495307066008,0.0,68.155276118892,80.96901140694234
trapezoid,63.745262879897275,74.87076425099877,64.42182716318852,71.50247832965609,57.5916552289556,79.78020540337393,62.591980905857774,74.37148984999567,68.155276118892,0.0,47.61997813335071
random,87.99946606121834,98.48417459383471,86.6849945377468,79.28548422289276,73.45046216691989,97.10670553176531,86.11406828369883,81.67754953553094,80.96901140694234,47.61997813335071,0.0
