,square,rectangle,parallelogram,losange,isoTrapezoid,kite,rightKite,rustedHinge,hinge,trapezoid,random
square,0.0,52.20173940397231,68.42985155167082,83.17458962625291,42.705206472253174,37.07164278888983,30.762609010678567,57.33763214610769,55.05909665172947,47.99586114427378,68.33281722729667
rectangle,52.20173940397231,0.0,43.03963210154807,66.45559741816312,73.19846992347827,59.23383468445966,57.0273171224128,47.40671041838719,37.42217808616884,60.540189946861524,79.72472901334646
parallelogram,68.42985155167082,43.03963210154807,0.0,42.56533442991718,78.75664916427468,73.62067386233828,67.31044985819217,56.52846265426554,47.643298453746745,56.61747930261404,72.95229303893711
losange,83.17458962625291,66.45559741816312,42.56533442991718,0.0,84.06862303506865,85.05006057697925,80.31530828433742,64.60682134598157,61.35520581285139,60.458183965715726,61.55380777662289
isoTrapezoid,42.705206472253174,73.19846992347827,78.75664916427468,84.06862303506865,0.0,44.49350311986011,40.93784934729279,72.8273488422601,72.92904271928434,48.63287982484564,60.22004946110822
kite,37.07164278888983,59.23383468445966,73.62067386233828,85.05006057697925,44.49350311986011,0.0,31.508673137999644,68.89909584267528,67.9904012025366,62.09253470718175,76.38842859381516
rightKite,30.762609010678567,57.0273171224128,67.31044985819217,80.31530828433742,40.93784934729279,31.508673137999644,0.0,65.58611631903328,63.73306583690092,47.00199020084009,69.93144129692605
rustedHinge,57.33763214610769,47.40671041838719,56.52846265426554,64.60682134598157,72.8273488422601,68.89909584267528,65.58611631903328,0.0,18.6144893995564,61.14674488792307,68.83126978928657
hinge,55.05909665172947,37.42217808616884,47.643298453746745,61.35520581285139,72.92904271928434,67.9904012025366,63.73306583690092,18.6144893995564,0.0,58.065389181333224,69.6292959134545
trapezoid,47.99586114427378,60.540189946861524,56.61747930261404,60.458183965715726,48.63287982484564,62.09253470718175,47.00199020084009,61.14674488792307,58.065389181333224,0.0,42.76681691110612
random,68.33281722729667,79.72472901334646,72.95229303893711,61.55380777662289,60.22004946110822,76.38842859381516,69.93144129692605,68.83126978928657,69.6292959134545,42.76681691110612,0.0
