,square,rectangle,parallelogram,losange,isoTrapezoid,kite,rightKite,rustedHinge,hinge,trapezoid,random
square,0.0,12.872029025273187,15.928353420201162,19.13893577422621,10.082313555599105,8.250253594362876,6.871280301578965,13.381437007574538,13.035114928605038,10.909573576303849,15.62063110032566
rectangle,12.872029025273187,0.0,9.740642294099999,14.91523477926989,17.577580768447273,14.208227354418614,13.753101303070748,10.66757667401381,8.35179301486584,14.339490483097638,18.48277739337663
parallelogram,15.928353420201162,9.740642294099999,0.0,9.9165564359164,18.39565014276014,16.910814976212333,15.606481911074274,12.694683307593463,10.7186698812871,13.660029993557536,17.253147213011616
losange,19.13893577422621,14.91523477926989,9.9165564359164,0.0,19.282623545833747,19.351433337543934,18.490839385381566,14.31415432491794,13.646919765184434,14.37819008988514,14.454353662688172
isoTrapezoid,10.082313555599105,17.577580768447273,18.39565014276014,19.282623545833747,0.0,10.288745447863525,9.709878559462744,17.09780479485939,17.265654396447946,11.227907736459693,13.766865839064412
kite,8.250253594362876,14.208227354418614,16.910814976212333,19.351433337543934,10.288745447863525,0.0,7.158643078416443,15.858760664453044,15.71051173452882,13.78284924476859,17.106940281731273
rightKite,6.871280301578965,13.753101303070748,15.606481911074274,18.490839385381566,9.709878559462744,7.158643078416443,0.0,15.031865646232617,14.72504697907768,10.600478874263436,16.027289884350377
rustedHinge,13.381437007574538,10.66757667401381,12.694683307593463,14.31415432491794,17.09780479485939,15.858760664453044,15.031865646232617,0.0,4.288151098106127,14.174860802118754,15.964158543685256
hinge,13.035114928605038,8.35179301486584,10.7186698812871,13.646919765184434,17.265654396447946,15.71051173452882,14.72504697907768,4.288151098106127,0.0,13.648424089958658,16.26587199119315
trapezoid,10.909573576303849,14.339490483097638,13.660029993557536,14.37819008988514,11.227907736459693,13.78284924476859,10.600478874263436,14.174860802118754,13.648424089958658,0.0,10.37411732296859
random,15.62063110032566,18.48277739337663,17.253147213011616,14.454353662688172,13.766865839064412,17.106940281731273,16.027289884350377,15.964158543685256,16.26587199119315,10.37411732296859,0.0
