,square,rectangle,parallelogram,losange,isoTrapezoid,kite,rightKite,rustedHinge,hinge,trapezoid,random
square,0.0,12.569582292001902,16.998462753917675,20.487133600408633,10.062312997936807,9.03918143408808,7.142798691659187,13.614201141329785,13.216763023468548,11.476552063843773,16.293184433165877
rectangle,12.569582292001902,0.0,10.112952238314346,15.63433233650538,17.722530045998923,14.207909641250339,13.51924612219684,11.26245777362421,8.928668351011396,14.314106226531981,19.033035557395262
parallelogram,16.998462753917675,10.112952238314346,0.0,9.282441336551337,19.48784652481796,18.129641748950686,16.6361400502553,13.256539811764545,11.034170684340372,13.547313103096139,17.249788365264003
losange,20.487133600408633,15.63433233650538,9.282441336551337,0.0,20.96930335086714,20.828777967230863,19.70354996878856,15.328592301232579,14.315326442650576,14.767745610395027,14.993128666620317
isoTrapezoid,10.062312997936807,17.722530045998923,19.48784652481796,20.96930335086714,0.0,10.753565835051585,9.497608195297497,17.25589807073506,17.47362952058208,11.85285722663563,14.446921580891631
kite,9.03918143408808,14.207909641250339,18.129641748950686,20.828777967230863,10.753565835051585,0.0,7.471066130723371,16.411223167223586,16.265508400593102,15.101070088895638,18.361625323664075
rightKite,7.142798691659187,13.51924612219684,16.6361400502553,19.70354996878856,9.497608195297497,7.471066130723371,0.0,15.454780789883612,15.075401454342375,11.352076968225232,16.65447275529174
rustedHinge,13.614201141329785,11.26245777362421,13.256539811764545,15.328592301232579,17.25589807073506,16.411223167223586,15.454780789883612,0.0,4.265808302759236,14.174735888796794,16.014893533031856
hinge,13.216763023468548,8.928668351011396,11.034170684340372,14.315326442650576,17.47362952058208,16.265508400593102,15.075401454342375,4.265808302759236,0.0,13.474830334916279,16.224032751773713
trapezoid,11.476552063843773,14.314106226531981,13.547313103096139,14.767745610395027,11.85285722663563,15.101070088895638,11.352076968225232,14.174735888796794,13.474830334916279,0.0,9.703119585115743
random,16.293184433165877,19.033035557395262,17.249788365264003,14.993128666620317,14.446921580891631,18.361625323664075,16.65447275529174,16.014893533031856,16.224032751773713,9.703119585115743,0.0
