,square,rectangle,parallelogram,losange,isoTrapezoid,kite,rightKite,rustedHinge,hinge,trapezoid,random
square,0.0,314.28658397311324,662.4481030897252,744.5074181689063,327.44810095300664,369.3932929330008,315.86634143318275,494.7470678824515,495.6840213592139,456.1218970650578,542.2488549699816
rectangle,314.28658397311324,0.0,517.8280729870056,635.5809048656091,491.1956681537494,431.3074899456712,435.22844939054664,457.5201630992153,422.5116769884645,488.19432085514774,610.1912463309025
parallelogram,662.4481030897252,517.8280729870056,0.0,249.79680329842864,677.7871766665895,638.5706794565227,689.724884640768,487.06706768189036,448.09487701727835,494.72935135729625,638.6073421459932
losange,744.5074181689063,635.5809048656091,249.79680329842864,0.0,727.9933898356509,724.5661032335175,762.5072969980232,566.821952874216,526.0251533827651,521.5935283775814,596.1514825432399
isoTrapezoid,327.44810095300664,491.1956681537494,677.7871766665895,727.9933898356509,0.0,344.7395863583368,287.9553213399645,514.9930449698023,534.6371163929864,344.44770399779276,437.8795769300083
kite,369.3932929330008,431.3074899456712,638.5706794565227,724.5661032335175,344.7395863583368,0.0,212.46693899296147,506.39262828415343,511.2629560057945,455.5903575380114,556.9728620079645
rightKite,315.86634143318275,435.22844939054664,689.724884640768,762.5072969980232,287.9553213399645,212.46693899296147,0.0,502.8210470439469,522.8350350491139,421.23828635732514,511.26341492577296
rustedHinge,494.7470678824515,457.5201630992153,487.06706768189036,566.821952874216,514.9930449698023,506.39262828415343,502.8210470439469,0.0,154.9532744538618,469.98245077963537,517.4079503386316
hinge,495.6840213592139,422.5116769884645,448.09487701727835,526.0251533827651,534.6371163929864,511.2629560057945,522.8350350491139,154.9532744538618,0.0,475.0329059247318,504.16964967850186
trapezoid,456.1218970650578,488.19432085514774,494.72935135729625,521.5935283775814,344.44770399779276,455.5903575380114,421.23828635732514,469.98245077963537,475.0329059247318,0.0,340.9432488594923
random,542.2488549699816,610.1912463309025,638.6073421459932,596.1514825432399,437.8795769300083,556.9728620079645,511.26341492577296,517.4079503386316,504.16964967850186,340.9432488594923,0.0
