,square,rectangle,parallelogram,losange,isoTrapezoid,kite,rightKite,rustedHinge,hinge,trapezoid,random
square,0.0,44.83845191746394,61.02303522271361,73.37864988061189,39.60655113342668,33.64028735903788,28.48404345412402,51.55578797099045,48.38008939359052,42.547880922494876,59.380307573693
rectangle,44.83845191746394,0.0,40.61684599970697,62.07570526384125,68.79547445714736,52.997122153319935,50.66833098030299,43.90340768589605,34.3242733934501,53.99434219175301,73.13963283841007
parallelogram,61.02303522271361,40.61684599970697,0.0,36.79763423343004,73.12462964667635,66.41941180554166,60.18531750373801,53.01919366622097,44.924923614385975,49.30149132180013,66.17762931919263
losange,73.37864988061189,62.07570526384125,36.79763423343004,0.0,76.3723313257028,75.69457409327461,70.41835927015683,61.46034712354981,58.00645315009185,51.886020607556524,57.1824475627592
isoTrapezoid,39.60655113342668,68.79547445714736,73.12462964667635,76.3723313257028,0.0,40.07930376274361,37.28654830387509,68.57337899994322,68.22748352332191,44.503388686327135,52.3545390174352
kite,33.64028735903788,52.997122153319935,66.41941180554166,75.69457409327461,40.07930376274361,0.0,28.332443161923916,61.955761136356244,60.480814086752204,54.51051346470296,66.37272656778124
rightKite,28.48404345412402,50.66833098030299,60.18531750373801,70.41835927015683,37.28654830387509,28.332443161923916,0.0,59.105483176910035,56.8783444210724,40.41572863478262,59.826023082653954
rustedHinge,51.55578797099045,43.90340768589605,53.01919366622097,61.46034712354981,68.57337899994322,61.955761136356244,59.105483176910035,0.0,17.02776402365301,56.67646082038303,64.9153585627282
hinge,48.38008939359052,34.3242733934501,44.924923614385975,58.00645315009185,68.22748352332191,60.480814086752204,56.8783444210724,17.02776402365301,0.0,53.114377532132465,64.70963489506349
trapezoid,42.547880922494876,53.99434219175301,49.30149132180013,51.886020607556524,44.503388686327135,54.51051346470296,40.41572863478262,56.67646082038303,53.114377532132465,0.0,36.29866703328647
random,59.380307573693,73.13963283841007,66.17762931919263,57.1824475627592,52.3545390174352,66.37272656778124,59.826023082653954,64.9153585627282,64.70963489506349,36.29866703328647,0.0
