,square,rectangle,parallelogram,losange,isoTrapezoid,kite,rightKite,rustedHinge,hinge,trapezoid,random
square,0.0,188.93479297651308,300.9384988290366,360.5020473340343,225.3142982163865,196.35618677519918,202.5732776970429,280.65535225196686,252.7633003630401,229.45907514639853,326.82449587385275
rectangle,188.93479297651308,0.0,198.5708717990527,281.9081850329408,315.43234515911496,263.52992235651874,262.1524800240849,242.6580982334896,217.7296819046931,238.28393944848727,339.66094007349363
parallelogram,300.9384988290366,198.5708717990527,0.0,143.44886365994782,357.1756509289132,320.3848343881355,315.8093551042781,237.35169206921702,228.30980582634544,244.69251161227928,313.81172812839145
losange,360.5020473340343,281.9081850329408,143.44886365994782,0.0,383.223981641708,358.1574297288053,352.4682105689183,266.65873068610665,266.9500304855115,256.91232052396845,288.9867622623893
isoTrapezoid,225.3142982163865,315.43234515911496,357.1756509289132,383.223981641708,0.0,164.4730244122313,160.31830687252562,320.53778160021875,306.6627255768948,203.47988939022926,265.75824173785054
kite,196.35618677519918,263.52992235651874,320.3848343881355,358.1574297288053,164.4730244122313,0.0,99.66692205515464,273.83522163668727,250.55906442669132,208.29061801846711,282.80021151410546
rightKite,202.5732776970429,262.1524800240849,315.8093551042781,352.4682105689183,160.31830687252562,99.66692205515464,0.0,266.5022835952864,246.08472526180395,176.4639280632117,264.61151959303965
rustedHinge,280.65535225196686,242.6580982334896,237.35169206921702,266.65873068610665,320.53778160021875,273.83522163668727,266.5022835952864,0.0,87.86024271382357,253.29329486645025,297.63129181296125
hinge,252.7633003630401,217.7296819046931,228.30980582634544,266.9500304855115,306.6627255768948,250.55906442669132,246.08472526180395,87.86024271382357,0.0,237.18649729822644,284.82422554003443
trapezoid,229.45907514639853,238.28393944848727,244.69251161227928,256.91232052396845,203.47988939022926,208.29061801846711,176.4639280632117,253.29329486645025,237.18649729822644,0.0,178.1342731724074
random,326.82449587385275,339.66094007349363,313.81172812839145,288.9867622623893,265.75824173785054,282.80021151410546,264.61151959303965,297.63129181296125,284.82422554003443,178.1342731724074,0.0
