,square,rectangle,parallelogram,losange,isoTrapezoid,kite,rightKite,rustedHinge,hinge,trapezoid,random
square,0.0,45.69793701475701,57.115144106409986,68.49100709088574,36.81798045719164,31.57576364374366,26.454795002323078,49.450965365690266,47.60066621531031,39.678539182569864,55.746845463293475
rectangle,45.69793701475701,0.0,36.73609818063295,56.070286448646556,67.12635171006485,51.5866482873759,49.99590524573635,40.188326233371754,31.492383531722467,51.98352036591624,68.58865372569313
parallelogram,57.115144106409986,36.73609818063295,0.0,36.82631734269744,69.08646034429353,61.93337915650527,56.49684802909259,47.77895562884906,40.42656271369861,47.482568377970274,62.82959182721455
losange,68.49100709088574,56.070286448646556,36.82631734269744,0.0,72.06620293138452,70.09742319518973,66.29806636310315,53.69121570961292,51.12958687370895,50.02491529457203,53.311387898487155
isoTrapezoid,36.81798045719164,67.12635171006485,69.08646034429353,72.06620293138452,0.0,38.920885301626896,36.28235791617308,65.64757256802007,66.06662715205722,42.830832937563315,51.49894989532935
kite,31.57576364374366,51.5866482873759,61.93337915650527,70.09742319518973,38.920885301626896,0.0,26.834457293336605,59.07110979336116,58.240105338762454,50.93222345518094,62.54172096547968
rightKite,26.454795002323078,49.99590524573635,56.49684802909259,66.29806636310315,36.28235791617308,26.834457293336605,0.0,56.19227374226896,54.754236791387534,38.94625917588823,58.228824163878826
rustedHinge,49.450965365690266,40.188326233371754,47.77895562884906,53.69121570961292,65.64757256802007,59.07110979336116,56.19227374226896,0.0,15.714991004759204,52.798665252410984,59.79631103248203
hinge,47.60066621531031,31.492383531722467,40.42656271369861,51.12958687370895,66.06662715205722,58.240105338762454,54.754236791387534,15.714991004759204,0.0,50.29973915918819,60.455622335835024
trapezoid,39.678539182569864,51.98352036591624,47.482568377970274,50.02491529457203,42.830832937563315,50.93222345518094,38.94625917588823,52.798665252410984,50.29973915918819,0.0,36.553807889537964
random,55.746845463293475,68.58865372569313,62.82959182721455,53.311387898487155,51.49894989532935,62.54172096547968,58.228824163878826,59.79631103248203,60.455622335835024,36.553807889537964,0.0
