,square,rectangle,parallelogram,losange,isoTrapezoid,kite,rightKite,rustedHinge,hinge,trapezoid,random
square,0.0,231.56298989014556,400.4381641104666,504.76241364211864,396.80521680883794,356.87936394161954,365.36976736375254,425.1880441001175,389.7513570473346,386.38862365560897,516.0992173303244
rectangle,231.56298989014556,0.0,331.5332514455386,462.58667501988987,475.0793053336123,420.25797622067455,427.9421869221377,419.90763211044055,384.829536276366,412.58739201042266,546.4773958517349
parallelogram,400.4381641104666,331.5332514455386,0.0,220.51124289420432,461.02376667323915,421.897423084719,435.35599904443865,357.7801186598435,359.1855845421973,330.7354303115663,442.1243353937286
losange,504.76241364211864,462.58667501988987,220.51124289420432,0.0,486.3185375108605,466.61838119302433,477.9881502809574,388.85089072189214,409.0773189202257,339.2108829005194,397.6407828011258
isoTrapezoid,396.80521680883794,475.0793053336123,461.02376667323915,486.3185375108605,0.0,258.95361634618837,247.87375855883528,408.69411076414224,418.82904786453275,266.20270937314945,357.0391312369095
kite,356.87936394161954,420.25797622067455,421.897423084719,466.61838119302433,258.95361634618837,0.0,153.3382936248139,347.9992848827879,324.9894125280768,286.02508530740613,360.56773727754296
rightKite,365.36976736375254,427.9421869221377,435.35599904443865,477.9881502809574,247.87375855883528,153.3382936248139,0.0,342.9580711834996,325.75708806434017,267.136001681255,355.841704516959
rustedHinge,425.1880441001175,419.90763211044055,357.7801186598435,388.85089072189214,408.69411076414224,347.9992848827879,342.9580711834996,0.0,147.0982312123731,346.3193693396039,380.8165731756749
hinge,389.7513570473346,384.829536276366,359.1855845421973,409.0773189202257,418.82904786453275,324.9894125280768,325.75708806434017,147.0982312123731,0.0,351.560270170057,386.54162729037745
trapezoid,386.38862365560897,412.58739201042266,330.7354303115663,339.2108829005194,266.20270937314945,286.02508530740613,267.136001681255,346.3193693396039,351.560270170057,0.0,260.18327562086125
random,516.0992173303244,546.4773958517349,442.1243353937286,397.6407828011258,357.0391312369095,360.56773727754296,355.841704516959,380.8165731756749,386.54162729037745,260.18327562086125,0.0
