,square,rectangle,parallelogram,losange,isoTrapezoid,kite,rightKite,rustedHinge,hinge,trapezoid,random
square,0.0,57.249396319620125,68.32135472601995,82.19477085693592,45.43719440001235,38.07482568344141,32.01668371942578,60.31812139796645,58.61792001953545,47.810475078165254,66.76059094069304
rectangle,57.249396319620125,0.0,44.684061871374425,66.34771694405009,81.48240243547126,63.30232927805144,61.6606032915535,47.08910057224678,37.13210344268164,63.56402128803795,81.3332839762059
parallelogram,68.32135472601995,44.684061871374425,0.0,46.17142684521161,81.91542417323838,73.71440580903231,67.2746066312827,56.82383288676909,48.71180394890869,59.15694134764902,75.61445387308342
losange,82.19477085693592,66.34771694405009,46.17142684521161,0.0,85.57482070699949,83.54859104454472,79.8225253078783,62.7782644216494,60.318486231744004,62.64506556700737,64.98611578714603
isoTrapezoid,45.43719440001235,81.48240243547126,81.91542417323838,85.57482070699949,0.0,48.05595506081184,45.59862730633106,79.45497445327224,80.10015784836101,52.35562724920746,62.79206961907569
kite,38.07482568344141,63.30232927805144,73.71440580903231,83.54859104454472,48.05595506081184,0.0,32.71799156902266,71.14772778642686,70.41034956190114,60.482249965013004,73.87848742095967
rightKite,32.01668371942578,61.6606032915535,67.2746066312827,79.8225253078783,45.59862730633106,32.71799156902266,0.0,67.71637642549958,66.2910749590873,47.14788523981649,70.26486778147702
rustedHinge,60.31812139796645,47.08910057224678,56.82383288676909,62.7782644216494,79.45497445327224,71.14772778642686,67.71637642549958,0.0,18.962023126708385,64.26297898441292,71.80846104972179
hinge,58.61792001953545,37.13210344268164,48.71180394890869,60.318486231744004,80.10015784836101,70.41034956190114,66.2910749590873,18.962023126708385,0.0,61.66642408020277,72.69011281904879
trapezoid,47.810475078165254,63.56402128803795,59.15694134764902,62.64506556700737,52.35562724920746,60.482249965013004,47.14788523981649,64.26297898441292,61.66642408020277,0.0,46.82205557260008
random,66.76059094069304,81.3332839762059,75.61445387308342,64.98611578714603,62.79206961907569,73.87848742095967,70.26486778147702,71.80846104972179,72.69011281904879,46.82205557260008,0.0
