,square,rectangle,parallelogram,losange,isoTrapezoid,kite,rightKite,rustedHinge,hinge,trapezoid,random
square,0.0,55.71565537646144,62.96598227662474,75.23165498910788,43.07595629176221,34.18393298468877,27.66739423586266,55.66477491646395,55.3218181848383,43.25283129634051,60.82600283395936
rectangle,55.71565537646144,0.0,39.95315813442088,58.63641475737303,76.82794695914157,59.687177621923716,57.86282895984543,41.06128642290814,32.55973965497523,58.637288627083464,74.39191188415997
parallelogram,62.96598227662474,39.95315813442088,0.0,40.728305374033944,75.26601563759283,65.68894117749238,61.04375367921967,48.758917440442545,42.76834880829037,56.32129373149838,69.87349402249372
losange,75.23165498910788,58.63641475737303,40.728305374033944,0.0,77.77687812596234,74.1680048440241,72.13748139176487,54.60143226979881,53.178712177974695,59.65610138844559,60.60144031145312
isoTrapezoid,43.07595629176221,76.82794695914157,75.26601563759283,77.77687812596234,0.0,44.64955734396389,42.637720021197154,72.60708503636194,74.34746164479179,48.5867386207052,57.148414144715034
kite,34.18393298468877,59.687177621923716,65.68894117749238,74.1680048440241,44.64955734396389,0.0,29.337393670753592,64.2865600883102,64.23141098881834,52.45519783484819,64.4231564197779
rightKite,27.66739423586266,57.86282895984543,61.04375367921967,72.13748139176487,42.637720021197154,29.337393670753592,0.0,60.21965574854883,59.857983736912466,41.728953802033494,62.73200556807878
rustedHinge,55.66477491646395,41.06128642290814,48.758917440442545,54.60143226979881,72.60708503636194,64.2865600883102,60.21965574854883,0.0,17.41259386319082,56.849302011265166,65.07291995931479
hinge,55.3218181848383,32.55973965497523,42.76834880829037,53.178712177974695,74.34746164479179,64.23141098881834,59.857983736912466,17.41259386319082,0.0,55.92865927934598,66.93455934827576
trapezoid,43.25283129634051,58.637288627083464,56.32129373149838,59.65610138844559,48.5867386207052,52.45519783484819,41.728953802033494,56.849302011265166,55.92865927934598,0.0,45.30925558625803
random,60.82600283395936,74.39191188415997,69.87349402249372,60.60144031145312,57.148414144715034,64.4231564197779,62.73200556807878,65.07291995931479,66.93455934827576,45.30925558625803,0.0
