,square,rectangle,parallelogram,losange,isoTrapezoid,kite,rightKite,rustedHinge,hinge,trapezoid,random
square,0.0,166.76481169652067,264.4570538457665,308.4993953230486,169.45743801372242,142.37437981467042,147.34694919468188,229.42027015786795,202.96543057882084,177.20534670753293,264.79360205353044
rectangle,166.76481169652067,0.0,158.9302011426902,223.08141538967521,266.5303005286406,214.9064150303462,210.03970343838378,183.46570156774257,160.39584464757942,183.50484175369536,274.5086965732322
parallelogram,264.4570538457665,158.9302011426902,0.0,114.48391762095278,321.7409824068181,281.5363258674298,276.4104314844519,193.05989853181313,181.8947346005057,212.96164468035823,269.6771712678926
losange,308.4993953230486,223.08141538967521,114.48391762095278,0.0,347.00763444749145,315.37383467391066,309.52156176288895,218.96733866569903,213.96832677474538,226.09567653811553,251.51866424797743
isoTrapezoid,169.45743801372242,266.5303005286406,321.7409824068181,347.00763444749145,0.0,134.0439830782963,131.92469126286952,283.321810425557,265.3474251603308,180.21151823492576,231.82641071706945
kite,142.37437981467042,214.9064150303462,281.5363258674298,315.37383467391066,134.0439830782963,0.0,78.79804211434748,235.48344650098102,211.54592569785424,173.39439709708364,242.4242287344145
rightKite,147.34694919468188,210.03970343838378,276.4104314844519,309.52156176288895,131.92469126286952,78.79804211434748,0.0,229.68963328597906,208.78340213090817,144.02665727374253,226.80697794333173
rustedHinge,229.42027015786795,183.46570156774257,193.05989853181313,218.96733866569903,283.321810425557,235.48344650098102,229.68963328597906,0.0,68.39920438438834,212.596184502847,258.5768008664757
hinge,202.96543057882084,160.39584464757942,181.8947346005057,213.96832677474538,265.3474251603308,211.54592569785424,208.78340213090817,68.39920438438834,0.0,192.50893389182028,242.862308685299
trapezoid,177.20534670753293,183.50484175369536,212.96164468035823,226.09567653811553,180.21151823492576,173.39439709708364,144.02665727374253,212.596184502847,192.50893389182028,0.0,149.05023648348592
random,264.79360205353044,274.5086965732322,269.6771712678926,251.51866424797743,231.82641071706945,242.4242287344145,226.80697794333173,258.5768008664757,242.862308685299,149.05023648348592,0.0
