,square,rectangle,parallelogram,losange,isoTrapezoid,kite,rightKite,rustedHinge,hinge,trapezoid,random
square,0.0,218.41193001599754,356.76791681307225,432.0295038343251,321.7837176116465,282.7571016838092,290.4731950129013,353.3307467877802,322.9190553599134,310.0339292926199,415.5288235826524
rectangle,218.41193001599754,0.0,270.74355936897035,371.3255750289802,403.20422350992004,345.9383282494466,350.275320072501,332.84141808075015,304.22114373531394,328.1785375593596,440.0112892535614
parallelogram,356.76791681307225,270.74355936897035,0.0,185.67010696256693,413.6971310151337,379.0219237065979,380.790401354024,299.5718172276356,299.72694335788754,292.15929869912145,379.4360272422337
losange,432.0295038343251,371.3255750289802,185.67010696256693,0.0,436.03996688879937,417.69266260582367,417.26508403677667,326.7456232454563,340.38596108710385,301.7983666386874,345.6180085667629
isoTrapezoid,321.7837176116465,403.20422350992004,413.6971310151337,436.03996688879937,0.0,222.48967397210498,214.88302900366799,370.81171617611386,370.30528885206337,243.21773096717175,313.80369094407234
kite,282.7571016838092,345.9383282494466,379.0219237065979,417.69266260582367,222.48967397210498,0.0,140.66044779058714,324.990001374078,304.005910890058,263.89847770198963,335.28232200141866
rightKite,290.4731950129013,350.275320072501,380.790401354024,417.26508403677667,214.88302900366799,140.66044779058714,0.0,318.1283609927778,300.2681747030276,232.17122572481512,317.4773182588842
rustedHinge,353.3307467877802,332.84141808075015,299.5718172276356,326.7456232454563,370.81171617611386,324.990001374078,318.1283609927778,0.0,125.21014519335348,305.5234353080179,345.460505625795
hinge,322.9190553599134,304.22114373531394,299.72694335788754,340.38596108710385,370.30528885206337,304.005910890058,300.2681747030276,125.21014519335348,0.0,301.6619595791279,342.8314964740442
trapezoid,310.0339292926199,328.1785375593596,292.15929869912145,301.7983666386874,243.21773096717175,263.89847770198963,232.17122572481512,305.5234353080179,301.6619595791279,0.0,222.06530418614648
random,415.5288235826524,440.0112892535614,379.4360272422337,345.6180085667629,313.80369094407234,335.28232200141866,317.4773182588842,345.460505625795,342.8314964740442,222.06530418614648,0.0
