,square,rectangle,parallelogram,losange,isoTrapezoid,kite,rightKite,rustedHinge,hinge,trapezoid,random
square,0.0,44.950077954428586,63.263138132412614,76.34861226312302,40.885256035997266,36.82188547150317,31.743001920936514,53.98780407344541,50.45892291392777,44.85843797120504,62.85194282110581
rectangle,44.950077954428586,0.0,42.1693411048808,64.17175439761387,69.06038084666135,54.392633719167584,52.219123894365964,46.79239201493138,37.30685707633292,55.071256974334744,75.07733700958492
parallelogram,63.263138132412614,42.1693411048808,0.0,36.95572999608253,75.26410435514184,69.37256980026774,63.217745386127824,55.75578834491806,47.32606033290808,50.941501390092256,67.7662473802325
losange,76.34861226312302,64.17175439761387,36.95572999608253,0.0,79.69541378016086,79.45487486165753,73.7564999963641,64.78484688795635,60.634843850339124,53.9868377989436,59.788831208803074
isoTrapezoid,40.885256035997266,69.06038084666135,75.26410435514184,79.69541378016086,0.0,41.79999182921824,38.35202790882233,70.02657723072032,69.2413668121617,45.883676447689965,54.90873243513361
kite,36.82188547150317,54.392633719167584,69.37256980026774,79.45487486165753,41.79999182921824,0.0,29.25583494844411,64.92411659295543,63.01584308775684,57.60271400507544,70.19213215234954
rightKite,31.743001920936514,52.219123894365964,63.217745386127824,73.7564999963641,38.35202790882233,29.25583494844411,0.0,61.710881087417306,59.22342225481838,42.80486187116065,62.324875974271464
rustedHinge,53.98780407344541,46.79239201493138,55.75578834491806,64.78484688795635,70.02657723072032,64.92411659295543,61.710881087417306,0.0,17.955974112980147,58.780218519833376,66.93867016237178
hinge,50.45892291392777,37.30685707633292,47.32606033290808,60.634843850339124,69.2413668121617,63.01584308775684,59.22342225481838,17.955974112980147,0.0,54.64420730556229,65.8875098685625
trapezoid,44.85843797120504,55.071256974334744,50.941501390092256,53.9868377989436,45.883676447689965,57.60271400507544,42.80486187116065,58.780218519833376,54.64420730556229,0.0,37.02297614599721
random,62.85194282110581,75.07733700958492,67.7662473802325,59.788831208803074,54.90873243513361,70.19213215234954,62.324875974271464,66.93867016237178,65.8875098685625,37.02297614599721,0.0
