,square,rectangle,parallelogram,losange,isoTrapezoid,kite,rightKite,rustedHinge,hinge,trapezoid,random
square,0.0,301.4773034419545,507.9788925116406,616.7045410842459,448.2919700798019,425.5737758147756,419.74679221894263,526.5431782517861,470.8377188407397,453.4549872366964,592.0873200504509
rectangle,301.4773034419545,0.0,402.9837652056043,561.8754960134962,571.2710187510116,501.84331721353084,504.32506773730347,517.8635699709083,438.50174320371644,506.0430994497317,655.9182273020087
parallelogram,507.9788925116406,402.9837652056043,0.0,284.38417850159095,550.2933393983426,530.0395365320604,513.5387620948303,504.37443958407374,455.7698148329942,392.38939818285616,544.658394863556
losange,616.7045410842459,561.8754960134962,284.38417850159095,0.0,580.6881717508072,588.925333400606,564.5023925724264,537.9981988236358,518.6583573441859,407.9112564226421,488.5373576539324
isoTrapezoid,448.2919700798019,571.2710187510116,550.2933393983426,580.6881717508072,0.0,345.6747033299338,321.6434393515011,536.2792687094887,529.8191154587729,328.49036203228314,421.54489906705106
kite,425.5737758147756,501.84331721353084,530.0395365320604,588.925333400606,345.6747033299338,0.0,223.4189454475724,486.36663251465734,467.76323872066126,447.7743558752755,514.4865200223153
rightKite,419.74679221894263,504.32506773730347,513.5387620948303,564.5023925724264,321.6434393515011,223.4189454475724,0.0,454.4089767542119,439.41768840537287,372.28247787763576,468.9355217786358
rustedHinge,526.5431782517861,517.8635699709083,504.37443958407374,537.9981988236358,536.2792687094887,486.36663251465734,454.4089767542119,0.0,156.6403974648153,499.354480956996,490.97965651353945
hinge,470.8377188407397,438.50174320371644,455.7698148329942,518.6583573441859,529.8191154587729,467.76323872066126,439.41768840537287,156.6403974648153,0.0,474.9774680980812,489.9130331587804
trapezoid,453.4549872366964,506.0430994497317,392.38939818285616,407.9112564226421,328.49036203228314,447.7743558752755,372.28247787763576,499.354480956996,474.9774680980812,0.0,324.8647727314322
random,592.0873200504509,655.9182273020087,544.658394863556,488.5373576539324,421.54489906705106,514.4865200223153,468.9355217786358,490.97965651353945,489.9130331587804,324.8647727314322,0.0
