,square,rectangle,parallelogram,losange,isoTrapezoid,kite,rightKite,rustedHinge,hinge,trapezoid,random
square,0.0,64.9247832324493,76.50427277264002,89.96177765349799,50.53109445223137,41.17507335210902,34.811657543380285,65.33516409212554,64.82131808337454,50.94740390329992,72.55495935821415
rectangle,64.9247832324493,0.0,45.82629820346442,69.18016879550196,88.51166013807223,69.6008538485564,67.43265658499583,50.77114288026822,40.80396169688165,68.50697909515378,88.63380880811437
parallelogram,76.50427277264002,45.82629820346442,0.0,46.33625429581405,90.45355282671767,79.76908907549091,74.72638394389297,58.88308573793167,50.56533338414561,66.4299835615193,82.79214829097198
losange,89.96177765349799,69.18016879550196,46.33625429581405,0.0,93.32119301914773,90.26620827818135,86.68520715059293,65.97931602438001,62.84819982114122,69.00408923485661,70.40463914055154
isoTrapezoid,50.53109445223137,88.51166013807223,90.45355282671767,93.32119301914773,0.0,51.95917501775469,48.534413081298986,83.95288165021178,85.92047614324936,56.012327632632044,66.16661659039379
kite,41.17507335210902,69.6008538485564,79.76908907549091,90.26620827818135,51.95917501775469,0.0,34.98632729536984,76.82992345160999,76.51531796730694,63.64944245871672,78.96929653388219
rightKite,34.811657543380285,67.43265658499583,74.72638394389297,86.68520715059293,48.534413081298986,34.98632729536984,0.0,71.86048600172923,71.25155354631919,50.086151388885916,74.64301197180126
rustedHinge,65.33516409212554,50.77114288026822,58.88308573793167,65.97931602438001,83.95288165021178,76.82992345160999,71.86048600172923,0.0,22.279865873762187,66.18535028653233,76.51832117491813
hinge,64.82131808337454,40.80396169688165,50.56533338414561,62.84819982114122,85.92047614324936,76.51531796730694,71.25155354631919,22.279865873762187,0.0,64.52935377858822,78.17541209566994
trapezoid,50.94740390329992,68.50697909515378,66.4299835615193,69.00408923485661,56.012327632632044,63.64944245871672,50.086151388885916,66.18535028653233,64.52935377858822,0.0,50.40635497014779
random,72.55495935821415,88.63380880811437,82.79214829097198,70.40463914055154,66.16661659039379,78.96929653388219,74.64301197180126,76.51832117491813,78.17541209566994,50.40635497014779,0.0
