,square,rectangle,parallelogram,losange,isoTrapezoid,kite,rightKite,rustedHinge,hinge,trapezoid,random
square,0.0,68.48911471638317,140.27674179569183,150.89108311935104,191.65626496107748,183.0017659576218,180.91004973795276,191.48311122058558,179.97088089435434,172.78430921991804,197.83006281293075
rectangle,68.48911471638317,0.0,132.94170692661075,149.4860348277805,196.84848564582808,183.13310980517096,183.72403326892407,189.3426149563451,175.12902964936833,173.26692422050422,199.5548686047755
parallelogram,140.27674179569183,132.94170692661075,0.0,56.618900683930136,175.71967744712586,157.15795811407907,165.15945023786327,169.70447377068615,158.1396096353895,119.48966968231083,154.85694277106413
losange,150.89108311935104,149.4860348277805,56.618900683930136,0.0,173.28641832045054,159.1146203488867,164.47636460430817,165.68655349963032,156.76639663785383,115.08614458673036,141.37417716305595
isoTrapezoid,191.65626496107748,196.84848564582808,175.71967744712586,173.28641832045054,0.0,112.79200627072899,107.10903610944584,161.1923079361014,153.89056962828857,115.50471741711658,130.68674068270877
kite,183.0017659576218,183.13310980517096,157.15795811407907,159.1146203488867,112.79200627072899,0.0,65.05285599768715,128.0368147768761,111.19692029284175,116.1881583985948,116.76933037827318
rightKite,180.91004973795276,183.72403326892407,165.15945023786327,164.47636460430817,107.10903610944584,65.05285599768715,0.0,111.23865986399511,99.77089700631386,122.37727781257394,116.50224613122387
rustedHinge,191.48311122058558,189.3426149563451,169.70447377068615,165.68655349963032,161.1923079361014,128.0368147768761,111.23865986399511,0.0,53.75139319149108,148.0000345192949,129.71640924847256
hinge,179.97088089435434,175.12902964936833,158.1396096353895,156.76639663785383,153.89056962828857,111.19692029284175,99.77089700631386,53.75139319149108,0.0,139.08516881791763,122.89160371873193
trapezoid,172.78430921991804,173.26692422050422,119.48966968231083,115.08614458673036,115.50471741711658,116.1881583985948,122.37727781257394,148.0000345192949,139.08516881791763,0.0,87.12673564298974
random,197.83006281293075,199.5548686047755,154.85694277106413,141.37417716305595,130.68674068270877,116.76933037827318,116.50224613122387,129.71640924847256,122.89160371873193,87.12673564298974,0.0
