,square,rectangle,parallelogram,losange,isoTrapezoid,kite,rightKite,rustedHinge,hinge,trapezoid,random
square,0.0,163.74977706166808,393.54084772546446,413.2646895380027,292.41712719354956,305.2275938417277,263.70582286134163,351.23892637559493,327.2233537209971,315.57337226653635,390.8192762357845
rectangle,163.74977706166808,0.0,316.62303323079317,368.96621785846463,332.78958401387837,306.41631300696247,265.87736528127056,312.27660851580237,264.94241536631586,316.2228569325069,407.90510116380835
parallelogram,393.54084772546446,316.62303323079317,0.0,183.86666552675877,400.1293922754649,392.4588511380057,333.0383231347615,342.9577551766268,289.26883483711333,279.0802083763119,376.7206721222243
losange,413.2646895380027,368.96621785846463,183.86666552675877,0.0,397.1522813880395,426.14883720228596,359.22394959751904,358.41372932395944,325.21294787943333,273.82069205204806,324.6510826825121
isoTrapezoid,292.41712719354956,332.78958401387837,400.1293922754649,397.1522813880395,0.0,261.6328467652632,210.96121208862212,383.02114728863273,366.9065267877695,223.86036102087644,281.39928743629
kite,305.2275938417277,306.41631300696247,392.4588511380057,426.14883720228596,261.6328467652632,0.0,180.02552173683654,381.36643188203084,348.7556304347328,333.37133876016173,414.54091414013806
rightKite,263.70582286134163,265.87736528127056,333.0383231347615,359.22394959751904,210.96121208862212,180.02552173683654,0.0,311.2651476840054,286.83838653214633,245.5935451034507,332.4233510809426
rustedHinge,351.23892637559493,312.27660851580237,342.9577551766268,358.41372932395944,383.02114728863273,381.36643188203084,311.2651476840054,0.0,121.58258029176454,337.8745912902324,359.31589821477866
hinge,327.2233537209971,264.94241536631586,289.26883483711333,325.21294787943333,366.9065267877695,348.7556304347328,286.83838653214633,121.58258029176454,0.0,307.6937230313234,351.2416769149202
trapezoid,315.57337226653635,316.2228569325069,279.0802083763119,273.82069205204806,223.86036102087644,333.37133876016173,245.5935451034507,337.8745912902324,307.6937230313234,0.0,194.39494868032466
random,390.8192762357845,407.90510116380835,376.7206721222243,324.6510826825121,281.39928743629,414.54091414013806,332.4233510809426,359.31589821477866,351.2416769149202,194.39494868032466,0.0
