,square,rectangle,parallelogram,losange,isoTrapezoid,kite,rightKite,rustedHinge,hinge,trapezoid,random
square,0.0,10.755485482044234,21.532074828471707,23.318283286550052,28.23602946961609,29.11882941307905,29.26272709306208,31.312308252927664,30.25718742246807,25.14619632741578,30.80398292063719
rectangle,10.755485482044234,0.0,20.815604768120878,23.465825017334502,29.082409285401337,29.207893818507785,29.786215407785978,30.88821035765133,29.42607186992455,25.08089300991541,30.931820294428146
parallelogram,21.532074828471707,20.815604768120878,0.0,9.489116794338447,27.041849443691024,25.666105923358252,27.214531260485806,29.74725143958074,28.044639717826893,18.66136469842029,25.385437932718197
losange,23.318283286550052,23.465825017334502,9.489116794338447,0.0,26.561854556222745,25.498088752223005,26.81704167825142,29.02589803464235,27.608260271170316,18.065710498291956,23.1339154005996
isoTrapezoid,28.23602946961609,29.082409285401337,27.041849443691024,26.561854556222745,0.0,18.387214140654105,17.545757540055078,26.820524942676755,25.71467169826931,17.73562939670978,21.458613201079242
kite,29.11882941307905,29.207893818507785,25.666105923358252,25.498088752223005,18.387214140654105,0.0,9.8872961943895,21.474295386870068,18.296169344847648,18.57661734432705,17.68261236597445
rightKite,29.26272709306208,29.786215407785978,27.214531260485806,26.81704167825142,17.545757540055078,9.8872961943895,0.0,19.317484281029987,16.96009434966984,19.89657312386201,18.6143060918998
rustedHinge,31.312308252927664,30.88821035765133,29.74725143958074,29.02589803464235,26.820524942676755,21.474295386870068,19.317484281029987,0.0,9.736707334816675,25.42684173966115,22.934079512051085
hinge,30.25718742246807,29.42607186992455,28.044639717826893,27.608260271170316,25.71467169826931,18.296169344847648,16.96009434966984,9.736707334816675,0.0,24.04121816804696,21.145295579930753
trapezoid,25.14619632741578,25.08089300991541,18.66136469842029,18.065710498291956,17.73562939670978,18.57661734432705,19.89657312386201,25.42684173966115,24.04121816804696,0.0,14.676249325411458
random,30.80398292063719,30.931820294428146,25.385437932718197,23.1339154005996,21.458613201079242,17.68261236597445,18.6143060918998,22.934079512051085,21.145295579930753,14.676249325411458,0.0
