,square,rectangle,parallelogram,losange,isoTrapezoid,kite,rightKite,rustedHinge,hinge,trapezoid,random
square,0.0,91.1391365619073,120.95024462047593,144.725760484616,71.60866425975435,65.0881807743025,51.41511342714377,99.654119731366,95.62311171290291,79.78456116477376,116.13020286772408
rectangle,91.1391365619073,0.0,70.78003383123584,112.18671637633416,129.5433842783655,102.62742038909157,98.7516249449949,82.9246528329655,65.50617115910566,102.1635791462536,140.21958826020085
parallelogram,120.95024462047593,70.78003383123584,0.0,68.7589457029026,142.74084439526865,130.63780648853844,119.94066118317663,97.2001877672238,80.98414251968825,97.94716919259821,129.86035643759254
losange,144.725760484616,112.18671637633416,68.7589457029026,0.0,150.9265418250364,149.52694022205702,140.33470776191498,110.46336672505579,103.54073828476706,103.3528686103168,109.97701451575854
isoTrapezoid,71.60866425975435,129.5433842783655,142.74084439526865,150.9265418250364,0.0,75.895579581699,68.51675446701823,127.84570812563938,128.7276587461777,84.21902824875525,102.73029597225165
kite,65.0881807743025,102.62742038909157,130.63780648853844,149.52694022205702,75.895579581699,0.0,52.963860887288156,121.96802600829427,120.49136135546716,106.28679855517056,132.94127295276337
rightKite,51.41511342714377,98.7516249449949,119.94066118317663,140.33470776191498,68.51675446701823,52.963860887288156,0.0,114.7870113615383,111.70438374878115,79.22158372357323,120.11569281993512
rustedHinge,99.654119731366,82.9246528329655,97.2001877672238,110.46336672505579,127.84570812563938,121.96802600829427,114.7870113615383,0.0,31.128971585173485,103.34197767561473,119.61661230297905
hinge,95.62311171290291,65.50617115910566,80.98414251968825,103.54073828476706,128.7276587461777,120.49136135546716,111.70438374878115,31.128971585173485,0.0,97.43444284284483,120.82796688715274
trapezoid,79.78456116477376,102.1635791462536,97.94716919259821,103.3528686103168,84.21902824875525,106.28679855517056,79.22158372357323,103.34197767561473,97.43444284284483,0.0,71.67274567075937
random,116.13020286772408,140.21958826020085,129.86035643759254,109.97701451575854,102.73029597225165,132.94127295276337,120.11569281993512,119.61661230297905,120.82796688715274,71.67274567075937,0.0
