,square,rectangle,parallelogram,losange,isoTrapezoid,kite,rightKite,rustedHinge,hinge,trapezoid,random
square,0.0,188.35389917374033,293.29082695135236,362.9959202781783,200.74509987345562,202.86123599416405,191.37305726638823,269.70995054430915,248.06395265781217,226.78712208051772,310.909243379158
rectangle,188.35389917374033,0.0,208.79972634209133,310.9510540567321,302.72942293131246,260.1437102958052,256.3536935313851,244.98574841576578,201.42675380568446,263.45843834471293,355.07542126975267
parallelogram,293.29082695135236,208.79972634209133,0.0,174.89375580090413,337.12555940570724,331.8474098425679,303.43792290424057,277.9112732080229,238.46869053200632,234.09524556895923,316.3256690457822
losange,362.9959202781783,310.9510540567321,174.89375580090413,0.0,367.8375897112043,379.45508026616363,353.3153417096743,316.26330967402413,296.4556231911562,254.98215902645805,285.25701046007424
isoTrapezoid,200.74509987345562,302.72942293131246,337.12555940570724,367.8375897112043,0.0,198.01006228114073,186.32240157998945,324.0030272140705,317.2146329275499,206.49193840538402,257.91106923283314
kite,202.86123599416405,260.1437102958052,331.8474098425679,379.45508026616363,198.01006228114073,0.0,139.1752674895236,311.4488204739225,301.5305654974266,280.16644294957194,331.21662191168656
rightKite,191.37305726638823,256.3536935313851,303.43792290424057,353.3153417096743,186.32240157998945,139.1752674895236,0.0,301.6377296129745,289.2651175120235,213.87101636732547,294.074547779503
rustedHinge,269.70995054430915,244.98574841576578,277.9112732080229,316.26330967402413,324.0030272140705,311.4488204739225,301.6377296129745,0.0,88.53177485646371,291.35949098379473,307.95106143135786
hinge,248.06395265781217,201.42675380568446,238.46869053200632,296.4556231911562,317.2146329275499,301.5305654974266,289.2651175120235,88.53177485646371,0.0,270.45751193067275,299.9666297055041
trapezoid,226.78712208051772,263.45843834471293,234.09524556895923,254.98215902645805,206.49193840538402,280.16644294957194,213.87101636732547,291.35949098379473,270.45751193067275,0.0,179.60290086707928
random,310.909243379158,355.07542126975267,316.3256690457822,285.25701046007424,257.91106923283314,331.21662191168656,294.074547779503,307.95106143135786,299.9666297055041,179.60290086707928,0.0
