,square,rectangle,parallelogram,losange,isoTrapezoid,kite,rightKite,rustedHinge,hinge,trapezoid,random
square,0.0,30.298196721883116,49.859218739621426,55.07944263867442,58.521350377099175,56.455896456088716,51.1546031876876,61.162247552246974,58.784244273912435,56.83175593879762,66.15474275131814
rectangle,30.298196721883116,0.0,47.26527324281975,54.18155255766914,63.902314914549464,59.85557408183698,55.9253613969332,62.01730174257475,58.25374530953271,59.39306443635268,68.8304545301501
parallelogram,49.859218739621426,47.26527324281975,0.0,20.787229036716198,55.877169260668026,49.593675594617395,48.80246794735804,50.485096391828264,46.01192679614198,41.946997096161276,52.08696261368216
losange,55.07944263867442,54.18155255766914,20.787229036716198,0.0,58.6966241432888,53.15783090373297,52.12234413373892,52.407732379391526,49.471459425403914,43.38746679269736,49.450402059662885
isoTrapezoid,58.521350377099175,63.902314914549464,55.877169260668026,58.6966241432888,0.0,35.52920465395081,35.4876324273104,50.79528371814551,46.60577690454325,36.29037380171243,43.41242608353202
kite,56.455896456088716,59.85557408183698,49.593675594617395,53.15783090373297,35.52920465395081,0.0,20.53310669887253,41.566742426098074,35.981761256095304,39.5499091192766,39.93355308079245
rightKite,51.1546031876876,55.9253613969332,48.80246794735804,52.12234413373892,35.4876324273104,20.53310669887253,0.0,36.86648722405593,33.65710208729229,40.35751832269765,40.59303235520942
rustedHinge,61.162247552246974,62.01730174257475,50.485096391828264,52.407732379391526,50.79528371814551,41.566742426098074,36.86648722405593,0.0,19.541209261092728,50.246724014808954,43.30608882596182
hinge,58.784244273912435,58.25374530953271,46.01192679614198,49.471459425403914,46.60577690454325,35.981761256095304,33.65710208729229,19.541209261092728,0.0,44.711293202725074,38.32849327233278
trapezoid,56.83175593879762,59.39306443635268,41.946997096161276,43.38746679269736,36.29037380171243,39.5499091192766,40.35751832269765,50.246724014808954,44.711293202725074,0.0,35.829028046670885
random,66.15474275131814,68.8304545301501,52.08696261368216,49.450402059662885,43.41242608353202,39.93355308079245,40.59303235520942,43.30608882596182,38.32849327233278,35.829028046670885,0.0
