,square,rectangle,parallelogram,losange,isoTrapezoid,kite,rightKite,rustedHinge,hinge,trapezoid,random
square,0.0,330.6618020126373,576.3230840301426,692.0030174150385,478.5185598380649,534.7045161467705,504.84301717355737,597.1865706084743,561.3695772412995,537.9299595517393,683.6601065235525
rectangle,330.6618020126373,0.0,461.48483095069014,624.4722934299575,615.3676941423469,602.6063018173915,582.2530934767968,568.9284175831995,506.73822541521184,590.5723138587562,741.5362825728769
parallelogram,576.3230840301426,461.48483095069014,0.0,349.65983016857103,656.8071961798812,682.4710633559254,638.8489225756684,604.8188326019871,546.7088301476817,500.6385096417962,658.8459971892578
losange,692.0030174150385,624.4722934299575,349.65983016857103,0.0,699.6649060946693,741.6055167918331,702.7085589019058,658.537557314182,626.7298363157662,520.9853664377331,601.3046765523743
isoTrapezoid,478.5185598380649,615.3676941423469,656.8071961798812,699.6649060946693,0.0,428.78618076496423,399.59130549078964,631.138752511991,627.4766929406226,412.91190495103064,532.8783591321048
kite,534.7045161467705,602.6063018173915,682.4710633559254,741.6055167918331,428.78618076496423,0.0,274.07567221150543,602.8196889334405,588.0412295364978,566.9579471656517,626.056861654236
rightKite,504.84301717355737,582.2530934767968,638.8489225756684,702.7085589019058,399.59130549078964,274.07567221150543,0.0,574.9378042848639,558.2121750647137,463.16662543560903,566.2721842675223
rustedHinge,597.1865706084743,568.9284175831995,604.8188326019871,658.537557314182,631.138752511991,602.8196889334405,574.9378042848639,0.0,179.4897702932386,600.9602245543482,586.4157474659042
hinge,561.3695772412995,506.73822541521184,546.7088301476817,626.7298363157662,627.4766929406226,588.0412295364978,558.2121750647137,179.4897702932386,0.0,573.8053534728135,572.013774702823
trapezoid,537.9299595517393,590.5723138587562,500.6385096417962,520.9853664377331,412.91190495103064,566.9579471656517,463.16662543560903,600.9602245543482,573.8053534728135,0.0,407.89676892223366
random,683.6601065235525,741.5362825728769,658.8459971892578,601.3046765523743,532.8783591321048,626.056861654236,566.2721842675223,586.4157474659042,572.013774702823,407.89676892223366,0.0
