,square,rectangle,parallelogram,losange,isoTrapezoid,kite,rightKite,rustedHinge,hinge,trapezoid,random
square,0.0,398.05601573231775,740.2331770892101,852.038289504902,636.397727597367,715.803947994071,669.1380515680584,781.4557206830389,743.1007877608869,724.4395630767893,879.2486813845873
rectangle,398.05601573231775,0.0,610.348963601106,774.2696809453256,779.4185177951067,781.0351024046491,746.0467467590871,742.2020570142228,676.6572928199246,773.2858574754925,935.7630769343965
parallelogram,740.2331770892101,610.348963601106,0.0,423.88212316097514,801.1111646426976,836.4416399572898,784.1119933042944,752.1814982250331,687.5842831454675,625.14760289365,816.0116059914191
losange,852.038289504902,774.2696809453256,423.88212316097514,0.0,845.0452836818935,894.5317284887002,847.7388083592314,804.1996981804058,769.4249827282995,644.4669111436998,741.9690457839096
isoTrapezoid,636.397727597367,779.4185177951067,801.1111646426976,845.0452836818935,0.0,530.793775135097,499.61742093151815,767.7509764430007,761.4109063337551,508.5102310329292,655.1963643218636
kite,715.803947994071,781.0351024046491,836.4416399572898,894.5317284887002,530.793775135097,0.0,340.59873996745756,732.9231072378482,710.982519893596,691.4240466696025,751.8981719309412
rightKite,669.1380515680584,746.0467467590871,784.1119933042944,847.7388083592314,499.61742093151815,340.59873996745756,0.0,692.9478454297785,671.951330805708,574.670509055463,687.7725772922381
rustedHinge,781.4557206830389,742.2020570142228,752.1814982250331,804.1996981804058,767.7509764430007,732.9231072378482,692.9478454297785,0.0,225.62717814186473,732.6082110899902,713.4458267400388
hinge,743.1007877608869,676.6572928199246,687.5842831454675,769.4249827282995,761.4109063337551,710.982519893596,671.951330805708,225.62717814186473,0.0,699.8722585361055,692.7698597623595
trapezoid,724.4395630767893,773.2858574754925,625.14760289365,644.4669111436998,508.5102310329292,691.4240466696025,574.670509055463,732.6082110899902,699.8722585361055,0.0,511.79115485155
random,879.2486813845873,935.7630769343965,816.0116059914191,741.9690457839096,655.1963643218636,751.8981719309412,687.7725772922381,713.4458267400388,692.7698597623595,511.79115485155,0.0
