,square,rectangle,parallelogram,losange,isoTrapezoid,kite,rightKite,rustedHinge,hinge,trapezoid,random
square,0.0,1424.3529512949062,2392.553019685825,2625.631032528085,2593.622346503099,2608.4114852697303,2397.4348715664496,2717.443899147461,2651.1319844492978,2677.851222523744,2988.0595802569005
rectangle,1424.3529512949062,0.0,2193.712862488899,2542.1037232520634,2820.898930027911,2740.9973786914748,2588.170780425474,2695.538364679876,2567.295560873311,2754.6238208187624,3080.6829129700263
parallelogram,2392.553019685825,2193.712862488899,0.0,1221.4496230778627,2646.922735763166,2490.272662175037,2431.7539953696005,2451.568633166108,2296.1227003735103,2016.3815962350955,2445.0217091511145
losange,2625.631032528085,2542.1037232520634,1221.4496230778627,0.0,2742.7911576478514,2622.817270759126,2566.1636180456576,2549.3151295392877,2469.9288285083176,2037.949455743018,2271.3844286717726
isoTrapezoid,2593.622346503099,2820.898930027911,2646.922735763166,2742.7911576478514,0.0,1930.8967242810545,1812.785489039845,2486.336818791102,2427.2158551981474,1847.6963076624613,2241.8506779901113
kite,2608.4114852697303,2740.9973786914748,2490.272662175037,2622.817270759126,1930.8967242810545,0.0,1162.265690627076,2245.836765648085,2129.434764081011,2209.701709611582,2267.2058380978406
rightKite,2397.4348715664496,2588.170780425474,2431.7539953696005,2566.1636180456576,1812.785489039845,1162.265690627076,0.0,2069.140993281415,1979.718879688414,2059.6097659303173,2184.1391717192528
rustedHinge,2717.443899147461,2695.538364679876,2451.568633166108,2549.3151295392877,2486.336818791102,2245.836765648085,2069.140993281415,0.0,884.3374782033856,2461.0117255246464,2271.9890779309594
hinge,2651.1319844492978,2567.295560873311,2296.1227003735103,2469.9288285083176,2427.2158551981474,2129.434764081011,1979.718879688414,884.3374782033856,0.0,2335.6181195042436,2156.624253866916
trapezoid,2677.851222523744,2754.6238208187624,2016.3815962350955,2037.949455743018,1847.6963076624613,2209.701709611582,2059.6097659303173,2461.0117255246464,2335.6181195042436,0.0,1768.8160224835647
random,2988.0595802569005,3080.6829129700263,2445.0217091511145,2271.3844286717726,2241.8506779901113,2267.2058380978406,2184.1391717192528,2271.9890779309594,2156.624253866916,1768.8160224835647,0.0
