,square,rectangle,parallelogram,losange,isoTrapezoid,kite,rightKite,rustedHinge,hinge,trapezoid,random
square,0.0,139.21561363752622,202.44063787795903,248.6485980802433,120.87328391419486,113.70448960798407,98.23622892590004,169.94257521210736,158.59764424843445,140.3579296028406,196.7603388861632
rectangle,139.21561363752622,0.0,130.18783006617755,203.17182312894693,208.13621037002028,167.59935939162182,162.49039441639496,149.3676849709394,117.91294061526034,171.83285866183917,234.99628035778676
parallelogram,202.44063787795903,130.18783006617755,0.0,117.6777359952044,236.85177779790476,223.0385862179682,201.77664589950007,177.35324479824746,147.54073484864765,158.66373973466781,213.1957636793528
losange,248.6485980802433,203.17182312894693,117.6777359952044,0.0,257.4593941164985,258.972226730338,239.4187860553879,205.27242785299612,191.0690387882496,172.60873826718546,187.97175920933125
isoTrapezoid,120.87328391419486,208.13621037002028,236.85177779790476,257.4593941164985,0.0,127.91841698662209,118.104882419982,216.76807841399562,213.33153484276386,141.58451370494154,171.8978652943
kite,113.70448960798407,167.59935939162182,223.0385862179682,258.972226730338,127.91841698662209,0.0,91.62949168020586,207.98012770222007,202.73535108407515,184.39509633953983,226.11534259952455
rightKite,98.23622892590004,162.49039441639496,201.77664589950007,239.4187860553879,118.104882419982,91.62949168020586,0.0,199.54450334713079,191.73041569347262,136.32608166760883,200.93388974222174
rustedHinge,169.94257521210736,149.3676849709394,177.35324479824746,205.27242785299612,216.76807841399562,207.98012770222007,199.54450334713079,0.0,55.89602992526055,185.81060605826391,206.84880042463692
hinge,158.59764424843445,117.91294061526034,147.54073484864765,191.0690387882496,213.33153484276386,202.73535108407515,191.73041569347262,55.89602992526055,0.0,171.64307133709866,204.02113942876673
trapezoid,140.3579296028406,171.83285866183917,158.66373973466781,172.60873826718546,141.58451370494154,184.39509633953983,136.32608166760883,185.81060605826391,171.64307133709866,0.0,114.84024320325295
random,196.7603388861632,234.99628035778676,213.1957636793528,187.97175920933125,171.8978652943,226.11534259952455,200.93388974222174,206.84880042463692,204.02113942876673,114.84024320325295,0.0
