,square,rectangle,parallelogram,losange,isoTrapezoid,kite,rightKite,rustedHinge,hinge,trapezoid,random
square,0.0,0.025597749104982803,0.04957292890788467,0.07036673457413667,0.022074525347236307,0.019072732348930033,0.013869823171119733,0.03599105802327507,0.031103389446608287,0.027148410868030548,0.05176741647972605
rectangle,0.025597749104982803,1.1102230246251565e-16,0.024461674183603788,0.05050903036847332,0.056901123682294164,0.03799578222926059,0.035037515822749055,0.028699382470643853,0.018236402803874063,0.04030765216651899,0.07103160062885083
parallelogram,0.04957292890788467,0.024461674183603788,1.1102230246251565e-16,0.018356849535191122,0.06711211136045148,0.062216313359541586,0.04923397281019393,0.043755480315261774,0.031712986974983925,0.03274974437765399,0.058782643325668515
losange,0.07036673457413667,0.05050903036847332,0.018356849535191122,0.0,0.07519760135734954,0.0798171373898996,0.06674812980108014,0.05578117231699231,0.04843100598343486,0.0361216586983969,0.04599128974854261
isoTrapezoid,0.022074525347236307,0.056901123682294164,0.06711211136045148,0.07519760135734954,0.0,0.024731164711334852,0.019961835062486166,0.06002997296257817,0.05785799364750066,0.027387985260497127,0.04053604433439972
kite,0.019072732348930033,0.03799578222926059,0.062216313359541586,0.0798171373898996,0.024731164711334852,0.0,0.013185268941490969,0.05620073899642619,0.05352307031954229,0.0469498738066636,0.06881584127659335
rightKite,0.013869823171119733,0.035037515822749055,0.04923397281019393,0.06674812980108014,0.019961835062486166,0.013185268941490969,0.0,0.049927497038533386,0.04614025181737935,0.025017409408406355,0.052546136443860414
rustedHinge,0.03599105802327507,0.028699382470643853,0.043755480315261774,0.05578117231699231,0.06002997296257817,0.05620073899642619,0.049927497038533386,0.0,0.004644379215694383,0.04494319799428703,0.056159700480358676
hinge,0.031103389446608287,0.018236402803874063,0.031712986974983925,0.04843100598343486,0.05785799364750066,0.05352307031954229,0.04614025181737935,0.004644379215694383,0.0,0.03891751785487152,0.05459881359698704
trapezoid,0.027148410868030548,0.04030765216651899,0.03274974437765399,0.0361216586983969,0.027387985260497127,0.0469498738066636,0.025017409408406355,0.04494319799428703,0.03891751785487152,0.0,0.01925199958263224
random,0.05176741647972605,0.07103160062885083,0.058782643325668515,0.04599128974854261,0.04053604433439972,0.06881584127659335,0.052546136443860414,0.056159700480358676,0.05459881359698704,0.01925199958263224,0.0
