,square,rectangle,parallelogram,losange,isoTrapezoid,kite,rightKite,rustedHinge,hinge,trapezoid,random
square,0.0,0.08837649268295344,0.1227215985290383,0.14096317493420318,0.12110791691087786,0.10285756221124076,0.10005498318447004,0.13665140184222047,0.1224592321242376,0.11634953804031423,0.1461129923802974
rectangle,0.08837649268295344,0.0,0.09873762985298351,0.13606686109281074,0.14014053060363563,0.10963017674766307,0.11923032079389606,0.13325906886228334,0.10214100125324477,0.11414138176206179,0.15030559294099932
parallelogram,0.1227215985290383,0.09873762985298351,0.0,0.0439377963408073,0.13183806217180039,0.11207845058383004,0.11637609518120817,0.12075879138387591,0.09889388118784614,0.0804976479144327,0.1134442127691645
losange,0.14096317493420318,0.13606686109281074,0.0439377963408073,1.1102230246251565e-16,0.132049312061559,0.12539802643498688,0.12216685219434165,0.11842398972576962,0.10589558063208826,0.08087051077148699,0.09377824873134843
isoTrapezoid,0.12110791691087786,0.14014053060363563,0.13183806217180039,0.132049312061559,0.0,0.06504504718308945,0.050248565365375586,0.1000067257468199,0.09870366774585981,0.06816403832780304,0.0824214735940425
kite,0.10285756221124076,0.10963017674766307,0.11207845058383004,0.12539802643498688,0.06504504718308945,0.0,0.034810169113927536,0.10401939839448116,0.0914614814384368,0.08010216356646316,0.09939714440932956
rightKite,0.10005498318447004,0.11923032079389606,0.11637609518120817,0.12216685219434165,0.050248565365375586,0.034810169113927536,1.1102230246251565e-16,0.0885933083755791,0.0814358228583254,0.06718446231747977,0.09014433003187938
rustedHinge,0.13665140184222047,0.13325906886228334,0.12075879138387591,0.11842398972576962,0.1000067257468199,0.10401939839448116,0.0885933083755791,0.0,0.024044910359121485,0.10065304873260805,0.08758397078513647
hinge,0.1224592321242376,0.10214100125324477,0.09889388118784614,0.10589558063208826,0.09870366774585981,0.0914614814384368,0.0814358228583254,0.024044910359121485,0.0,0.08945949005012477,0.08682771098043318
trapezoid,0.11634953804031423,0.11414138176206179,0.0804976479144327,0.08087051077148699,0.06816403832780304,0.08010216356646316,0.06718446231747977,0.10065304873260805,0.08945949005012477,0.0,0.050712688339596745
random,0.1461129923802974,0.15030559294099932,0.1134442127691645,0.09377824873134843,0.0824214735940425,0.09939714440932956,0.09014433003187938,0.08758397078513647,0.08682771098043318,0.050712688339596745,0.0
