,square,rectangle,parallelogram,losange,isoTrapezoid,kite,rightKite,rustedHinge,hinge,trapezoid,random
square,2.220446049250313e-16,0.023156062317988058,0.051178397291025024,0.07203763511848382,0.024449487262446223,0.027433613196442663,0.02111935684111843,0.043292860637309416,0.03620133061905462,0.03066261234061629,0.057561526680429576
rectangle,0.023156062317988058,0.0,0.028225834859619603,0.055128034587044406,0.05548180194206387,0.04142717439195076,0.038858628780283566,0.04072829776596454,0.027955319705736614,0.04280521111272362,0.07554703915657957
parallelogram,0.051178397291025024,0.028225834859619603,0.0,0.017693623228182576,0.0663565545280067,0.06698790587776682,0.05287963792718553,0.05159178668868214,0.03823375581978128,0.03145825759198362,0.058137868825657524
losange,0.07203763511848382,0.055128034587044406,0.017693623228182576,0.0,0.07525380677933258,0.0842311423742721,0.06926638566848564,0.06057799292679167,0.052004019531757706,0.0347034206165473,0.045643720358003015
isoTrapezoid,0.024449487262446223,0.05548180194206387,0.0663565545280067,0.07525380677933258,2.220446049250313e-16,0.02915386821490884,0.023326089430158015,0.06153552407843932,0.05854955121856931,0.028686866639987207,0.044861251491574716
kite,0.027433613196442663,0.04142717439195076,0.06698790587776682,0.0842311423742721,0.02915386821490884,2.220446049250313e-16,0.015491905967999098,0.06259410869305793,0.05908163941415623,0.05464549731462742,0.07650513671590042
rightKite,0.02111935684111843,0.038858628780283566,0.05287963792718553,0.06926638566848564,0.023326089430158015,0.015491905967999098,0.0,0.054812927630379815,0.05042125358045291,0.030087752729672346,0.058002831197192406
rustedHinge,0.043292860637309416,0.04072829776596454,0.05159178668868214,0.06057799292679167,0.06153552407843932,0.06259410869305793,0.054812927630379815,0.0,0.00515135879282147,0.049674251464515096,0.056157468398664756
hinge,0.03620133061905462,0.027955319705736614,0.03823375581978128,0.052004019531757706,0.05854955121856931,0.05908163941415623,0.05042125358045291,0.00515135879282147,0.0,0.04210957078130384,0.05279178915184912
trapezoid,0.03066261234061629,0.04280521111272362,0.03145825759198362,0.0347034206165473,0.028686866639987207,0.05464549731462742,0.030087752729672346,0.049674251464515096,0.04210957078130384,2.220446049250313e-16,0.02031976979563177
random,0.057561526680429576,0.07554703915657957,0.058137868825657524,0.045643720358003015,0.044861251491574716,0.07650513671590042,0.058002831197192406,0.056157468398664756,0.05279178915184912,0.02031976979563177,0.0
