,square,rectangle,parallelogram,losange,isoTrapezoid,kite,rightKite,rustedHinge,hinge,trapezoid,random
square,0.0,0.010691127594875671,0.015836244348718886,0.022741569274934204,0.0067016866848172985,0.004736827298811863,0.0031209820792070797,0.011589930407892468,0.011005439120609029,0.007327666832384838,0.014826082321848899
rectangle,0.010691127594875671,0.0,0.005935730181649723,0.013900616333987204,0.021849277034138637,0.013031986068310797,0.012100960017799589,0.007131366348509527,0.004501263100088471,0.012673818872321108,0.022041619551239733
parallelogram,0.015836244348718886,0.005935730181649723,0.0,0.0060565136938522945,0.023103483190738627,0.018103978797246567,0.015454098923647908,0.01008903166680275,0.0072948122559758355,0.011598502262893384,0.019201375967564105
losange,0.022741569274934204,0.013900616333987204,0.0060565136938522945,0.0,0.0251998380887285,0.023533701267501206,0.021365129260389693,0.013022657919154579,0.011591821087401533,0.01294718604629952,0.01437559081931572
isoTrapezoid,0.0067016866848172985,0.021849277034138637,0.023103483190738627,0.0251998380887285,0.0,0.007491620561530077,0.00645470164680273,0.02007928323179009,0.02051509088871728,0.008965864281489933,0.012953884259817028
kite,0.004736827298811863,0.013031986068310797,0.018103978797246567,0.023533701267501206,0.007491620561530077,0.0,0.0033362558114002905,0.016473825877369452,0.01603637398854718,0.011698227765149949,0.018075551311834248
rightKite,0.0031209820792070797,0.012100960017799589,0.015454098923647908,0.021365129260389693,0.00645470164680273,0.0033362558114002905,0.0,0.014373988601366627,0.013772105533852663,0.007222031401072915,0.01603937267885247
rustedHinge,0.011589930407892468,0.007131366348509527,0.01008903166680275,0.013022657919154579,0.02007928323179009,0.016473825877369452,0.014373988601366627,0.0,0.0011652548454039735,0.012392883149379808,0.016448368170851824
hinge,0.011005439120609029,0.004501263100088471,0.0072948122559758355,0.011591821087401533,0.02051509088871728,0.01603637398854718,0.013772105533852663,0.0011652548454039735,0.0,0.011308868025132202,0.016797604493279605
trapezoid,0.007327666832384838,0.012673818872321108,0.011598502262893384,0.01294718604629952,0.008965864281489933,0.011698227765149949,0.007222031401072915,0.012392883149379808,0.011308868025132202,0.0,0.007371706307210957
random,0.014826082321848899,0.022041619551239733,0.019201375967564105,0.01437559081931572,0.012953884259817028,0.018075551311834248,0.01603937267885247,0.016448368170851824,0.016797604493279605,0.007371706307210957,0.0
