,square,rectangle,parallelogram,losange,isoTrapezoid,kite,rightKite,rustedHinge,hinge,trapezoid,random
square,1.1102230246251565e-16,0.01419404001297897,0.022194553464798483,0.032465063975098296,0.009637413975684517,0.00739178886901215,0.0055215338513953105,0.017047155115421098,0.015365242274492541,0.011128619883262969,0.02149234803272526
rectangle,0.01419404001297897,0.0,0.01017882391682734,0.02161884681169135,0.027934048693409985,0.018201117998004057,0.017047261618400755,0.011831311169911984,0.00759577730789307,0.01814074673968169,0.03075966308943867
parallelogram,0.022194553464798483,0.01017882391682734,1.1102230246251565e-16,0.009984912310088356,0.03014099925532554,0.026082499386194113,0.02188602891200475,0.01632031069560458,0.012088017688947295,0.015892396534420095,0.02626474786081434
losange,0.032465063975098296,0.02161884681169135,0.009984912310088356,0.0,0.03396281598739537,0.034014406676728504,0.030776588365414193,0.020136455732675196,0.018493398046073417,0.018211665441082214,0.0203866468168038
isoTrapezoid,0.009637413975684517,0.027934048693409985,0.03014099925532554,0.03396281598739537,0.0,0.010670110770857555,0.009560849501091817,0.02715225000245869,0.026928989382320134,0.01241152490604247,0.01829940227625315
kite,0.00739178886901215,0.018201117998004057,0.026082499386194113,0.034014406676728504,0.010670110770857555,0.0,0.005482306447177732,0.0232973300745849,0.022432414815452772,0.018030310693817775,0.02658804259596581
rightKite,0.0055215338513953105,0.017047261618400755,0.02188602891200475,0.030776588365414193,0.009560849501091817,0.005482306447177732,0.0,0.020989392642854376,0.01977107009688084,0.011142205398800065,0.023245760895836964
rustedHinge,0.017047155115421098,0.011831311169911984,0.01632031069560458,0.020136455732675196,0.02715225000245869,0.0232973300745849,0.020989392642854376,0.0,0.0021526085493831504,0.018877275901751367,0.023158174605706794
hinge,0.015365242274492541,0.00759577730789307,0.012088017688947295,0.018493398046073417,0.026928989382320134,0.022432414815452772,0.01977107009688084,0.0021526085493831504,1.1102230246251565e-16,0.017014402674572104,0.023686166287406607
trapezoid,0.011128619883262969,0.01814074673968169,0.015892396534420095,0.018211665441082214,0.01241152490604247,0.018030310693817775,0.011142205398800065,0.018877275901751367,0.017014402674572104,0.0,0.010519871532735148
random,0.02149234803272526,0.03075966308943867,0.02626474786081434,0.0203866468168038,0.01829940227625315,0.02658804259596581,0.023245760895836964,0.023158174605706794,0.023686166287406607,0.010519871532735148,0.0
