,square,rectangle,parallelogram,losange,isoTrapezoid,kite,rightKite,rustedHinge,hinge,trapezoid,random
square,2.220446049250313e-16,0.01824942554532094,0.019845042992281736,0.01931933525142071,0.012848337840139501,0.03515629398172693,0.0045425721606187075,0.011806324700627813,0.013384343686691835,0.0070219857029507615,0.03856161905052802
rectangle,0.01824942554532094,2.220446049250313e-16,0.0041059316745148955,0.010254534886264377,0.0320995217303065,0.02380829188142053,0.013305992002301426,0.029139050305440173,0.02327606635950119,0.019606834834741682,0.04961161267555325
parallelogram,0.019845042992281736,0.0041059316745148955,0.0,0.00503967575886799,0.03738176870342891,0.028258826084784583,0.012533893922743844,0.023809370797104434,0.01664941859963287,0.013029813956431102,0.03896379075964662
losange,0.01931933525142071,0.010254534886264377,0.00503967575886799,0.0,0.03731488516273951,0.03292163018904404,0.01310647549063304,0.02405970252450207,0.018042413748008412,0.01240500157146962,0.023829757696641862
isoTrapezoid,0.012848337840139501,0.0320995217303065,0.03738176870342891,0.03731488516273951,2.220446049250313e-16,0.03511329104905181,0.015397655959561107,0.021355152243116904,0.026175765404945928,0.022647185129224034,0.04536913826977562
kite,0.03515629398172693,0.02380829188142053,0.028258826084784583,0.03292163018904404,0.03511329104905181,0.0,0.01928397221346667,0.05155178334725752,0.054772109034931904,0.04267268088910947,0.07375798901331687
rightKite,0.0045425721606187075,0.013305992002301426,0.012533893922743844,0.01310647549063304,0.015397655959561107,0.01928397221346667,0.0,0.01685418471865341,0.017013300333261094,0.007982304724798217,0.03889847346864228
rustedHinge,0.011806324700627813,0.029139050305440173,0.023809370797104434,0.02405970252450207,0.021355152243116904,0.05155178334725752,0.01685418471865341,0.0,0.0027329492848177095,0.007404261260516298,0.025518803897291553
hinge,0.013384343686691835,0.02327606635950119,0.01664941859963287,0.018042413748008412,0.026175765404945928,0.054772109034931904,0.017013300333261094,0.0027329492848177095,0.0,0.005026314110446184,0.023152303856910694
trapezoid,0.0070219857029507615,0.019606834834741682,0.013029813956431102,0.01240500157146962,0.022647185129224034,0.04267268088910947,0.007982304724798217,0.007404261260516298,0.005026314110446184,0.0,0.022922785574680193
random,0.03856161905052802,0.04961161267555325,0.03896379075964662,0.023829757696641862,0.04536913826977562,0.07375798901331687,0.03889847346864228,0.025518803897291553,0.023152303856910694,0.022922785574680193,0.0
