,square,rectangle,parallelogram,losange,isoTrapezoid,kite,rightKite,rustedHinge,hinge,trapezoid,random
square,2.220446049250313e-16,0.030261128520712388,0.0926304459956383,0.13575205040484173,0.09977929442434963,0.07099251666682338,0.07590224657383504,0.12625263734523795,0.09746526062801264,0.08800502263149257,0.14401949480289733
rectangle,0.030261128520712388,0.0,0.06698526017173734,0.11890635256955295,0.13032929926558878,0.08837421177649651,0.09431979178412242,0.11783176398694772,0.08135848876429452,0.10112782767463413,0.15737840434552786
parallelogram,0.0926304459956383,0.06698526017173734,0.0,0.032548466726573966,0.13586457509416583,0.10604064534311142,0.11236685461983142,0.12265990626920487,0.09283798593447179,0.06966595390250718,0.11665540964620658
losange,0.13575205040484173,0.11890635256955295,0.032548466726573966,0.0,0.14795505465846137,0.12991648600199823,0.1345845916007058,0.1372404174492159,0.11925700989909382,0.07438730836278418,0.09568797634314663
isoTrapezoid,0.09977929442434963,0.13032929926558878,0.13586457509416583,0.14795505465846137,0.0,0.05375857784296012,0.04303761828636632,0.12100000576957815,0.11646223035341652,0.052057059929548344,0.08540779857287517
kite,0.07099251666682338,0.08837421177649651,0.10604064534311142,0.12991648600199823,0.05375857784296012,0.0,0.02524465645022278,0.11011484260286852,0.09598637711438873,0.0774513975151141,0.10834400536768307
rightKite,0.07590224657383504,0.09431979178412242,0.11236685461983142,0.1345845916007058,0.04303761828636632,0.02524465645022278,0.0,0.09438209970439648,0.08499856961014873,0.05908654922931156,0.09944043707267414
rustedHinge,0.12625263734523795,0.11783176398694772,0.12265990626920487,0.1372404174492159,0.12100000576957815,0.11011484260286852,0.09438209970439648,0.0,0.013445737253085399,0.1133574585714987,0.10745670828073972
hinge,0.09746526062801264,0.08135848876429452,0.09283798593447179,0.11925700989909382,0.11646223035341652,0.09598637711438873,0.08499856961014873,0.013445737253085399,0.0,0.09881064388842409,0.10490522181772688
trapezoid,0.08800502263149257,0.10112782767463413,0.06966595390250718,0.07438730836278418,0.052057059929548344,0.0774513975151141,0.05908654922931156,0.1133574585714987,0.09881064388842409,0.0,0.045331690193629814
random,0.14401949480289733,0.15737840434552786,0.11665540964620658,0.09568797634314663,0.08540779857287517,0.10834400536768307,0.09944043707267414,0.10745670828073972,0.10490522181772688,0.045331690193629814,0.0
