,square,rectangle,parallelogram,losange,isoTrapezoid,kite,rightKite,rustedHinge,hinge,trapezoid,random
square,0.0,0.06339557427825071,0.11574183381635639,0.14321647674149296,0.13092128139935943,0.09379226586089806,0.09959858880492345,0.1454673433974656,0.11591528797970274,0.1147293775309699,0.16528995580616668
rectangle,0.06339557427825071,0.0,0.08226501223966376,0.12084093055728029,0.13398957855507576,0.09488819116516478,0.10394866863227747,0.12890609254408825,0.08833526344593334,0.10339123733671529,0.15746746609818985
parallelogram,0.11574183381635639,0.08226501223966376,0.0,0.03903138945322282,0.14645794486057695,0.10996851438445265,0.11802669401872501,0.13328713486691046,0.10086920581510084,0.08566312718430391,0.13312053501721577
losange,0.14321647674149296,0.12084093055728029,0.03903138945322282,0.0,0.1529691981413439,0.12670337132534604,0.13224660750956696,0.1418112259327583,0.1191612458047645,0.09199402924965361,0.11672496884414796
isoTrapezoid,0.13092128139935943,0.13398957855507576,0.14645794486057695,0.1529691981413439,0.0,0.07132947566883863,0.05413087490957458,0.11464373012280438,0.107965118050102,0.0688952852889334,0.09948367463907326
kite,0.09379226586089806,0.09488819116516478,0.10996851438445265,0.12670337132534604,0.07132947566883863,0.0,0.034338277728936384,0.1078188518567803,0.08966471659713571,0.08094855267533474,0.11328266343519688
rightKite,0.09959858880492345,0.10394866863227747,0.11802669401872501,0.13224660750956696,0.05413087490957458,0.034338277728936384,0.0,0.09642644809185452,0.08328555121550218,0.06557535019812122,0.10504386635345797
rustedHinge,0.1454673433974656,0.12890609254408825,0.13328713486691046,0.1418112259327583,0.11464373012280438,0.1078188518567803,0.09642644809185452,0.0,0.024131411161865457,0.11331893409668492,0.11178320256781626
hinge,0.11591528797970274,0.08833526344593334,0.10086920581510084,0.1191612458047645,0.107965118050102,0.08966471659713571,0.08328555121550218,0.024131411161865457,0.0,0.0952560309640309,0.10803698482099
trapezoid,0.1147293775309699,0.10339123733671529,0.08566312718430391,0.09199402924965361,0.0688952852889334,0.08094855267533474,0.06557535019812122,0.11331893409668492,0.0952560309640309,0.0,0.05417575919662421
random,0.16528995580616668,0.15746746609818985,0.13312053501721577,0.11672496884414796,0.09948367463907326,0.11328266343519688,0.10504386635345797,0.11178320256781626,0.10803698482099,0.05417575919662421,0.0
