,square,rectangle,parallelogram,losange,isoTrapezoid,kite,rightKite,rustedHinge,hinge,trapezoid,random
square,0.0,0.03544037953672796,0.04694153617146313,0.06411972878512484,0.022939427855136918,0.014676802529263733,0.012561070442068223,0.03515601552669101,0.03463264016011569,0.022056502489407714,0.041669480777476675
rectangle,0.03544037953672796,0.0,0.020427176403141845,0.03908383077921107,0.05879587155492971,0.03960705824698463,0.03670349184480648,0.021085262636508117,0.01475966972358167,0.038523670022307166,0.058942274997434985
parallelogram,0.04694153617146313,0.020427176403141845,0.0,0.02003619402819712,0.06094027343787778,0.050556030287565945,0.04453073106014782,0.029750430744878376,0.023277270312861753,0.039197163908900046,0.05540644883850854
losange,0.06411972878512484,0.03908383077921107,0.02003619402819712,0.0,0.06544843197612438,0.0636364527239196,0.059824104457048555,0.03518295668565119,0.03275666710246161,0.04213737849484045,0.04237729290912018
isoTrapezoid,0.022939427855136918,0.05879587155492971,0.06094027343787778,0.06544843197612438,0.0,0.022752687137924,0.02085610994984899,0.05355026252359707,0.0558213533947598,0.02675579830041175,0.036474671677234394
kite,0.014676802529263733,0.03960705824698463,0.050556030287565945,0.0636364527239196,0.022752687137924,0.0,0.011354094085421651,0.045591641145263484,0.0453028578867275,0.031778060246418716,0.04753853604348468
rightKite,0.012561070442068223,0.03670349184480648,0.04453073106014782,0.059824104457048555,0.02085610994984899,0.011354094085421651,0.0,0.04043019164256423,0.039803590349904105,0.021596816331884372,0.04410629532312793
rustedHinge,0.03515601552669101,0.021085262636508117,0.029750430744878376,0.03518295668565119,0.05355026252359707,0.045591641145263484,0.04043019164256423,0.0,0.005813130216978379,0.036257098343062566,0.045797089790960976
hinge,0.03463264016011569,0.01475966972358167,0.023277270312861753,0.03275666710246161,0.0558213533947598,0.0453028578867275,0.039803590349904105,0.005813130216978379,0.0,0.035338750433120736,0.04809989627905675
trapezoid,0.022056502489407714,0.038523670022307166,0.039197163908900046,0.04213737849484045,0.02675579830041175,0.031778060246418716,0.021596816331884372,0.036257098343062566,0.035338750433120736,2.220446049250313e-16,0.02381357388269778
random,0.041669480777476675,0.058942274997434985,0.05540644883850854,0.04237729290912018,0.036474671677234394,0.04753853604348468,0.04410629532312793,0.045797089790960976,0.04809989627905675,0.02381357388269778,0.0
