,square,rectangle,parallelogram,losange,isoTrapezoid,kite,rightKite,rustedHinge,hinge,trapezoid,random
square,0.0,0.03048918718736726,0.06398122936067041,0.09500729952704368,0.026555578867209162,0.023812346499625825,0.02044400436378402,0.050702922290084995,0.044312708792966116,0.033754874178865246,0.06447293271740806
rectangle,0.03048918718736726,0.0,0.030420818641436198,0.06756998019446547,0.06889010785847816,0.04754866900143151,0.045874619829575636,0.04013390391314908,0.026974954362590453,0.05002139411762363,0.08772296133476898
parallelogram,0.06398122936067041,0.030420818641436198,0.0,0.024475240192490477,0.0845011375571113,0.07983488306973363,0.0657421103880218,0.058075924104252,0.042474614870217975,0.04211971322372565,0.07198606528391838
losange,0.09500729952704368,0.06756998019446547,0.024475240192490477,0.0,0.09822114282724626,0.10491359608030926,0.08997186733721907,0.07355934798349195,0.0644624600235405,0.04771040155760253,0.05604731716877065
isoTrapezoid,0.026555578867209162,0.06889010785847816,0.0845011375571113,0.09822114282724626,1.1102230246251565e-16,0.0292259606711035,0.026131376528638284,0.07837774522171892,0.07573577170393908,0.03236024469577303,0.04784950498491258
kite,0.023812346499625825,0.04754866900143151,0.07983488306973363,0.10491359608030926,0.0292259606711035,0.0,0.014934381116444295,0.07001482383833146,0.06626779488506784,0.057388656446175856,0.08198148537872019
rightKite,0.02044400436378402,0.045874619829575636,0.0657421103880218,0.08997186733721907,0.026131376528638284,0.014934381116444295,0.0,0.06744479973011752,0.06197042511995987,0.03271921549509471,0.0650178675123908
rustedHinge,0.050702922290084995,0.04013390391314908,0.058075924104252,0.07355934798349195,0.07837774522171892,0.07001482383833146,0.06744479973011752,0.0,0.0057955429739742215,0.06249487443688728,0.0714362221179784
hinge,0.044312708792966116,0.026974954362590453,0.042474614870217975,0.0644624600235405,0.07573577170393908,0.06626779488506784,0.06197042511995987,0.0057955429739742215,0.0,0.05445613550458084,0.06834435560817076
trapezoid,0.033754874178865246,0.05002139411762363,0.04211971322372565,0.04771040155760253,0.03236024469577303,0.057388656446175856,0.03271921549509471,0.06249487443688728,0.05445613550458084,0.0,0.022308342873546105
random,0.06447293271740806,0.08772296133476898,0.07198606528391838,0.05604731716877065,0.04784950498491258,0.08198148537872019,0.0650178675123908,0.0714362221179784,0.06834435560817076,0.022308342873546105,0.0
