,square,rectangle,parallelogram,losange,isoTrapezoid,kite,rightKite,rustedHinge,hinge,trapezoid,random
square,0.0,0.010345206458522882,0.02569109932271374,0.07732069074933012,0.04871616885370822,0.005865490445307042,0.020012796814769418,0.017071254194873098,0.01573602942820318,0.0729879809574061,0.08401008681057853
rectangle,0.010345206458522882,1.1102230246251565e-16,0.025660815266531745,0.08108755026683268,0.06602587258503123,0.00935273364018685,0.027495683870620735,0.005410410774928764,0.0037561099574443535,0.08767216324720806,0.10040006018415315
parallelogram,0.02569109932271374,0.025660815266531745,0.0,0.01875297772547968,0.01797420565690655,0.01895297463001533,0.0061466901806991325,0.02583107363891124,0.02127633571260168,0.023816046603917895,0.030054833760528865
losange,0.07732069074933012,0.08108755026683268,0.01875297772547968,0.0,0.013240967327192599,0.06607813163412624,0.02833440048736169,0.07683424313707432,0.06946648153547574,0.005821701504630683,0.007876206665944463
isoTrapezoid,0.04871616885370822,0.06602587258503123,0.01797420565690655,0.013240967327192599,0.0,0.0438784831108443,0.015885348943043165,0.06583179760207447,0.059201040672201,0.005095776676118713,0.009704057534356436
kite,0.005865490445307042,0.00935273364018685,0.01895297463001533,0.06607813163412624,0.0438784831108443,0.0,0.011295274342784767,0.010524046529210351,0.009888519392311723,0.06563967755800071,0.0743593300535973
rightKite,0.020012796814769418,0.027495683870620735,0.0061466901806991325,0.02833440048736169,0.015885348943043165,0.011295274342784767,0.0,0.026042702327179312,0.02303003989517316,0.0262172881181002,0.031685165728319586
rustedHinge,0.017071254194873098,0.005410410774928764,0.02583107363891124,0.07683424313707432,0.06583179760207447,0.010524046529210351,0.026042702327179312,0.0,0.0013025158433712658,0.08549304644705225,0.09533396140084083
hinge,0.01573602942820318,0.0037561099574443535,0.02127633571260168,0.06946648153547574,0.059201040672201,0.009888519392311723,0.02303003989517316,0.0013025158433712658,0.0,0.07757921823182445,0.08762118943991304
trapezoid,0.0729879809574061,0.08767216324720806,0.023816046603917895,0.005821701504630683,0.005095776676118713,0.06563967755800071,0.0262172881181002,0.08549304644705225,0.07757921823182445,0.0,0.0026188898395800297
random,0.08401008681057853,0.10040006018415315,0.030054833760528865,0.007876206665944463,0.009704057534356436,0.0743593300535973,0.031685165728319586,0.09533396140084083,0.08762118943991304,0.0026188898395800297,1.1102230246251565e-16
