,square,rectangle,parallelogram,losange,isoTrapezoid,kite,rightKite,rustedHinge,hinge,trapezoid,random
square,0.0,0.041414443421639247,0.06580245367929694,0.09300053529384811,0.025907897282143377,0.01875560837700818,0.013312423102342152,0.04592814551892488,0.04356704754037355,0.030471740390713542,0.06036510485929292
rectangle,0.041414443421639247,0.0,0.02594889339109374,0.057471654398012606,0.07747667300938721,0.051713453279447874,0.04770174484993406,0.029612150656167402,0.019128456831512652,0.051723078880897,0.08420960571532188
parallelogram,0.06580245367929694,0.02594889339109374,0.0,0.02702101078828867,0.08719066696163369,0.0761875261781092,0.06457374613287559,0.04393722935528899,0.032071667906880874,0.05146068493794076,0.07820261811848295
losange,0.09300053529384811,0.057471654398012606,0.02702101078828867,0.0,0.09612377487718815,0.09801667411902992,0.08882250862283292,0.05354138647723328,0.048493696488697835,0.05580041301845495,0.05684720725214476
isoTrapezoid,0.025907897282143377,0.07747667300938721,0.08719066696163369,0.09612377487718815,1.1102230246251565e-16,0.02896615376114353,0.025130864672637032,0.07419185294503938,0.07536126192191583,0.03422917207781184,0.05105607274583113
kite,0.01875560837700818,0.051713453279447874,0.0761875261781092,0.09801667411902992,0.02896615376114353,0.0,0.0140884289060631,0.06615946067536171,0.06488059802582724,0.0493235680853531,0.07539740481000112
rightKite,0.013312423102342152,0.04770174484993406,0.06457374613287559,0.08882250862283292,0.025130864672637032,0.0140884289060631,0.0,0.05840127898155245,0.055998135061098964,0.030262362238758667,0.06603279104483972
rustedHinge,0.04592814551892488,0.029612150656167402,0.04393722935528899,0.05354138647723328,0.07419185294503938,0.06615946067536171,0.05840127898155245,0.0,0.005193064386820212,0.05199706491423983,0.06454102021882546
hinge,0.04356704754037355,0.019128456831512652,0.032071667906880874,0.048493696488697835,0.07536126192191583,0.06488059802582724,0.055998135061098964,0.005193064386820212,0.0,0.04819169028265169,0.06641994277500873
trapezoid,0.030471740390713542,0.051723078880897,0.05146068493794076,0.05580041301845495,0.03422917207781184,0.0493235680853531,0.030262362238758667,0.05199706491423983,0.04819169028265169,1.1102230246251565e-16,0.02877291980699126
random,0.06036510485929292,0.08420960571532188,0.07820261811848295,0.05684720725214476,0.05105607274583113,0.07539740481000112,0.06603279104483972,0.06454102021882546,0.06641994277500873,0.02877291980699126,0.0
