,square,rectangle,parallelogram,losange,isoTrapezoid,kite,rightKite,rustedHinge,hinge,trapezoid,random
square,0.0,0.01418283203710713,0.0901252274057418,0.11227364193551692,0.10007324894141689,0.11411558816147094,0.11233531760684001,0.1389163031581211,0.1183740449352868,0.09069234641097335,0.1515384618848029
rectangle,0.01418283203710713,0.0,0.08432037338199883,0.11044517075268301,0.11881118725621365,0.12300845238957547,0.1230950950261569,0.14022410400578444,0.11558292634152778,0.09957349530713944,0.16041925311684413
parallelogram,0.0901252274057418,0.08432037338199883,1.1102230246251565e-16,0.0164315001578782,0.08367492133254029,0.09986370702132707,0.10518854993172044,0.10991256036294317,0.0858617766880555,0.05185374663631992,0.10801418895564285
losange,0.11227364193551692,0.11044517075268301,0.0164315001578782,0.0,0.08361475245377059,0.09768171451736118,0.10196785718165824,0.10316621050697716,0.08589228541070881,0.04942966794665993,0.08534033978447098
isoTrapezoid,0.10007324894141689,0.11881118725621365,0.08367492133254029,0.08361475245377059,1.1102230246251565e-16,0.036656851667142276,0.034114936197571555,0.06898153819164066,0.062490209983367295,0.02743576250383606,0.04722377726886662
kite,0.11411558816147094,0.12300845238957547,0.09986370702132707,0.09768171451736118,0.036656851667142276,0.0,0.00997035460443707,0.04559337681787534,0.03399231794442781,0.050340594163672425,0.03757661586232908
rightKite,0.11233531760684001,0.1230950950261569,0.10518854993172044,0.10196785718165824,0.034114936197571555,0.00997035460443707,1.1102230246251565e-16,0.03511224603708363,0.031158400094153715,0.050621173400962505,0.03771246700255715
rustedHinge,0.1389163031581211,0.14022410400578444,0.10991256036294317,0.10316621050697716,0.06898153819164066,0.04559337681787534,0.03511224603708363,0.0,0.010394304939493115,0.07860146463875195,0.053748385729937675
hinge,0.1183740449352868,0.11558292634152778,0.0858617766880555,0.08589228541070881,0.062490209983367295,0.03399231794442781,0.031158400094153715,0.010394304939493115,1.1102230246251565e-16,0.06267340662289855,0.04301014644110246
trapezoid,0.09069234641097335,0.09957349530713944,0.05185374663631992,0.04942966794665993,0.02743576250383606,0.050340594163672425,0.050621173400962505,0.07860146463875195,0.06267340662289855,0.0,0.04227942404298768
random,0.1515384618848029,0.16041925311684413,0.10801418895564285,0.08534033978447098,0.04722377726886662,0.03757661586232908,0.03771246700255715,0.053748385729937675,0.04301014644110246,0.04227942404298768,1.1102230246251565e-16
