,square,rectangle,parallelogram,losange,isoTrapezoid,kite,rightKite,rustedHinge,hinge,trapezoid,random
square,1.1102230246251565e-16,2.1576766991326934e-05,4.5167104651633316e-05,7.028805492437229e-05,1.71388587392185e-05,1.665588674726326e-05,1.3094398595092649e-05,3.307061873036865e-05,2.747639379840905e-05,2.391396903200782e-05,4.615934578189318e-05
rectangle,2.1576766991326934e-05,0.0,2.2090429774523912e-05,5.221403327704266e-05,4.915205550704016e-05,3.456851760086366e-05,3.227083529666608e-05,2.7568747481554468e-05,1.637686440714159e-05,3.6043331551049995e-05,6.568744970991691e-05
parallelogram,4.5167104651633316e-05,2.2090429774523912e-05,0.0,1.681905452366461e-05,6.081085147746634e-05,5.354898685550058e-05,4.299887438374839e-05,3.460125342347187e-05,2.4491053745578917e-05,2.7097362631289812e-05,4.939214360177857e-05
losange,7.028805492437229e-05,5.221403327704266e-05,1.681905452366461e-05,1.1102230246251565e-16,7.382897703189784e-05,7.128465078398705e-05,6.054615879846903e-05,4.547354520245683e-05,4.156642241592845e-05,3.2466461276858816e-05,3.775913753423232e-05
isoTrapezoid,1.71388587392185e-05,4.915205550704016e-05,6.081085147746634e-05,7.382897703189784e-05,0.0,2.0379012065085966e-05,1.7577861659345828e-05,5.325398877575882e-05,5.0699193604453185e-05,2.4128041212989615e-05,3.6301061752452846e-05
kite,1.665588674726326e-05,3.456851760086366e-05,5.354898685550058e-05,7.128465078398705e-05,2.0379012065085966e-05,0.0,9.637096823333913e-06,4.5717987862459175e-05,4.397871464223435e-05,3.794121555644736e-05,5.573877863773724e-05
rightKite,1.3094398595092649e-05,3.227083529666608e-05,4.299887438374839e-05,6.054615879846903e-05,1.7577861659345828e-05,9.637096823333913e-06,0.0,4.2213822989189964e-05,3.926012322641448e-05,2.092933799735519e-05,4.398530189131389e-05
rustedHinge,3.307061873036865e-05,2.7568747481554468e-05,3.460125342347187e-05,4.547354520245683e-05,5.325398877575882e-05,4.5717987862459175e-05,4.2213822989189964e-05,1.1102230246251565e-16,3.991745221143539e-06,3.7579222471939566e-05,4.63274647489742e-05
hinge,2.747639379840905e-05,1.637686440714159e-05,2.4491053745578917e-05,4.156642241592845e-05,5.0699193604453185e-05,4.397871464223435e-05,3.926012322641448e-05,3.991745221143539e-06,0.0,3.259354737505937e-05,4.6630865253138865e-05
trapezoid,2.391396903200782e-05,3.6043331551049995e-05,2.7097362631289812e-05,3.2466461276858816e-05,2.4128041212989615e-05,3.794121555644736e-05,2.092933799735519e-05,3.7579222471939566e-05,3.259354737505937e-05,1.1102230246251565e-16,1.515304402144313e-05
random,4.615934578189318e-05,6.568744970991691e-05,4.939214360177857e-05,3.775913753423232e-05,3.6301061752452846e-05,5.573877863773724e-05,4.398530189131389e-05,4.63274647489742e-05,4.6630865253138865e-05,1.515304402144313e-05,0.0
