,square,rectangle,parallelogram,losange,isoTrapezoid,kite,rightKite,rustedHinge,hinge,trapezoid,random
square,0.0,0.027758038992631073,0.04020603713899784,0.05941905816515147,0.018131132602516642,0.012879506246840422,0.009032401731818629,0.031473589950257286,0.02931850594326324,0.020198298254905267,0.03980582886074746
rectangle,0.027758038992631073,0.0,0.017237339954918607,0.03901412084690703,0.05651292013041331,0.034728413010762016,0.03256279293611719,0.01981055491411976,0.012336683126052073,0.034913756855401656,0.057857833615710064
parallelogram,0.04020603713899784,0.017237339954918607,0.0,0.019122747966437315,0.05818002740837547,0.04767579677696143,0.03943300426824181,0.028858818814367804,0.021024266362187127,0.030369279345565325,0.050542843649202474
losange,0.05941905816515147,0.03901412084690703,0.019122747966437315,0.0,0.06384904242301526,0.06201287209027129,0.05622548358413093,0.03521699761502217,0.03243931633353747,0.03435681234219867,0.03692415219286249
isoTrapezoid,0.018131132602516642,0.05651292013041331,0.05818002740837547,0.06384904242301526,0.0,0.02014327513612746,0.018238695874612465,0.05458708347980157,0.054882866063592384,0.023859183540157147,0.035066468028539854
kite,0.012879506246840422,0.034728413010762016,0.04767579677696143,0.06201287209027129,0.02014327513612746,0.0,0.009511447008983764,0.044848556996948785,0.0435112115438,0.03256003390414153,0.04898035694541236
rightKite,0.009032401731818629,0.03256279293611719,0.03943300426824181,0.05622548358413093,0.018238695874612465,0.009511447008983764,2.220446049250313e-16,0.04011437246215188,0.03806510544708319,0.019841318090191185,0.04442281890816635
rustedHinge,0.031473589950257286,0.01981055491411976,0.028858818814367804,0.03521699761502217,0.05458708347980157,0.044848556996948785,0.04011437246215188,0.0,0.003210048745181715,0.03601916758841106,0.044850150574809344
hinge,0.02931850594326324,0.012336683126052073,0.021024266362187127,0.03243931633353747,0.054882866063592384,0.0435112115438,0.03806510544708319,0.003210048745181715,2.220446049250313e-16,0.03288347242471845,0.04594420972730329
trapezoid,0.020198298254905267,0.034913756855401656,0.030369279345565325,0.03435681234219867,0.023859183540157147,0.03256003390414153,0.019841318090191185,0.03601916758841106,0.03288347242471845,0.0,0.019960054272655348
random,0.03980582886074746,0.057857833615710064,0.050542843649202474,0.03692415219286249,0.035066468028539854,0.04898035694541236,0.04442281890816635,0.044850150574809344,0.04594420972730329,0.019960054272655348,0.0
