,square,rectangle,parallelogram,losange,isoTrapezoid,kite,rightKite,rustedHinge,hinge,trapezoid,random
square,0.0,0.02554452082993841,0.03624662008679247,0.05221805869661189,0.016083370441909106,0.011203546347592686,0.007346885433044181,0.027342450298128984,0.026153813527048708,0.017349883234300756,0.03506911579119343
rectangle,0.02554452082993841,1.1102230246251565e-16,0.01450501506920221,0.03312042102701185,0.052135914967917474,0.03110333589000347,0.028914214880156996,0.0167176280818796,0.01052045248890332,0.030510467539479058,0.05177550598508451
parallelogram,0.03624662008679247,0.01450501506920221,0.0,0.014592788158142578,0.05263401680443669,0.041423206915923605,0.034972703312015185,0.02314262999578709,0.017061884477152955,0.0264638795183052,0.04372518528876124
losange,0.05221805869661189,0.03312042102701185,0.014592788158142578,1.1102230246251565e-16,0.056920783290998256,0.0531152519177005,0.04852760694363023,0.02947415107790874,0.027118568312558544,0.02981831576405125,0.0319794877326236
isoTrapezoid,0.016083370441909106,0.052135914967917474,0.05263401680443669,0.056920783290998256,1.1102230246251565e-16,0.017656271302745385,0.015458466557931483,0.04764179192343676,0.04914689827097596,0.021128259533815474,0.030510062160379547
kite,0.011203546347592686,0.03110333589000347,0.041423206915923605,0.0531152519177005,0.017656271302745385,0.0,0.00785206822113127,0.0384652008074311,0.037897127097990646,0.027364999994934913,0.04172198167775876
rightKite,0.007346885433044181,0.028914214880156996,0.034972703312015185,0.04852760694363023,0.015458466557931483,0.00785206822113127,0.0,0.03371597492809264,0.03265194201354804,0.016779386765502724,0.037765106260232884
rustedHinge,0.027342450298128984,0.0167176280818796,0.02314262999578709,0.02947415107790874,0.04764179192343676,0.0384652008074311,0.03371597492809264,0.0,0.0026550596264836024,0.029510841426772183,0.03842501183372171
hinge,0.026153813527048708,0.01052045248890332,0.017061884477152955,0.027118568312558544,0.04914689827097596,0.037897127097990646,0.03265194201354804,0.0026550596264836024,0.0,0.02749161664217359,0.04004693777789359
trapezoid,0.017349883234300756,0.030510467539479058,0.0264638795183052,0.02981831576405125,0.021128259533815474,0.027364999994934913,0.016779386765502724,0.029510841426772183,0.02749161664217359,0.0,0.017058551777287212
random,0.03506911579119343,0.05177550598508451,0.04372518528876124,0.0319794877326236,0.030510062160379547,0.04172198167775876,0.037765106260232884,0.03842501183372171,0.04004693777789359,0.017058551777287212,0.0
