,square,rectangle,parallelogram,losange,isoTrapezoid,kite,rightKite,rustedHinge,hinge,trapezoid,random
square,0.0,1.1142358780746875e-05,2.124047578822008e-05,3.404027008413468e-05,7.467032686170327e-06,8.118059245720843e-06,6.3619804305803385e-06,1.6071631895320238e-05,1.3192480492807412e-05,1.0972223235539147e-05,2.1939696363992844e-05
rectangle,1.1142358780746875e-05,0.0,1.0339407534587508e-05,2.5716837030675954e-05,2.3529464352578522e-05,1.7717495327751465e-05,1.6559025194706756e-05,1.292663194507604e-05,7.329349016038655e-06,1.7527365581027077e-05,3.1616570012271694e-05
parallelogram,2.124047578822008e-05,1.0339407534587508e-05,0.0,8.516723749796284e-06,2.832431601751395e-05,2.3365789615370502e-05,1.9105651583362082e-05,1.429181347134545e-05,1.0180961036665437e-05,1.2944008934812068e-05,2.2960363440405196e-05
losange,3.404027008413468e-05,2.5716837030675954e-05,8.516723749796284e-06,0.0,3.551288457837032e-05,3.087368965093429e-05,2.6967740126560003e-05,1.8791667475870355e-05,1.831318529954551e-05,1.573198013282706e-05,1.6813998961251464e-05
isoTrapezoid,7.467032686170327e-06,2.3529464352578522e-05,2.832431601751395e-05,3.551288457837032e-05,1.1102230246251565e-16,1.0265342042847792e-05,8.870965851226487e-06,2.5420083384575243e-05,2.3800249626670933e-05,1.1401895989804345e-05,1.7934051075307877e-05
kite,8.118059245720843e-06,1.7717495327751465e-05,2.3365789615370502e-05,3.087368965093429e-05,1.0265342042847792e-05,1.1102230246251565e-16,4.141516961597702e-06,1.997793514207924e-05,1.9516986141110415e-05,1.5768700133422797e-05,2.3712487625782153e-05
rightKite,6.3619804305803385e-06,1.6559025194706756e-05,1.9105651583362082e-05,2.6967740126560003e-05,8.870965851226487e-06,4.141516961597702e-06,0.0,1.820073300540237e-05,1.7222762878632558e-05,8.757188461827603e-06,1.9354688116313135e-05
rustedHinge,1.6071631895320238e-05,1.292663194507604e-05,1.429181347134545e-05,1.8791667475870355e-05,2.5420083384575243e-05,1.997793514207924e-05,1.820073300540237e-05,1.1102230246251565e-16,1.8592097449365852e-06,1.6340251909663372e-05,2.0576097040092556e-05
hinge,1.3192480492807412e-05,7.329349016038655e-06,1.0180961036665437e-05,1.831318529954551e-05,2.3800249626670933e-05,1.9516986141110415e-05,1.7222762878632558e-05,1.8592097449365852e-06,1.1102230246251565e-16,1.4498305880072948e-05,2.1540517190388186e-05
trapezoid,1.0972223235539147e-05,1.7527365581027077e-05,1.2944008934812068e-05,1.573198013282706e-05,1.1401895989804345e-05,1.5768700133422797e-05,8.757188461827603e-06,1.6340251909663372e-05,1.4498305880072948e-05,0.0,7.529808123130088e-06
random,2.1939696363992844e-05,3.1616570012271694e-05,2.2960363440405196e-05,1.6813998961251464e-05,1.7934051075307877e-05,2.3712487625782153e-05,1.9354688116313135e-05,2.0576097040092556e-05,2.1540517190388186e-05,7.529808123130088e-06,0.0
