,square,rectangle,parallelogram,losange,isoTrapezoid,kite,rightKite,rustedHinge,hinge,trapezoid,random
square,2.220446049250313e-16,0.00018447464087711918,0.0005072691386410755,0.000755177147895747,0.00035868404759664685,0.0003818784402307429,0.0003582798770107587,0.0005099080645571963,0.0004374097095914964,0.000421771661237913,0.0007078405025255918
rectangle,0.00018447464087711918,0.0,0.0003126258733449072,0.0006186974189844596,0.0006209381391825142,0.000519675081501747,0.0005093994066868168,0.0004585372584354763,0.00034326945432561207,0.0005240501393102281,0.0008577657340503864
parallelogram,0.0005072691386410755,0.0003126258733449072,2.220446049250313e-16,0.000192859745093088,0.0006921237951238446,0.0006802577482161176,0.0006030162522399074,0.0005324531723533976,0.00041822693992465965,0.0003760312473686245,0.0006434902257905772
losange,0.000755177147895747,0.0006186974189844596,0.000192859745093088,0.0,0.0007798211180042314,0.0008238481625264527,0.0007428047269688598,0.0006458997318773418,0.0005817448980768303,0.0003999976183937104,0.0005042414646302396
isoTrapezoid,0.00035868404759664685,0.0006209381391825142,0.0006921237951238446,0.0007798211180042314,0.0,0.00028629798058865674,0.0002447526570279468,0.0006468111153725697,0.0006330826102455278,0.0002727629581821267,0.0004258010552002922
kite,0.0003818784402307429,0.000519675081501747,0.0006802577482161176,0.0008238481625264527,0.00028629798058865674,0.0,0.00012499507581753555,0.0005911112711878275,0.000556148498534359,0.0005190134986525763,0.0006577812620424117
rightKite,0.0003582798770107587,0.0005093994066868168,0.0006030162522399074,0.0007428047269688598,0.0002447526570279468,0.00012499507581753555,0.0,0.0005484081023297005,0.0005132636030905635,0.0003318287883405935,0.0005316415324454482
rustedHinge,0.0005099080645571963,0.0004585372584354763,0.0005324531723533976,0.0006458997318773418,0.0006468111153725697,0.0005911112711878275,0.0005484081023297005,0.0,5.7754357152384195e-05,0.0005765923530531847,0.0005842957989362629
hinge,0.0004374097095914964,0.00034326945432561207,0.00041822693992465965,0.0005817448980768303,0.0006330826102455278,0.000556148498534359,0.0005132636030905635,5.7754357152384195e-05,2.220446049250313e-16,0.0005203484121513169,0.0005590501522486635
trapezoid,0.000421771661237913,0.0005240501393102281,0.0003760312473686245,0.0003999976183937104,0.0002727629581821267,0.0005190134986525763,0.0003318287883405935,0.0005765923530531847,0.0005203484121513169,0.0,0.0002306129943427937
random,0.0007078405025255918,0.0008577657340503864,0.0006434902257905772,0.0005042414646302396,0.0004258010552002922,0.0006577812620424117,0.0005316415324454482,0.0005842957989362629,0.0005590501522486635,0.0002306129943427937,2.220446049250313e-16
